COUNTRY,DATE,INDICATOR,VALUE,CATEGORY,QUARTER,YEAR
ERI,2025-01-01,policy_vacc,NO,Older adults,4,2024
ERI,2025-01-01,policy_vacc,NO,Older adults with chronic conditions,4,2024
ERI,2025-01-01,policy_vacc,NO,Adults,4,2024
ERI,2025-01-01,policy_vacc,NO,Adults with chronic conditions,4,2024
ERI,2025-01-01,policy_vacc,NO,Pregnant women,4,2024
ERI,2025-01-01,policy_vacc,NO,Health and care workers,4,2024
ERI,2025-01-01,policy_vacc,NO,Children & adolescents,4,2024
ERI,2025-01-01,policy_vacc,NO,Child. & ado. with chronic conditions,4,2024
ERI,2025-01-01,policy_vacc,NO,Other groups,4,2024
ERI,2025-01-01,policy_revacc,NO,Older adults,4,2024
ERI,2025-01-01,policy_revacc,NO,Older adults with chronic conditions,4,2024
ERI,2025-01-01,policy_revacc,NO,Adults,4,2024
ERI,2025-01-01,policy_revacc,NO,Adults with chronic conditions,4,2024
ERI,2025-01-01,policy_revacc,NO,Pregnant women,4,2024
ERI,2025-01-01,policy_revacc,NO,Health and care workers,4,2024
ERI,2025-01-01,policy_revacc,NO,Children & adolescents,4,2024
ERI,2025-01-01,policy_revacc,NO,Child. & ado. with chronic conditions,4,2024
ERI,2025-01-01,policy_revacc,NO,Other groups,4,2024
ERI,2025-01-01,policy_comment,,Adults,4,2024
ERI,2025-01-01,policy_comment,,Adults with chronic conditions,4,2024
ERI,2025-01-01,policy_comment,,Child. & ado. with chronic conditions,4,2024
ERI,2025-01-01,policy_comment,,Children & adolescents,4,2024
ERI,2025-01-01,policy_comment,,Health and care workers,4,2024
ERI,2025-01-01,policy_comment,,Older adults,4,2024
ERI,2025-01-01,policy_comment,,Older adults with chronic conditions,4,2024
ERI,2025-01-01,policy_comment,,Other groups,4,2024
ERI,2025-01-01,policy_comment,,Pregnant women,4,2024
ERI,2025-01-01,policy_revacc_interval,,Adults,4,2024
ERI,2025-01-01,policy_revacc_interval,,Adults with chronic conditions,4,2024
ERI,2025-01-01,policy_revacc_interval,,Child. & ado. with chronic conditions,4,2024
ERI,2025-01-01,policy_revacc_interval,,Children & adolescents,4,2024
ERI,2025-01-01,policy_revacc_interval,,Health and care workers,4,2024
ERI,2025-01-01,policy_revacc_interval,,Older adults,4,2024
ERI,2025-01-01,policy_revacc_interval,,Older adults with chronic conditions,4,2024
ERI,2025-01-01,policy_revacc_interval,,Other groups,4,2024
ERI,2025-01-01,policy_revacc_interval,,Pregnant women,4,2024
BTN,2025-01-01,policy_vacc,YES,Older adults,4,2024
BTN,2025-01-01,policy_vacc,YES,Older adults with chronic conditions,4,2024
BTN,2025-01-01,policy_vacc,YES,Adults,4,2024
BTN,2025-01-01,policy_vacc,YES,Adults with chronic conditions,4,2024
BTN,2025-01-01,policy_vacc,YES,Pregnant women,4,2024
BTN,2025-01-01,policy_vacc,YES,Health and care workers,4,2024
BTN,2025-01-01,policy_vacc,NO,Children & adolescents,4,2024
BTN,2025-01-01,policy_vacc,YES,Child. & ado. with chronic conditions,4,2024
BTN,2025-01-01,policy_vacc,NO,Other groups,4,2024
BTN,2025-01-01,policy_revacc,NO,Older adults,4,2024
BTN,2025-01-01,policy_revacc,NO,Older adults with chronic conditions,4,2024
BTN,2025-01-01,policy_revacc,NO,Adults,4,2024
BTN,2025-01-01,policy_revacc,NO,Adults with chronic conditions,4,2024
BTN,2025-01-01,policy_revacc,NO,Pregnant women,4,2024
BTN,2025-01-01,policy_revacc,NO,Health and care workers,4,2024
BTN,2025-01-01,policy_revacc,NO,Child. & ado. with chronic conditions,4,2024
BTN,2025-01-01,policy_comment,,Adults,4,2024
BTN,2025-01-01,policy_comment,,Adults with chronic conditions,4,2024
BTN,2025-01-01,policy_comment,,Child. & ado. with chronic conditions,4,2024
BTN,2025-01-01,policy_comment,,Children & adolescents,4,2024
BTN,2025-01-01,policy_comment,,Health and care workers,4,2024
BTN,2025-01-01,policy_comment,,Older adults,4,2024
BTN,2025-01-01,policy_comment,,Older adults with chronic conditions,4,2024
BTN,2025-01-01,policy_comment,,Other groups,4,2024
BTN,2025-01-01,policy_comment,,Pregnant women,4,2024
BTN,2025-01-01,policy_revacc,,Children & adolescents,4,2024
BTN,2025-01-01,policy_revacc,,Other groups,4,2024
BTN,2025-01-01,policy_revacc_interval,,Adults,4,2024
BTN,2025-01-01,policy_revacc_interval,,Adults with chronic conditions,4,2024
BTN,2025-01-01,policy_revacc_interval,,Child. & ado. with chronic conditions,4,2024
BTN,2025-01-01,policy_revacc_interval,,Children & adolescents,4,2024
BTN,2025-01-01,policy_revacc_interval,,Health and care workers,4,2024
BTN,2025-01-01,policy_revacc_interval,,Older adults,4,2024
BTN,2025-01-01,policy_revacc_interval,,Older adults with chronic conditions,4,2024
BTN,2025-01-01,policy_revacc_interval,,Other groups,4,2024
BTN,2025-01-01,policy_revacc_interval,,Pregnant women,4,2024
BTN,2024-04-01,date_product_start,2021-03-08T00:00:00Z,PFI-COMIRNATY-1,1,2024
BTN,2024-04-01,date_product_start,2021-03-16T00:00:00Z,BIB-INAC-SARS2-1,1,2024
BTN,2024-04-01,date_product_start,2021-06-06T00:00:00Z,ASZ-AZD1222-1,1,2024
BTN,2024-04-01,date_product_start,2001-06-22T00:00:00Z,MOC-MRNA-1273-1,1,2024
BTN,2024-04-01,date_product_start,2021-01-01T00:00:00Z,SII-COVISHIELD-1,1,2024
BTN,2024-04-01,status_product_use,YES,PFI-COMIRNATY-1,1,2024
BTN,2024-04-01,status_product_use,NO,BIB-INAC-SARS2-1,1,2024
BTN,2024-04-01,status_product_use,NO,ASZ-AZD1222-1,1,2024
BTN,2024-04-01,status_product_use,NO,MOC-MRNA-1273-1,1,2024
BTN,2024-04-01,status_product_use,NO,SII-COVISHIELD-1,1,2024
BTN,2024-07-01,date_product_start,2021-03-08T00:00:00Z,PFI-COMIRNATY-1,2,2024
BTN,2024-07-01,date_product_start,2021-03-16T00:00:00Z,BIB-INAC-SARS2-1,2,2024
BTN,2024-07-01,date_product_start,2021-06-06T00:00:00Z,ASZ-AZD1222-1,2,2024
BTN,2024-07-01,date_product_start,2001-06-22T00:00:00Z,MOC-MRNA-1273-1,2,2024
BTN,2024-07-01,date_product_start,2021-01-01T00:00:00Z,SII-COVISHIELD-1,2,2024
BTN,2024-07-01,status_product_use,YES,PFI-COMIRNATY-1,2,2024
BTN,2024-07-01,status_product_use,NO,BIB-INAC-SARS2-1,2,2024
BTN,2024-07-01,status_product_use,NO,ASZ-AZD1222-1,2,2024
BTN,2024-07-01,status_product_use,NO,MOC-MRNA-1273-1,2,2024
BTN,2024-07-01,status_product_use,NO,SII-COVISHIELD-1,2,2024
BTN,2024-04-01,policy_vacc,NO,Adults,1,2024
BTN,2024-04-01,policy_vacc,YES,Adults with chronic conditions,1,2024
BTN,2024-04-01,policy_vacc,NO,Pregnant women,1,2024
BTN,2024-04-01,policy_vacc,NO,Health and care workers,1,2024
BTN,2024-04-01,policy_vacc,NO,Children & adolescents,1,2024
BTN,2024-04-01,policy_vacc,NO,Child. & ado. with chronic conditions,1,2024
BTN,2024-04-01,policy_vacc,NO,Other groups,1,2024
BTN,2024-04-01,policy_vacc,YES,Older adults,1,2024
BTN,2024-04-01,policy_vacc,YES,Older adults with chronic conditions,1,2024
BTN,2024-04-01,policy_revacc,NO,Adults,1,2024
BTN,2024-04-01,policy_revacc,YES,Adults with chronic conditions,1,2024
BTN,2024-04-01,policy_revacc,NO,Pregnant women,1,2024
BTN,2024-04-01,policy_revacc,NO,Health and care workers,1,2024
BTN,2024-04-01,policy_revacc,NO,Children & adolescents,1,2024
BTN,2024-04-01,policy_revacc,NO,Child. & ado. with chronic conditions,1,2024
BTN,2024-04-01,policy_revacc,NO,Other groups,1,2024
BTN,2024-04-01,policy_revacc,YES,Older adults,1,2024
BTN,2024-04-01,policy_revacc,YES,Older adults with chronic conditions,1,2024
BTN,2024-04-01,policy_revacc_interval,6 months to 1 year,Adults with chronic conditions,1,2024
BTN,2024-04-01,policy_revacc_interval,6 months to 1 year,Older adults,1,2024
BTN,2024-04-01,policy_revacc_interval,6 months to 1 year,Older adults with chronic conditions,1,2024
BTN,2024-07-01,policy_vacc,YES,Older adults,2,2024
BTN,2024-07-01,policy_vacc,YES,Older adults with chronic conditions,2,2024
BTN,2024-07-01,policy_vacc,NO,Adults,2,2024
BTN,2024-07-01,policy_vacc,YES,Adults with chronic conditions,2,2024
BTN,2024-07-01,policy_vacc,NO,Pregnant women,2,2024
BTN,2024-07-01,policy_vacc,NO,Health and care workers,2,2024
BTN,2024-07-01,policy_vacc,NO,Children & adolescents,2,2024
BTN,2024-07-01,policy_vacc,NO,Child. & ado. with chronic conditions,2,2024
BTN,2024-07-01,policy_vacc,NO,Other groups,2,2024
BTN,2024-07-01,policy_revacc,YES,Older adults,2,2024
BTN,2024-07-01,policy_revacc,YES,Older adults with chronic conditions,2,2024
BTN,2024-07-01,policy_revacc,NO,Adults,2,2024
BTN,2024-07-01,policy_revacc,YES,Adults with chronic conditions,2,2024
BTN,2024-07-01,policy_revacc,NO,Pregnant women,2,2024
BTN,2024-07-01,policy_revacc,NO,Health and care workers,2,2024
BTN,2024-07-01,policy_revacc,NO,Children & adolescents,2,2024
BTN,2024-07-01,policy_revacc,NO,Child. & ado. with chronic conditions,2,2024
BTN,2024-07-01,policy_revacc,NO,Other groups,2,2024
BTN,2024-07-01,policy_revacc_interval,6 months to 1 year,Older adults,2,2024
BTN,2024-07-01,policy_revacc_interval,6 months to 1 year,Older adults with chronic conditions,2,2024
BTN,2024-07-01,policy_revacc_interval,6 months to 1 year,Adults with chronic conditions,2,2024
NAM,2025-01-01,policy_comment,,Adults,4,2024
NAM,2025-01-01,policy_comment,,Adults with chronic conditions,4,2024
NAM,2025-01-01,policy_comment,,Child. & ado. with chronic conditions,4,2024
NAM,2025-01-01,policy_comment,,Children & adolescents,4,2024
NAM,2025-01-01,policy_comment,,Health and care workers,4,2024
NAM,2025-01-01,policy_comment,,Older adults,4,2024
NAM,2025-01-01,policy_comment,,Older adults with chronic conditions,4,2024
NAM,2025-01-01,policy_comment,,Other groups,4,2024
NAM,2025-01-01,policy_comment,,Pregnant women,4,2024
NAM,2025-01-01,policy_revacc,,Adults,4,2024
NAM,2025-01-01,policy_revacc,,Adults with chronic conditions,4,2024
NAM,2025-01-01,policy_revacc,,Child. & ado. with chronic conditions,4,2024
NAM,2025-01-01,policy_revacc,,Children & adolescents,4,2024
NAM,2025-01-01,policy_revacc,,Health and care workers,4,2024
NAM,2025-01-01,policy_revacc,,Older adults,4,2024
NAM,2025-01-01,policy_revacc,,Older adults with chronic conditions,4,2024
NAM,2025-01-01,policy_revacc,,Other groups,4,2024
NAM,2025-01-01,policy_revacc,,Pregnant women,4,2024
NAM,2025-01-01,policy_revacc_interval,,Adults,4,2024
NAM,2025-01-01,policy_revacc_interval,,Adults with chronic conditions,4,2024
NAM,2025-01-01,policy_revacc_interval,,Child. & ado. with chronic conditions,4,2024
NAM,2025-01-01,policy_revacc_interval,,Children & adolescents,4,2024
NAM,2025-01-01,policy_revacc_interval,,Health and care workers,4,2024
NAM,2025-01-01,policy_revacc_interval,,Older adults,4,2024
NAM,2025-01-01,policy_revacc_interval,,Older adults with chronic conditions,4,2024
NAM,2025-01-01,policy_revacc_interval,,Other groups,4,2024
NAM,2025-01-01,policy_revacc_interval,,Pregnant women,4,2024
NAM,2025-01-01,policy_vacc,,Adults,4,2024
NAM,2025-01-01,policy_vacc,,Adults with chronic conditions,4,2024
NAM,2025-01-01,policy_vacc,,Child. & ado. with chronic conditions,4,2024
NAM,2025-01-01,policy_vacc,,Children & adolescents,4,2024
NAM,2025-01-01,policy_vacc,,Health and care workers,4,2024
NAM,2025-01-01,policy_vacc,,Older adults,4,2024
NAM,2025-01-01,policy_vacc,,Older adults with chronic conditions,4,2024
NAM,2025-01-01,policy_vacc,,Other groups,4,2024
NAM,2025-01-01,policy_vacc,,Pregnant women,4,2024
IRN,2024-04-01,policy_vacc,YES,Older adults,1,2024
IRN,2024-04-01,policy_vacc,YES,Older adults with chronic conditions,1,2024
IRN,2024-04-01,policy_vacc,YES,Adults,1,2024
IRN,2024-04-01,policy_vacc,YES,Adults with chronic conditions,1,2024
IRN,2024-04-01,policy_vacc,YES,Pregnant women,1,2024
IRN,2024-04-01,policy_vacc,YES,Health and care workers,1,2024
IRN,2024-04-01,policy_vacc,YES,Children & adolescents,1,2024
IRN,2024-04-01,policy_vacc,YES,Child. & ado. with chronic conditions,1,2024
IRN,2024-04-01,policy_revacc,YES,Older adults,1,2024
IRN,2024-04-01,policy_revacc,YES,Older adults with chronic conditions,1,2024
IRN,2024-04-01,policy_revacc,NO,Adults,1,2024
IRN,2024-04-01,policy_revacc,YES,Adults with chronic conditions,1,2024
IRN,2024-04-01,policy_revacc,NO,Pregnant women,1,2024
IRN,2024-04-01,policy_revacc,YES,Health and care workers,1,2024
IRN,2024-04-01,policy_revacc,NO,Children & adolescents,1,2024
IRN,2024-04-01,policy_revacc,YES,Child. & ado. with chronic conditions,1,2024
IRN,2024-04-01,policy_revacc_interval,12 m,Older adults,1,2024
IRN,2024-04-01,policy_revacc_interval,12 m,Older adults with chronic conditions,1,2024
IRN,2024-04-01,policy_revacc_interval,12 m,Adults with chronic conditions,1,2024
IRN,2024-04-01,policy_revacc_interval,12 m,Health and care workers,1,2024
IRN,2024-04-01,policy_revacc_interval,12 m,Child. & ado. with chronic conditions,1,2024
IRN,2025-01-01,policy_vacc,NO,Older adults with chronic conditions,4,2024
IRN,2025-01-01,policy_vacc,NO,Older adults,4,2024
IRN,2025-01-01,policy_vacc,NO,Adults,4,2024
IRN,2025-01-01,policy_vacc,NO,Adults with chronic conditions,4,2024
IRN,2025-01-01,policy_vacc,NO,Pregnant women,4,2024
IRN,2025-01-01,policy_vacc,NO,Health and care workers,4,2024
IRN,2025-01-01,policy_vacc,NO,Children & adolescents,4,2024
IRN,2025-01-01,policy_vacc,NO,Child. & ado. with chronic conditions,4,2024
IRN,2025-01-01,policy_vacc,NO,Other groups,4,2024
IRN,2025-01-01,policy_comment,,Adults,4,2024
IRN,2025-01-01,policy_comment,,Adults with chronic conditions,4,2024
IRN,2025-01-01,policy_comment,,Child. & ado. with chronic conditions,4,2024
IRN,2025-01-01,policy_comment,,Children & adolescents,4,2024
IRN,2025-01-01,policy_comment,,Health and care workers,4,2024
IRN,2025-01-01,policy_comment,,Older adults,4,2024
IRN,2025-01-01,policy_comment,,Older adults with chronic conditions,4,2024
IRN,2025-01-01,policy_comment,,Other groups,4,2024
IRN,2025-01-01,policy_comment,,Pregnant women,4,2024
IRN,2025-01-01,policy_revacc,,Adults,4,2024
IRN,2025-01-01,policy_revacc,,Adults with chronic conditions,4,2024
IRN,2025-01-01,policy_revacc,,Child. & ado. with chronic conditions,4,2024
IRN,2025-01-01,policy_revacc,,Children & adolescents,4,2024
IRN,2025-01-01,policy_revacc,,Health and care workers,4,2024
IRN,2025-01-01,policy_revacc,,Older adults,4,2024
IRN,2025-01-01,policy_revacc,,Older adults with chronic conditions,4,2024
IRN,2025-01-01,policy_revacc,,Other groups,4,2024
IRN,2025-01-01,policy_revacc,,Pregnant women,4,2024
IRN,2025-01-01,policy_revacc_interval,,Adults,4,2024
IRN,2025-01-01,policy_revacc_interval,,Adults with chronic conditions,4,2024
IRN,2025-01-01,policy_revacc_interval,,Child. & ado. with chronic conditions,4,2024
IRN,2025-01-01,policy_revacc_interval,,Children & adolescents,4,2024
IRN,2025-01-01,policy_revacc_interval,,Health and care workers,4,2024
IRN,2025-01-01,policy_revacc_interval,,Older adults,4,2024
IRN,2025-01-01,policy_revacc_interval,,Older adults with chronic conditions,4,2024
IRN,2025-01-01,policy_revacc_interval,,Other groups,4,2024
IRN,2025-01-01,policy_revacc_interval,,Pregnant women,4,2024
KEN,2025-01-01,policy_comment,,Adults with chronic conditions,4,2024
KEN,2025-01-01,policy_comment,,Child. & ado. with chronic conditions,4,2024
KEN,2025-01-01,policy_comment,,Health and care workers,4,2024
KEN,2025-01-01,policy_comment,,Older adults with chronic conditions,4,2024
KEN,2025-01-01,policy_comment,,Pregnant women,4,2024
KEN,2025-01-01,policy_revacc,,Adults with chronic conditions,4,2024
KEN,2025-01-01,policy_revacc,,Child. & ado. with chronic conditions,4,2024
KEN,2025-01-01,policy_revacc,,Health and care workers,4,2024
KEN,2025-01-01,policy_revacc,,Older adults with chronic conditions,4,2024
KEN,2025-01-01,policy_revacc,,Pregnant women,4,2024
KEN,2025-01-01,policy_revacc_interval,,Adults with chronic conditions,4,2024
KEN,2025-01-01,policy_revacc_interval,,Child. & ado. with chronic conditions,4,2024
KEN,2025-01-01,policy_revacc_interval,,Health and care workers,4,2024
KEN,2025-01-01,policy_revacc_interval,,Older adults with chronic conditions,4,2024
KEN,2025-01-01,policy_revacc_interval,,Pregnant women,4,2024
KEN,2025-01-01,policy_vacc,,Adults with chronic conditions,4,2024
KEN,2025-01-01,policy_vacc,,Child. & ado. with chronic conditions,4,2024
KEN,2025-01-01,policy_vacc,,Health and care workers,4,2024
KEN,2025-01-01,policy_vacc,,Older adults with chronic conditions,4,2024
KEN,2025-01-01,policy_vacc,,Pregnant women,4,2024
KEN,2025-01-01,policy_vacc,YES,Older adults,4,2024
KEN,2025-01-01,policy_vacc,YES,Adults,4,2024
KEN,2025-01-01,policy_vacc,YES,Children & adolescents,4,2024
KEN,2025-01-01,policy_vacc,YES,Other groups,4,2024
KEN,2025-01-01,policy_revacc,YES,Older adults,4,2024
KEN,2025-01-01,policy_revacc,YES,Adults,4,2024
KEN,2025-01-01,policy_revacc,YES,Children & adolescents,4,2024
KEN,2025-01-01,policy_revacc,YES,Other groups,4,2024
KEN,2025-01-01,policy_revacc_interval,6_MONTHS,Older adults,4,2024
KEN,2025-01-01,policy_revacc_interval,6_MONTHS,Adults,4,2024
KEN,2025-01-01,policy_revacc_interval,6_MONTHS,Children & adolescents,4,2024
KEN,2025-01-01,policy_revacc_interval,6_MONTHS,Other groups,4,2024
KEN,2025-01-01,policy_comment,60 + year old adults,Older adults,4,2024
KEN,2025-01-01,policy_comment,Yes,Adults,4,2024
KEN,2025-01-01,policy_comment,15 years and younger,Children & adolescents,4,2024
KEN,2025-01-01,policy_comment,Below 60 year olds,Other groups,4,2024
COM,2025-01-01,policy_vacc,YES,Adults,4,2024
COM,2025-01-01,policy_vacc,YES,Adults with chronic conditions,4,2024
COM,2025-01-01,policy_vacc,YES,Pregnant women,4,2024
COM,2025-01-01,policy_vacc,YES,Health and care workers,4,2024
COM,2025-01-01,policy_vacc,YES,Children & adolescents,4,2024
COM,2025-01-01,policy_vacc,YES,Child. & ado. with chronic conditions,4,2024
COM,2025-01-01,policy_vacc,YES,Older adults,4,2024
COM,2025-01-01,policy_vacc,YES,Older adults with chronic conditions,4,2024
COM,2025-01-01,policy_revacc,YES,Adults,4,2024
COM,2025-01-01,policy_revacc,YES,Adults with chronic conditions,4,2024
COM,2025-01-01,policy_revacc,YES,Pregnant women,4,2024
COM,2025-01-01,policy_revacc,YES,Health and care workers,4,2024
COM,2025-01-01,policy_revacc,YES,Children & adolescents,4,2024
COM,2025-01-01,policy_revacc,YES,Child. & ado. with chronic conditions,4,2024
COM,2025-01-01,policy_revacc,YES,Older adults,4,2024
COM,2025-01-01,policy_revacc,YES,Older adults with chronic conditions,4,2024
COM,2025-01-01,policy_revacc_interval,6_MONTHS,Adults,4,2024
COM,2025-01-01,policy_revacc_interval,6_MONTHS,Adults with chronic conditions,4,2024
COM,2025-01-01,policy_revacc_interval,6_MONTHS,Pregnant women,4,2024
COM,2025-01-01,policy_revacc_interval,6_MONTHS,Health and care workers,4,2024
COM,2025-01-01,policy_revacc_interval,6_MONTHS,Children & adolescents,4,2024
COM,2025-01-01,policy_revacc_interval,6_MONTHS,Child. & ado. with chronic conditions,4,2024
COM,2025-01-01,policy_revacc_interval,6_MONTHS,Older adults,4,2024
COM,2025-01-01,policy_revacc_interval,6_MONTHS,Older adults with chronic conditions,4,2024
COM,2025-01-01,policy_comment,,Adults,4,2024
COM,2025-01-01,policy_comment,,Adults with chronic conditions,4,2024
COM,2025-01-01,policy_comment,,Child. & ado. with chronic conditions,4,2024
COM,2025-01-01,policy_comment,,Children & adolescents,4,2024
COM,2025-01-01,policy_comment,,Health and care workers,4,2024
COM,2025-01-01,policy_comment,,Older adults,4,2024
COM,2025-01-01,policy_comment,,Older adults with chronic conditions,4,2024
COM,2025-01-01,policy_comment,,Other groups,4,2024
COM,2025-01-01,policy_comment,,Pregnant women,4,2024
COM,2025-01-01,policy_revacc,,Other groups,4,2024
COM,2025-01-01,policy_revacc_interval,,Other groups,4,2024
COM,2025-01-01,policy_vacc,,Other groups,4,2024
MOZ,2025-01-01,policy_comment,,Adults,4,2024
MOZ,2025-01-01,policy_comment,,Adults with chronic conditions,4,2024
MOZ,2025-01-01,policy_comment,,Child. & ado. with chronic conditions,4,2024
MOZ,2025-01-01,policy_comment,,Children & adolescents,4,2024
MOZ,2025-01-01,policy_comment,,Health and care workers,4,2024
MOZ,2025-01-01,policy_comment,,Older adults,4,2024
MOZ,2025-01-01,policy_comment,,Older adults with chronic conditions,4,2024
MOZ,2025-01-01,policy_comment,,Other groups,4,2024
MOZ,2025-01-01,policy_comment,,Pregnant women,4,2024
MOZ,2025-01-01,policy_revacc,,Adults,4,2024
MOZ,2025-01-01,policy_revacc,,Adults with chronic conditions,4,2024
MOZ,2025-01-01,policy_revacc,,Child. & ado. with chronic conditions,4,2024
MOZ,2025-01-01,policy_revacc,,Children & adolescents,4,2024
MOZ,2025-01-01,policy_revacc,,Health and care workers,4,2024
MOZ,2025-01-01,policy_revacc,,Older adults,4,2024
MOZ,2025-01-01,policy_revacc,,Older adults with chronic conditions,4,2024
MOZ,2025-01-01,policy_revacc,,Other groups,4,2024
MOZ,2025-01-01,policy_revacc,,Pregnant women,4,2024
MOZ,2025-01-01,policy_revacc_interval,,Adults,4,2024
MOZ,2025-01-01,policy_revacc_interval,,Adults with chronic conditions,4,2024
MOZ,2025-01-01,policy_revacc_interval,,Child. & ado. with chronic conditions,4,2024
MOZ,2025-01-01,policy_revacc_interval,,Children & adolescents,4,2024
MOZ,2025-01-01,policy_revacc_interval,,Health and care workers,4,2024
MOZ,2025-01-01,policy_revacc_interval,,Older adults,4,2024
MOZ,2025-01-01,policy_revacc_interval,,Older adults with chronic conditions,4,2024
MOZ,2025-01-01,policy_revacc_interval,,Other groups,4,2024
MOZ,2025-01-01,policy_revacc_interval,,Pregnant women,4,2024
MOZ,2025-01-01,policy_vacc,,Adults,4,2024
MOZ,2025-01-01,policy_vacc,,Adults with chronic conditions,4,2024
MOZ,2025-01-01,policy_vacc,,Child. & ado. with chronic conditions,4,2024
MOZ,2025-01-01,policy_vacc,,Children & adolescents,4,2024
MOZ,2025-01-01,policy_vacc,,Health and care workers,4,2024
MOZ,2025-01-01,policy_vacc,,Older adults,4,2024
MOZ,2025-01-01,policy_vacc,,Older adults with chronic conditions,4,2024
MOZ,2025-01-01,policy_vacc,,Other groups,4,2024
MOZ,2025-01-01,policy_vacc,,Pregnant women,4,2024
VNM,2025-01-01,policy_comment,,Adults,4,2024
VNM,2025-01-01,policy_comment,,Adults with chronic conditions,4,2024
VNM,2025-01-01,policy_comment,,Child. & ado. with chronic conditions,4,2024
VNM,2025-01-01,policy_comment,,Children & adolescents,4,2024
VNM,2025-01-01,policy_comment,,Health and care workers,4,2024
VNM,2025-01-01,policy_comment,,Older adults with chronic conditions,4,2024
VNM,2025-01-01,policy_comment,,Other groups,4,2024
VNM,2025-01-01,policy_revacc_interval,,Adults,4,2024
VNM,2025-01-01,policy_revacc_interval,,Adults with chronic conditions,4,2024
VNM,2025-01-01,policy_revacc_interval,,Child. & ado. with chronic conditions,4,2024
VNM,2025-01-01,policy_revacc_interval,,Children & adolescents,4,2024
VNM,2025-01-01,policy_revacc_interval,,Other groups,4,2024
VNM,2025-01-01,policy_vacc,YES,Older adults,4,2024
VNM,2025-01-01,policy_vacc,YES,Adults with chronic conditions,4,2024
VNM,2025-01-01,policy_vacc,YES,Pregnant women,4,2024
VNM,2025-01-01,policy_vacc,YES,Health and care workers,4,2024
VNM,2025-01-01,policy_vacc,NO,Children & adolescents,4,2024
VNM,2025-01-01,policy_vacc,NO,Child. & ado. with chronic conditions,4,2024
VNM,2025-01-01,policy_vacc,NO,Other groups,4,2024
VNM,2025-01-01,policy_vacc,YES,Older adults with chronic conditions,4,2024
VNM,2025-01-01,policy_vacc,YES,Adults,4,2024
VNM,2025-01-01,policy_revacc_interval,6_MONTHS,Older adults,4,2024
VNM,2025-01-01,policy_revacc_interval,OTHER,Pregnant women,4,2024
VNM,2025-01-01,policy_revacc_interval,6_MONTHS,Health and care workers,4,2024
VNM,2025-01-01,policy_revacc_interval,6_MONTHS,Older adults with chronic conditions,4,2024
VNM,2025-01-01,policy_comment,Older adults are adults above 50 years old,Older adults,4,2024
VNM,2025-01-01,policy_comment,Every pregnancy,Pregnant women,4,2024
VNM,2025-01-01,policy_revacc,YES,Older adults,4,2024
VNM,2025-01-01,policy_revacc,NO,Adults with chronic conditions,4,2024
VNM,2025-01-01,policy_revacc,YES,Pregnant women,4,2024
VNM,2025-01-01,policy_revacc,YES,Health and care workers,4,2024
VNM,2025-01-01,policy_revacc,NO,Children & adolescents,4,2024
VNM,2025-01-01,policy_revacc,NO,Child. & ado. with chronic conditions,4,2024
VNM,2025-01-01,policy_revacc,NO,Other groups,4,2024
VNM,2025-01-01,policy_revacc,YES,Older adults with chronic conditions,4,2024
VNM,2025-01-01,policy_revacc,NO,Adults,4,2024
IND,2025-01-01,policy_comment,,Adults,4,2024
IND,2025-01-01,policy_comment,,Adults with chronic conditions,4,2024
IND,2025-01-01,policy_comment,,Child. & ado. with chronic conditions,4,2024
IND,2025-01-01,policy_comment,,Children & adolescents,4,2024
IND,2025-01-01,policy_comment,,Health and care workers,4,2024
IND,2025-01-01,policy_comment,,Older adults,4,2024
IND,2025-01-01,policy_comment,,Older adults with chronic conditions,4,2024
IND,2025-01-01,policy_comment,,Other groups,4,2024
IND,2025-01-01,policy_comment,,Pregnant women,4,2024
IND,2025-01-01,policy_revacc,,Adults,4,2024
IND,2025-01-01,policy_revacc,,Adults with chronic conditions,4,2024
IND,2025-01-01,policy_revacc,,Child. & ado. with chronic conditions,4,2024
IND,2025-01-01,policy_revacc,,Children & adolescents,4,2024
IND,2025-01-01,policy_revacc,,Health and care workers,4,2024
IND,2025-01-01,policy_revacc,,Older adults,4,2024
IND,2025-01-01,policy_revacc,,Older adults with chronic conditions,4,2024
IND,2025-01-01,policy_revacc,,Other groups,4,2024
IND,2025-01-01,policy_revacc,,Pregnant women,4,2024
IND,2025-01-01,policy_revacc_interval,,Adults,4,2024
IND,2025-01-01,policy_revacc_interval,,Adults with chronic conditions,4,2024
IND,2025-01-01,policy_revacc_interval,,Child. & ado. with chronic conditions,4,2024
IND,2025-01-01,policy_revacc_interval,,Children & adolescents,4,2024
IND,2025-01-01,policy_revacc_interval,,Health and care workers,4,2024
IND,2025-01-01,policy_revacc_interval,,Older adults,4,2024
IND,2025-01-01,policy_revacc_interval,,Older adults with chronic conditions,4,2024
IND,2025-01-01,policy_revacc_interval,,Other groups,4,2024
IND,2025-01-01,policy_revacc_interval,,Pregnant women,4,2024
IND,2025-01-01,policy_vacc,,Adults,4,2024
IND,2025-01-01,policy_vacc,,Adults with chronic conditions,4,2024
IND,2025-01-01,policy_vacc,,Child. & ado. with chronic conditions,4,2024
IND,2025-01-01,policy_vacc,,Children & adolescents,4,2024
IND,2025-01-01,policy_vacc,,Health and care workers,4,2024
IND,2025-01-01,policy_vacc,,Older adults,4,2024
IND,2025-01-01,policy_vacc,,Older adults with chronic conditions,4,2024
IND,2025-01-01,policy_vacc,,Other groups,4,2024
IND,2025-01-01,policy_vacc,,Pregnant women,4,2024
BGR,2025-01-01,policy_comment,,Adults with chronic conditions,4,2024
BGR,2025-01-01,policy_comment,,Child. & ado. with chronic conditions,4,2024
BGR,2025-01-01,policy_comment,,Health and care workers,4,2024
BGR,2025-01-01,policy_comment,,Older adults with chronic conditions,4,2024
BGR,2025-01-01,policy_revacc_interval,,Pregnant women,4,2024
BGR,2025-01-01,policy_revacc_interval,6_MONTHS,Health and care workers,4,2024
BGR,2025-01-01,policy_revacc_interval,6_MONTHS,Adults,4,2024
BGR,2025-01-01,policy_revacc_interval,6_MONTHS,Children & adolescents,4,2024
BGR,2025-01-01,policy_revacc_interval,6_MONTHS,Child. & ado. with chronic conditions,4,2024
BGR,2025-01-01,policy_revacc_interval,6_MONTHS,Adults with chronic conditions,4,2024
BGR,2025-01-01,policy_revacc_interval,6_MONTHS,Other groups,4,2024
BGR,2025-01-01,policy_revacc_interval,6_MONTHS,Older adults,4,2024
BGR,2025-01-01,policy_revacc_interval,6_MONTHS,Older adults with chronic conditions,4,2024
BGR,2025-01-01,policy_comment,1-3,Pregnant women,4,2024
BGR,2025-01-01,policy_comment,18,Adults,4,2024
BGR,2025-01-01,policy_comment,6M,Children & adolescents,4,2024
BGR,2025-01-01,policy_comment,for elderly in social institutions and nursing homes,Other groups,4,2024
BGR,2025-01-01,policy_comment,60,Older adults,4,2024
BGR,2025-01-01,policy_revacc,YES,Pregnant women,4,2024
BGR,2025-01-01,policy_revacc,YES,Health and care workers,4,2024
BGR,2025-01-01,policy_revacc,YES,Adults,4,2024
BGR,2025-01-01,policy_revacc,YES,Children & adolescents,4,2024
BGR,2025-01-01,policy_revacc,YES,Child. & ado. with chronic conditions,4,2024
BGR,2025-01-01,policy_revacc,YES,Adults with chronic conditions,4,2024
BGR,2025-01-01,policy_revacc,YES,Other groups,4,2024
BGR,2025-01-01,policy_revacc,YES,Older adults,4,2024
BGR,2025-01-01,policy_revacc,YES,Older adults with chronic conditions,4,2024
BGR,2025-01-01,policy_vacc,YES,Pregnant women,4,2024
BGR,2025-01-01,policy_vacc,YES,Health and care workers,4,2024
BGR,2025-01-01,policy_vacc,YES,Adults,4,2024
BGR,2025-01-01,policy_vacc,YES,Children & adolescents,4,2024
BGR,2025-01-01,policy_vacc,YES,Child. & ado. with chronic conditions,4,2024
BGR,2025-01-01,policy_vacc,YES,Adults with chronic conditions,4,2024
BGR,2025-01-01,policy_vacc,YES,Other groups,4,2024
BGR,2025-01-01,policy_vacc,YES,Older adults,4,2024
BGR,2025-01-01,policy_vacc,YES,Older adults with chronic conditions,4,2024
MYS,2025-01-01,policy_comment,,Adults,4,2024
MYS,2025-01-01,policy_comment,,Adults with chronic conditions,4,2024
MYS,2025-01-01,policy_comment,,Children & adolescents,4,2024
MYS,2025-01-01,policy_comment,,Older adults with chronic conditions,4,2024
MYS,2025-01-01,policy_comment,,Other groups,4,2024
MYS,2025-01-01,policy_revacc_interval,,Adults,4,2024
MYS,2025-01-01,policy_revacc_interval,,Children & adolescents,4,2024
MYS,2025-01-01,policy_revacc_interval,,Other groups,4,2024
MYS,2025-01-01,policy_vacc,YES,Older adults,4,2024
MYS,2025-01-01,policy_vacc,YES,Older adults with chronic conditions,4,2024
MYS,2025-01-01,policy_vacc,NO,Adults,4,2024
MYS,2025-01-01,policy_vacc,YES,Adults with chronic conditions,4,2024
MYS,2025-01-01,policy_vacc,YES,Pregnant women,4,2024
MYS,2025-01-01,policy_vacc,YES,Health and care workers,4,2024
MYS,2025-01-01,policy_vacc,NO,Children & adolescents,4,2024
MYS,2025-01-01,policy_vacc,YES,Child. & ado. with chronic conditions,4,2024
MYS,2025-01-01,policy_vacc,NO,Other groups,4,2024
MYS,2025-01-01,policy_revacc,YES,Older adults,4,2024
MYS,2025-01-01,policy_revacc,YES,Older adults with chronic conditions,4,2024
MYS,2025-01-01,policy_revacc,NO,Adults,4,2024
MYS,2025-01-01,policy_revacc,YES,Adults with chronic conditions,4,2024
MYS,2025-01-01,policy_revacc,YES,Pregnant women,4,2024
MYS,2025-01-01,policy_revacc,YES,Health and care workers,4,2024
MYS,2025-01-01,policy_revacc,NO,Children & adolescents,4,2024
MYS,2025-01-01,policy_revacc,YES,Child. & ado. with chronic conditions,4,2024
MYS,2025-01-01,policy_revacc,NO,Other groups,4,2024
MYS,2025-01-01,policy_revacc_interval,6_MONTHS,Older adults,4,2024
MYS,2025-01-01,policy_revacc_interval,12_MONTHS,Older adults with chronic conditions,4,2024
MYS,2025-01-01,policy_revacc_interval,12_MONTHS,Adults with chronic conditions,4,2024
MYS,2025-01-01,policy_revacc_interval,12_MONTHS,Pregnant women,4,2024
MYS,2025-01-01,policy_revacc_interval,12_MONTHS,Health and care workers,4,2024
MYS,2025-01-01,policy_revacc_interval,12_MONTHS,Child. & ado. with chronic conditions,4,2024
MYS,2025-01-01,policy_comment,60 years old,Older adults,4,2024
MYS,2025-01-01,policy_comment,14 weeks POA,Pregnant women,4,2024
MYS,2025-01-01,policy_comment,fronliner HCW,Health and care workers,4,2024
MYS,2025-01-01,policy_comment,12 years and above,Child. & ado. with chronic conditions,4,2024
VEN,2025-01-01,policy_comment,,Adults,4,2024
VEN,2025-01-01,policy_comment,,Adults with chronic conditions,4,2024
VEN,2025-01-01,policy_comment,,Child. & ado. with chronic conditions,4,2024
VEN,2025-01-01,policy_comment,,Children & adolescents,4,2024
VEN,2025-01-01,policy_comment,,Health and care workers,4,2024
VEN,2025-01-01,policy_comment,,Older adults,4,2024
VEN,2025-01-01,policy_comment,,Older adults with chronic conditions,4,2024
VEN,2025-01-01,policy_comment,,Other groups,4,2024
VEN,2025-01-01,policy_comment,,Pregnant women,4,2024
VEN,2025-01-01,policy_revacc,,Adults,4,2024
VEN,2025-01-01,policy_revacc,,Adults with chronic conditions,4,2024
VEN,2025-01-01,policy_revacc,,Child. & ado. with chronic conditions,4,2024
VEN,2025-01-01,policy_revacc,,Children & adolescents,4,2024
VEN,2025-01-01,policy_revacc,,Health and care workers,4,2024
VEN,2025-01-01,policy_revacc,,Older adults,4,2024
VEN,2025-01-01,policy_revacc,,Older adults with chronic conditions,4,2024
VEN,2025-01-01,policy_revacc,,Other groups,4,2024
VEN,2025-01-01,policy_revacc,,Pregnant women,4,2024
VEN,2025-01-01,policy_revacc_interval,,Adults,4,2024
VEN,2025-01-01,policy_revacc_interval,,Adults with chronic conditions,4,2024
VEN,2025-01-01,policy_revacc_interval,,Child. & ado. with chronic conditions,4,2024
VEN,2025-01-01,policy_revacc_interval,,Children & adolescents,4,2024
VEN,2025-01-01,policy_revacc_interval,,Health and care workers,4,2024
VEN,2025-01-01,policy_revacc_interval,,Older adults,4,2024
VEN,2025-01-01,policy_revacc_interval,,Older adults with chronic conditions,4,2024
VEN,2025-01-01,policy_revacc_interval,,Other groups,4,2024
VEN,2025-01-01,policy_revacc_interval,,Pregnant women,4,2024
VEN,2025-01-01,policy_vacc,,Adults,4,2024
VEN,2025-01-01,policy_vacc,,Adults with chronic conditions,4,2024
VEN,2025-01-01,policy_vacc,,Child. & ado. with chronic conditions,4,2024
VEN,2025-01-01,policy_vacc,,Children & adolescents,4,2024
VEN,2025-01-01,policy_vacc,,Health and care workers,4,2024
VEN,2025-01-01,policy_vacc,,Older adults,4,2024
VEN,2025-01-01,policy_vacc,,Older adults with chronic conditions,4,2024
VEN,2025-01-01,policy_vacc,,Other groups,4,2024
VEN,2025-01-01,policy_vacc,,Pregnant women,4,2024
BHS,2025-01-01,policy_vacc,YES,Older adults,4,2024
BHS,2025-01-01,policy_vacc,YES,Older adults with chronic conditions,4,2024
BHS,2025-01-01,policy_vacc,YES,Adults with chronic conditions,4,2024
BHS,2025-01-01,policy_vacc,YES,Pregnant women,4,2024
BHS,2025-01-01,policy_vacc,YES,Health and care workers,4,2024
BHS,2025-01-01,policy_vacc,YES,Children & adolescents,4,2024
BHS,2025-01-01,policy_vacc,YES,Child. & ado. with chronic conditions,4,2024
BHS,2025-01-01,policy_vacc,YES,Adults,4,2024
BHS,2025-01-01,policy_revacc,YES,Older adults,4,2024
BHS,2025-01-01,policy_revacc,YES,Older adults with chronic conditions,4,2024
BHS,2025-01-01,policy_revacc,YES,Adults with chronic conditions,4,2024
BHS,2025-01-01,policy_revacc,YES,Pregnant women,4,2024
BHS,2025-01-01,policy_revacc,YES,Health and care workers,4,2024
BHS,2025-01-01,policy_revacc,YES,Children & adolescents,4,2024
BHS,2025-01-01,policy_revacc,YES,Child. & ado. with chronic conditions,4,2024
BHS,2025-01-01,policy_revacc,YES,Adults,4,2024
BHS,2025-01-01,policy_revacc_interval,12_MONTHS,Older adults,4,2024
BHS,2025-01-01,policy_revacc_interval,12_MONTHS,Older adults with chronic conditions,4,2024
BHS,2025-01-01,policy_revacc_interval,12_MONTHS,Adults with chronic conditions,4,2024
BHS,2025-01-01,policy_revacc_interval,12_MONTHS,Pregnant women,4,2024
BHS,2025-01-01,policy_revacc_interval,12_MONTHS,Health and care workers,4,2024
BHS,2025-01-01,policy_revacc_interval,12_MONTHS,Children & adolescents,4,2024
BHS,2025-01-01,policy_revacc_interval,12_MONTHS,Child. & ado. with chronic conditions,4,2024
BHS,2025-01-01,policy_revacc_interval,12_MONTHS,Adults,4,2024
BHS,2025-01-01,policy_comment,,Adults,4,2024
BHS,2025-01-01,policy_comment,,Adults with chronic conditions,4,2024
BHS,2025-01-01,policy_comment,,Child. & ado. with chronic conditions,4,2024
BHS,2025-01-01,policy_comment,,Children & adolescents,4,2024
BHS,2025-01-01,policy_comment,,Health and care workers,4,2024
BHS,2025-01-01,policy_comment,,Older adults,4,2024
BHS,2025-01-01,policy_comment,,Older adults with chronic conditions,4,2024
BHS,2025-01-01,policy_comment,,Other groups,4,2024
BHS,2025-01-01,policy_comment,,Pregnant women,4,2024
BHS,2025-01-01,policy_revacc,,Other groups,4,2024
BHS,2025-01-01,policy_revacc_interval,,Other groups,4,2024
BHS,2025-01-01,policy_vacc,,Other groups,4,2024
GEO,2025-01-01,policy_comment,,Adults,4,2024
GEO,2025-01-01,policy_comment,,Adults with chronic conditions,4,2024
GEO,2025-01-01,policy_comment,,Child. & ado. with chronic conditions,4,2024
GEO,2025-01-01,policy_comment,,Children & adolescents,4,2024
GEO,2025-01-01,policy_comment,,Health and care workers,4,2024
GEO,2025-01-01,policy_comment,,Older adults,4,2024
GEO,2025-01-01,policy_comment,,Older adults with chronic conditions,4,2024
GEO,2025-01-01,policy_comment,,Other groups,4,2024
GEO,2025-01-01,policy_comment,,Pregnant women,4,2024
GEO,2025-01-01,policy_revacc,,Adults,4,2024
GEO,2025-01-01,policy_revacc,,Adults with chronic conditions,4,2024
GEO,2025-01-01,policy_revacc,,Child. & ado. with chronic conditions,4,2024
GEO,2025-01-01,policy_revacc,,Children & adolescents,4,2024
GEO,2025-01-01,policy_revacc,,Health and care workers,4,2024
GEO,2025-01-01,policy_revacc,,Older adults,4,2024
GEO,2025-01-01,policy_revacc,,Older adults with chronic conditions,4,2024
GEO,2025-01-01,policy_revacc,,Other groups,4,2024
GEO,2025-01-01,policy_revacc,,Pregnant women,4,2024
GEO,2025-01-01,policy_revacc_interval,,Adults,4,2024
GEO,2025-01-01,policy_revacc_interval,,Adults with chronic conditions,4,2024
GEO,2025-01-01,policy_revacc_interval,,Child. & ado. with chronic conditions,4,2024
GEO,2025-01-01,policy_revacc_interval,,Children & adolescents,4,2024
GEO,2025-01-01,policy_revacc_interval,,Health and care workers,4,2024
GEO,2025-01-01,policy_revacc_interval,,Older adults,4,2024
GEO,2025-01-01,policy_revacc_interval,,Older adults with chronic conditions,4,2024
GEO,2025-01-01,policy_revacc_interval,,Other groups,4,2024
GEO,2025-01-01,policy_revacc_interval,,Pregnant women,4,2024
GEO,2025-01-01,policy_vacc,,Adults,4,2024
GEO,2025-01-01,policy_vacc,,Adults with chronic conditions,4,2024
GEO,2025-01-01,policy_vacc,,Child. & ado. with chronic conditions,4,2024
GEO,2025-01-01,policy_vacc,,Children & adolescents,4,2024
GEO,2025-01-01,policy_vacc,,Health and care workers,4,2024
GEO,2025-01-01,policy_vacc,,Older adults with chronic conditions,4,2024
GEO,2025-01-01,policy_vacc,,Other groups,4,2024
GEO,2025-01-01,policy_vacc,,Pregnant women,4,2024
GEO,2025-01-01,policy_vacc,NO,Older adults,4,2024
GEO,2024-07-01,date_product_start,2021-05-24T00:00:00Z,SIN-CORONAVAC-1,2,2024
GEO,2024-07-01,date_product_start,2021-05-04T00:00:00Z,BIB-INAC-SARS2-1,2,2024
GEO,2024-07-01,date_product_start,2021-03-31T00:00:00Z,PFI-COMIRNATY-1,2,2024
GEO,2024-07-01,date_product_start,2021-03-15T00:00:00Z,ASZ-AZD1222-1,2,2024
GEO,2024-07-01,status_product_use,NO,SIN-CORONAVAC-1,2,2024
GEO,2024-07-01,status_product_use,NO,BIB-INAC-SARS2-1,2,2024
GEO,2024-07-01,status_product_use,NO,PFI-COMIRNATY-1,2,2024
GEO,2024-07-01,status_product_use,NO,ASZ-AZD1222-1,2,2024
GEO,2024-07-01,comment,"Before the delivery of each batch/party  of vaccines, a special commission under the MoH considers the issue and, on the basis of the minister's order on the one-time  vaccine delivery, the country receives the covid-19 vaccine",SIN-CORONAVAC-1,2,2024
GEO,2024-07-01,comment,"Before the delivery of each batch of vaccines, a special commission under the MoH considers the issue and, on the basis of the minister's order on the one-time  vaccine delivery, the country receives the covid-19 vaccine",BIB-INAC-SARS2-1,2,2024
GEO,2024-07-01,comment,"Before the delivery of each batch of vaccines, a special commission under the MoH considers the issue and, on the basis of the minister's order on the one-time  vaccine delivery, the country receives the covid-19 vaccine",PFI-COMIRNATY-1,2,2024
GEO,2024-07-01,comment,"Before the delivery of each batch of vaccines, a special commission under the MoH considers the issue and, on the basis of the minister's order  on the one-time  vaccine delivery, the country receives the covid-19 vaccine",ASZ-AZD1222-1,2,2024
SOM,2025-01-01,policy_comment,,Adults,4,2024
SOM,2025-01-01,policy_comment,,Adults with chronic conditions,4,2024
SOM,2025-01-01,policy_comment,,Child. & ado. with chronic conditions,4,2024
SOM,2025-01-01,policy_comment,,Children & adolescents,4,2024
SOM,2025-01-01,policy_comment,,Health and care workers,4,2024
SOM,2025-01-01,policy_comment,,Older adults,4,2024
SOM,2025-01-01,policy_comment,,Older adults with chronic conditions,4,2024
SOM,2025-01-01,policy_comment,,Other groups,4,2024
SOM,2025-01-01,policy_comment,,Pregnant women,4,2024
SOM,2025-01-01,policy_revacc,,Adults,4,2024
SOM,2025-01-01,policy_revacc,,Adults with chronic conditions,4,2024
SOM,2025-01-01,policy_revacc,,Child. & ado. with chronic conditions,4,2024
SOM,2025-01-01,policy_revacc,,Children & adolescents,4,2024
SOM,2025-01-01,policy_revacc,,Health and care workers,4,2024
SOM,2025-01-01,policy_revacc,,Older adults,4,2024
SOM,2025-01-01,policy_revacc,,Older adults with chronic conditions,4,2024
SOM,2025-01-01,policy_revacc,,Other groups,4,2024
SOM,2025-01-01,policy_revacc_interval,,Adults,4,2024
SOM,2025-01-01,policy_revacc_interval,,Adults with chronic conditions,4,2024
SOM,2025-01-01,policy_revacc_interval,,Child. & ado. with chronic conditions,4,2024
SOM,2025-01-01,policy_revacc_interval,,Children & adolescents,4,2024
SOM,2025-01-01,policy_revacc_interval,,Health and care workers,4,2024
SOM,2025-01-01,policy_revacc_interval,,Older adults with chronic conditions,4,2024
SOM,2025-01-01,policy_revacc_interval,,Other groups,4,2024
SOM,2025-01-01,policy_revacc_interval,,Pregnant women,4,2024
SOM,2025-01-01,policy_vacc,,Adults with chronic conditions,4,2024
SOM,2025-01-01,policy_vacc,,Child. & ado. with chronic conditions,4,2024
SOM,2025-01-01,policy_vacc,,Children & adolescents,4,2024
SOM,2025-01-01,policy_vacc,,Health and care workers,4,2024
SOM,2025-01-01,policy_vacc,,Older adults with chronic conditions,4,2024
SOM,2025-01-01,policy_vacc,,Other groups,4,2024
SOM,2024-04-01,policy_vacc,YES,Older adults,1,2024
SOM,2024-04-01,policy_vacc,YES,Older adults with chronic conditions,1,2024
SOM,2024-04-01,policy_vacc,YES,Adults,1,2024
SOM,2024-04-01,policy_vacc,YES,Adults with chronic conditions,1,2024
SOM,2024-04-01,policy_vacc,YES,Pregnant women,1,2024
SOM,2024-04-01,policy_vacc,YES,Health and care workers,1,2024
SOM,2024-04-01,policy_vacc,NO,Children & adolescents,1,2024
SOM,2024-04-01,policy_vacc,NO,Child. & ado. with chronic conditions,1,2024
SOM,2024-04-01,policy_revacc,YES,Older adults,1,2024
SOM,2024-04-01,policy_revacc,YES,Older adults with chronic conditions,1,2024
SOM,2024-04-01,policy_revacc,YES,Adults,1,2024
SOM,2024-04-01,policy_revacc,YES,Adults with chronic conditions,1,2024
SOM,2024-04-01,policy_revacc,YES,Pregnant women,1,2024
SOM,2024-04-01,policy_revacc,YES,Health and care workers,1,2024
SOM,2024-04-01,policy_revacc,NO,Children & adolescents,1,2024
SOM,2024-04-01,policy_revacc,NO,Child. & ado. with chronic conditions,1,2024
SOM,2024-04-01,policy_revacc_interval,2 Months,Older adults,1,2024
SOM,2024-04-01,policy_revacc_interval,2 Months,Older adults with chronic conditions,1,2024
SOM,2024-04-01,policy_revacc_interval,2 Months,Adults,1,2024
SOM,2024-04-01,policy_revacc_interval,2 Months,Adults with chronic conditions,1,2024
SOM,2024-04-01,policy_revacc_interval,2 Months,Pregnant women,1,2024
SOM,2024-04-01,policy_revacc_interval,2 Months,Health and care workers,1,2024
SOM,2025-01-01,policy_vacc,YES,Older adults,4,2024
SOM,2025-01-01,policy_vacc,NO,Adults,4,2024
SOM,2025-01-01,policy_vacc,YES,Pregnant women,4,2024
SOM,2025-01-01,policy_revacc,YES,Pregnant women,4,2024
SOM,2025-01-01,policy_revacc_interval,OTHER,Older adults,4,2024
MDV,2025-01-01,policy_vacc,YES,Adults,4,2024
MDV,2025-01-01,policy_vacc,YES,Older adults,4,2024
MDV,2025-01-01,policy_vacc,YES,Children & adolescents,4,2024
MDV,2025-01-01,policy_revacc,NO,Adults,4,2024
MDV,2025-01-01,policy_revacc,NO,Older adults,4,2024
MDV,2025-01-01,policy_revacc,NO,Children & adolescents,4,2024
MDV,2024-04-01,policy_vacc,YES,Health and care workers,1,2024
MDV,2024-04-01,policy_vacc,YES,Children & adolescents,1,2024
MDV,2024-04-01,policy_vacc,YES,Older adults,1,2024
MDV,2024-04-01,policy_vacc,YES,Older adults with chronic conditions,1,2024
MDV,2024-04-01,policy_vacc,YES,Adults,1,2024
MDV,2024-04-01,policy_vacc,YES,Adults with chronic conditions,1,2024
MDV,2024-04-01,policy_vacc,YES,Pregnant women,1,2024
MDV,2024-04-01,policy_revacc,NO,Health and care workers,1,2024
MDV,2024-04-01,policy_revacc,NO,Children & adolescents,1,2024
MDV,2024-04-01,policy_revacc,YES,Older adults,1,2024
MDV,2024-04-01,policy_revacc,YES,Older adults with chronic conditions,1,2024
MDV,2024-04-01,policy_revacc,NO,Adults,1,2024
MDV,2024-04-01,policy_revacc,NO,Adults with chronic conditions,1,2024
MDV,2024-04-01,policy_revacc,NO,Pregnant women,1,2024
MDV,2024-04-01,date_product_start,2021-03-22T00:00:00Z,BIB-INAC-SARS2-1,1,2024
MDV,2024-04-01,date_product_start,2021-07-27T00:00:00Z,ASZ-AZD1222-1,1,2024
MDV,2024-04-01,date_product_start,2021-02-01T00:00:00Z,SII-COVISHIELD-1,1,2024
MDV,2024-04-01,date_product_start,2021-04-11T00:00:00Z,PFI-COMIRNATY-1,1,2024
MDV,2024-04-01,status_product_use,NO,BIB-INAC-SARS2-1,1,2024
MDV,2024-04-01,status_product_use,NO,ASZ-AZD1222-1,1,2024
MDV,2024-04-01,status_product_use,NO,SII-COVISHIELD-1,1,2024
MDV,2024-04-01,status_product_use,YES,PFI-COMIRNATY-1,1,2024
MDV,2024-04-01,comment,Product never used in Maldives,GRI-SPUTNIKV-1,1,2024
MDV,2024-04-01,comment,Product never used in Maldives,JAP-AD26-COV-2.5-1,1,2024
MDV,2024-04-01,comment,Product never used in Maldives,MOC-MRNA-1273-1,1,2024
MDV,2024-07-01,policy_revacc,YES,Older adults,2,2024
MDV,2024-07-01,policy_revacc,YES,Older adults with chronic conditions,2,2024
MDV,2024-07-01,policy_revacc,NO,Adults,2,2024
MDV,2024-07-01,policy_revacc,NO,Adults with chronic conditions,2,2024
MDV,2024-07-01,policy_revacc,NO,Pregnant women,2,2024
MDV,2024-07-01,policy_revacc,NO,Health and care workers,2,2024
MDV,2024-07-01,policy_revacc,NO,Children & adolescents,2,2024
MDV,2024-07-01,policy_vacc,YES,Older adults,2,2024
MDV,2024-07-01,policy_vacc,YES,Older adults with chronic conditions,2,2024
MDV,2024-07-01,policy_vacc,YES,Adults,2,2024
MDV,2024-07-01,policy_vacc,YES,Adults with chronic conditions,2,2024
MDV,2024-07-01,policy_vacc,YES,Pregnant women,2,2024
MDV,2024-07-01,policy_vacc,YES,Health and care workers,2,2024
MDV,2024-07-01,policy_vacc,YES,Children & adolescents,2,2024
MDV,2025-01-01,policy_comment,,Adults,4,2024
MDV,2025-01-01,policy_comment,,Adults with chronic conditions,4,2024
MDV,2025-01-01,policy_comment,,Child. & ado. with chronic conditions,4,2024
MDV,2025-01-01,policy_comment,,Children & adolescents,4,2024
MDV,2025-01-01,policy_comment,,Health and care workers,4,2024
MDV,2025-01-01,policy_comment,,Older adults,4,2024
MDV,2025-01-01,policy_comment,,Older adults with chronic conditions,4,2024
MDV,2025-01-01,policy_comment,,Other groups,4,2024
MDV,2025-01-01,policy_comment,,Pregnant women,4,2024
MDV,2025-01-01,policy_revacc,,Adults with chronic conditions,4,2024
MDV,2025-01-01,policy_revacc,,Child. & ado. with chronic conditions,4,2024
MDV,2025-01-01,policy_revacc,,Health and care workers,4,2024
MDV,2025-01-01,policy_revacc,,Older adults with chronic conditions,4,2024
MDV,2025-01-01,policy_revacc,,Other groups,4,2024
MDV,2025-01-01,policy_revacc,,Pregnant women,4,2024
MDV,2025-01-01,policy_revacc_interval,,Adults,4,2024
MDV,2025-01-01,policy_revacc_interval,,Adults with chronic conditions,4,2024
MDV,2025-01-01,policy_revacc_interval,,Child. & ado. with chronic conditions,4,2024
MDV,2025-01-01,policy_revacc_interval,,Children & adolescents,4,2024
MDV,2025-01-01,policy_revacc_interval,,Health and care workers,4,2024
MDV,2025-01-01,policy_revacc_interval,,Older adults,4,2024
MDV,2025-01-01,policy_revacc_interval,,Older adults with chronic conditions,4,2024
MDV,2025-01-01,policy_revacc_interval,,Other groups,4,2024
MDV,2025-01-01,policy_revacc_interval,,Pregnant women,4,2024
MDV,2025-01-01,policy_vacc,,Adults with chronic conditions,4,2024
MDV,2025-01-01,policy_vacc,,Child. & ado. with chronic conditions,4,2024
MDV,2025-01-01,policy_vacc,,Health and care workers,4,2024
MDV,2025-01-01,policy_vacc,,Older adults with chronic conditions,4,2024
MDV,2025-01-01,policy_vacc,,Other groups,4,2024
MDV,2025-01-01,policy_vacc,,Pregnant women,4,2024
MDV,2024-07-01,status_product_use,NO,BIB-INAC-SARS2-1,2,2024
MDV,2024-07-01,status_product_use,NO,ASZ-AZD1222-1,2,2024
MDV,2024-07-01,status_product_use,NO,SII-COVISHIELD-1,2,2024
MDV,2024-07-01,status_product_use,YES,PFI-COMIRNATY-1,2,2024
MDV,2024-07-01,date_product_start,2021-03-22T00:00:00Z,BIB-INAC-SARS2-1,2,2024
MDV,2024-07-01,date_product_start,2021-07-27T00:00:00Z,ASZ-AZD1222-1,2,2024
MDV,2024-07-01,date_product_start,2021-02-01T00:00:00Z,SII-COVISHIELD-1,2,2024
MDV,2024-07-01,date_product_start,2021-04-11T00:00:00Z,PFI-COMIRNATY-1,2,2024
MDV,2024-07-01,comment,Product never used in Maldives,GRI-SPUTNIKV-1,2,2024
MDV,2024-07-01,comment,Product never used in Maldives,JAP-AD26-COV-2.5-1,2,2024
MDV,2024-07-01,comment,Product never used in Maldives,MOC-MRNA-1273-1,2,2024
ECU,2025-01-01,policy_comment,Personas con enfermedades crónicas,Adults with chronic conditions,4,2024
ECU,2025-01-01,policy_comment,Adultos mayores 65 años y más,Older adults,4,2024
ECU,2025-01-01,policy_comment,Embarazadas,Pregnant women,4,2024
ECU,2025-01-01,policy_comment,"Personal de salud, cuidadores a personas vulnerables",Health and care workers,4,2024
ECU,2025-01-01,policy_comment,Personas Privadas de Libertad,Other groups,4,2024
ECU,2025-01-01,policy_vacc,YES,Adults with chronic conditions,4,2024
ECU,2025-01-01,policy_vacc,YES,Older adults,4,2024
ECU,2025-01-01,policy_vacc,YES,Pregnant women,4,2024
ECU,2025-01-01,policy_vacc,YES,Health and care workers,4,2024
ECU,2025-01-01,policy_vacc,YES,Other groups,4,2024
ECU,2025-01-01,policy_revacc,YES,Adults with chronic conditions,4,2024
ECU,2025-01-01,policy_revacc,YES,Older adults,4,2024
ECU,2025-01-01,policy_revacc,YES,Pregnant women,4,2024
ECU,2025-01-01,policy_revacc,YES,Health and care workers,4,2024
ECU,2025-01-01,policy_revacc,YES,Other groups,4,2024
ECU,2025-01-01,policy_revacc_interval,12_MONTHS,Adults with chronic conditions,4,2024
ECU,2025-01-01,policy_revacc_interval,12_MONTHS,Older adults,4,2024
ECU,2025-01-01,policy_revacc_interval,OTHER,Pregnant women,4,2024
ECU,2025-01-01,policy_revacc_interval,12_MONTHS,Health and care workers,4,2024
ECU,2025-01-01,policy_revacc_interval,12_MONTHS,Other groups,4,2024
ECU,2025-01-01,policy_comment,,Adults,4,2024
ECU,2025-01-01,policy_comment,,Child. & ado. with chronic conditions,4,2024
ECU,2025-01-01,policy_comment,,Children & adolescents,4,2024
ECU,2025-01-01,policy_comment,,Older adults with chronic conditions,4,2024
ECU,2025-01-01,policy_revacc,,Adults,4,2024
ECU,2025-01-01,policy_revacc,,Child. & ado. with chronic conditions,4,2024
ECU,2025-01-01,policy_revacc,,Children & adolescents,4,2024
ECU,2025-01-01,policy_revacc,,Older adults with chronic conditions,4,2024
ECU,2025-01-01,policy_revacc_interval,,Adults,4,2024
ECU,2025-01-01,policy_revacc_interval,,Child. & ado. with chronic conditions,4,2024
ECU,2025-01-01,policy_revacc_interval,,Children & adolescents,4,2024
ECU,2025-01-01,policy_revacc_interval,,Older adults with chronic conditions,4,2024
ECU,2025-01-01,policy_vacc,,Adults,4,2024
ECU,2025-01-01,policy_vacc,,Child. & ado. with chronic conditions,4,2024
ECU,2025-01-01,policy_vacc,,Children & adolescents,4,2024
ECU,2025-01-01,policy_vacc,,Older adults with chronic conditions,4,2024
KGZ,2025-01-01,policy_comment,,Adults,4,2024
KGZ,2025-01-01,policy_comment,,Adults with chronic conditions,4,2024
KGZ,2025-01-01,policy_comment,,Child. & ado. with chronic conditions,4,2024
KGZ,2025-01-01,policy_comment,,Children & adolescents,4,2024
KGZ,2025-01-01,policy_comment,,Health and care workers,4,2024
KGZ,2025-01-01,policy_comment,,Older adults,4,2024
KGZ,2025-01-01,policy_comment,,Older adults with chronic conditions,4,2024
KGZ,2025-01-01,policy_comment,,Other groups,4,2024
KGZ,2025-01-01,policy_comment,,Pregnant women,4,2024
KGZ,2025-01-01,policy_revacc,,Adults,4,2024
KGZ,2025-01-01,policy_revacc,,Adults with chronic conditions,4,2024
KGZ,2025-01-01,policy_revacc,,Child. & ado. with chronic conditions,4,2024
KGZ,2025-01-01,policy_revacc,,Children & adolescents,4,2024
KGZ,2025-01-01,policy_revacc,,Health and care workers,4,2024
KGZ,2025-01-01,policy_revacc,,Older adults,4,2024
KGZ,2025-01-01,policy_revacc,,Older adults with chronic conditions,4,2024
KGZ,2025-01-01,policy_revacc,,Other groups,4,2024
KGZ,2025-01-01,policy_revacc,,Pregnant women,4,2024
KGZ,2025-01-01,policy_revacc_interval,,Adults,4,2024
KGZ,2025-01-01,policy_revacc_interval,,Adults with chronic conditions,4,2024
KGZ,2025-01-01,policy_revacc_interval,,Child. & ado. with chronic conditions,4,2024
KGZ,2025-01-01,policy_revacc_interval,,Children & adolescents,4,2024
KGZ,2025-01-01,policy_revacc_interval,,Health and care workers,4,2024
KGZ,2025-01-01,policy_revacc_interval,,Older adults,4,2024
KGZ,2025-01-01,policy_revacc_interval,,Older adults with chronic conditions,4,2024
KGZ,2025-01-01,policy_revacc_interval,,Other groups,4,2024
KGZ,2025-01-01,policy_revacc_interval,,Pregnant women,4,2024
KGZ,2025-01-01,policy_vacc,,Adults,4,2024
KGZ,2025-01-01,policy_vacc,,Adults with chronic conditions,4,2024
KGZ,2025-01-01,policy_vacc,,Child. & ado. with chronic conditions,4,2024
KGZ,2025-01-01,policy_vacc,,Children & adolescents,4,2024
KGZ,2025-01-01,policy_vacc,,Health and care workers,4,2024
KGZ,2025-01-01,policy_vacc,,Older adults,4,2024
KGZ,2025-01-01,policy_vacc,,Older adults with chronic conditions,4,2024
KGZ,2025-01-01,policy_vacc,,Other groups,4,2024
KGZ,2025-01-01,policy_vacc,,Pregnant women,4,2024
KGZ,2024-07-01,status_product_use,NO,MOC-MRNA-1273-1,2,2024
KGZ,2024-07-01,status_product_use,YES,PFI-COMIRNATY-1,2,2024
KGZ,2024-07-01,status_product_use,YES,SIN-CORONAVAC-1,2,2024
KGZ,2024-07-01,status_product_use,NO,UNKNOWN,2,2024
KGZ,2024-07-01,status_product_use,NO,GRI-SPUTNIKV-1,2,2024
KGZ,2024-07-01,status_product_use,NO,BIB-INAC-SARS2-1,2,2024
KGZ,2024-07-01,status_product_use,NO,ASZ-AZD1222-1,2,2024
KGZ,2024-07-01,date_product_start,2021-11-21T00:00:00Z,MOC-MRNA-1273-1,2,2024
KGZ,2024-07-01,date_product_start,2021-10-27T00:00:00Z,PFI-COMIRNATY-1,2,2024
KGZ,2024-07-01,date_product_start,2023-07-03T00:00:00Z,SIN-CORONAVAC-1,2,2024
KGZ,2024-07-01,date_product_start,2021-07-05T00:00:00Z,UNKNOWN,2,2024
KGZ,2024-07-01,date_product_start,2021-04-01T00:00:00Z,GRI-SPUTNIKV-1,2,2024
KGZ,2024-07-01,date_product_start,2021-03-21T00:00:00Z,BIB-INAC-SARS2-1,2,2024
KGZ,2024-07-01,date_product_start,2021-07-15T00:00:00Z,ASZ-AZD1222-1,2,2024
KGZ,2024-07-01,policy_vacc,YES,Older adults,2,2024
KGZ,2024-07-01,policy_vacc,YES,Older adults with chronic conditions,2,2024
KGZ,2024-07-01,policy_vacc,YES,Adults,2,2024
KGZ,2024-07-01,policy_vacc,YES,Adults with chronic conditions,2,2024
KGZ,2024-07-01,policy_vacc,YES,Pregnant women,2,2024
KGZ,2024-07-01,policy_vacc,YES,Health and care workers,2,2024
KGZ,2024-07-01,policy_vacc,YES,Children & adolescents,2,2024
KGZ,2024-07-01,policy_vacc,YES,Child. & ado. with chronic conditions,2,2024
KGZ,2024-07-01,policy_revacc,YES,Older adults,2,2024
KGZ,2024-07-01,policy_revacc,YES,Older adults with chronic conditions,2,2024
KGZ,2024-07-01,policy_revacc,YES,Adults,2,2024
KGZ,2024-07-01,policy_revacc,YES,Adults with chronic conditions,2,2024
KGZ,2024-07-01,policy_revacc,YES,Pregnant women,2,2024
KGZ,2024-07-01,policy_revacc,YES,Health and care workers,2,2024
KGZ,2024-07-01,policy_revacc,YES,Children & adolescents,2,2024
KGZ,2024-07-01,policy_revacc,YES,Child. & ado. with chronic conditions,2,2024
KGZ,2024-07-01,policy_revacc_interval,21-28,Older adults,2,2024
KGZ,2024-07-01,policy_revacc_interval,21-28,Older adults with chronic conditions,2,2024
KGZ,2024-07-01,policy_revacc_interval,21-,Adults,2,2024
KGZ,2024-07-01,policy_revacc_interval,21-28,Adults with chronic conditions,2,2024
KGZ,2024-07-01,policy_revacc_interval,21-28,Pregnant women,2,2024
KGZ,2024-07-01,policy_revacc_interval,21-28,Health and care workers,2,2024
KGZ,2024-07-01,policy_revacc_interval,21-28,Children & adolescents,2,2024
KGZ,2024-07-01,policy_revacc_interval,21-28,Child. & ado. with chronic conditions,2,2024
KGZ,2024-04-01,status_product_use,NO,MOC-MRNA-1273-1,1,2024
KGZ,2024-04-01,status_product_use,YES,PFI-COMIRNATY-1,1,2024
KGZ,2024-04-01,status_product_use,YES,SIN-CORONAVAC-1,1,2024
KGZ,2024-04-01,status_product_use,NO,UNKNOWN,1,2024
KGZ,2024-04-01,status_product_use,NO,GRI-SPUTNIKV-1,1,2024
KGZ,2024-04-01,status_product_use,NO,BIB-INAC-SARS2-1,1,2024
KGZ,2024-04-01,status_product_use,NO,ASZ-AZD1222-1,1,2024
KGZ,2024-04-01,date_product_start,2021-11-21T00:00:00Z,MOC-MRNA-1273-1,1,2024
KGZ,2024-04-01,date_product_start,2021-10-27T00:00:00Z,PFI-COMIRNATY-1,1,2024
KGZ,2024-04-01,date_product_start,2023-07-03T00:00:00Z,SIN-CORONAVAC-1,1,2024
KGZ,2024-04-01,date_product_start,2021-07-05T00:00:00Z,UNKNOWN,1,2024
KGZ,2024-04-01,date_product_start,2021-04-01T00:00:00Z,GRI-SPUTNIKV-1,1,2024
KGZ,2024-04-01,date_product_start,2021-03-21T00:00:00Z,BIB-INAC-SARS2-1,1,2024
KGZ,2024-04-01,date_product_start,2021-07-15T00:00:00Z,ASZ-AZD1222-1,1,2024
KGZ,2024-04-01,policy_revacc_interval,21-28,Older adults,1,2024
KGZ,2024-04-01,policy_revacc_interval,21-28,Older adults with chronic conditions,1,2024
KGZ,2024-04-01,policy_revacc_interval,21-,Adults,1,2024
KGZ,2024-04-01,policy_revacc_interval,21-28,Adults with chronic conditions,1,2024
KGZ,2024-04-01,policy_revacc_interval,21-28,Pregnant women,1,2024
KGZ,2024-04-01,policy_revacc_interval,21-28,Health and care workers,1,2024
KGZ,2024-04-01,policy_revacc_interval,21-28,Children & adolescents,1,2024
KGZ,2024-04-01,policy_revacc_interval,21-28,Child. & ado. with chronic conditions,1,2024
KGZ,2024-04-01,policy_vacc,YES,Older adults,1,2024
KGZ,2024-04-01,policy_vacc,YES,Older adults with chronic conditions,1,2024
KGZ,2024-04-01,policy_vacc,YES,Adults,1,2024
KGZ,2024-04-01,policy_vacc,YES,Adults with chronic conditions,1,2024
KGZ,2024-04-01,policy_vacc,YES,Pregnant women,1,2024
KGZ,2024-04-01,policy_vacc,YES,Health and care workers,1,2024
KGZ,2024-04-01,policy_vacc,YES,Children & adolescents,1,2024
KGZ,2024-04-01,policy_vacc,YES,Child. & ado. with chronic conditions,1,2024
KGZ,2024-04-01,policy_revacc,YES,Older adults,1,2024
KGZ,2024-04-01,policy_revacc,YES,Older adults with chronic conditions,1,2024
KGZ,2024-04-01,policy_revacc,YES,Adults,1,2024
KGZ,2024-04-01,policy_revacc,YES,Adults with chronic conditions,1,2024
KGZ,2024-04-01,policy_revacc,YES,Pregnant women,1,2024
KGZ,2024-04-01,policy_revacc,YES,Health and care workers,1,2024
KGZ,2024-04-01,policy_revacc,YES,Children & adolescents,1,2024
KGZ,2024-04-01,policy_revacc,YES,Child. & ado. with chronic conditions,1,2024
TUV,2025-01-01,policy_comment,,Adults,4,2024
TUV,2025-01-01,policy_comment,,Adults with chronic conditions,4,2024
TUV,2025-01-01,policy_comment,,Child. & ado. with chronic conditions,4,2024
TUV,2025-01-01,policy_comment,,Children & adolescents,4,2024
TUV,2025-01-01,policy_comment,,Health and care workers,4,2024
TUV,2025-01-01,policy_comment,,Older adults,4,2024
TUV,2025-01-01,policy_comment,,Older adults with chronic conditions,4,2024
TUV,2025-01-01,policy_comment,,Other groups,4,2024
TUV,2025-01-01,policy_comment,,Pregnant women,4,2024
TUV,2025-01-01,policy_revacc,,Adults,4,2024
TUV,2025-01-01,policy_revacc,,Adults with chronic conditions,4,2024
TUV,2025-01-01,policy_revacc,,Child. & ado. with chronic conditions,4,2024
TUV,2025-01-01,policy_revacc,,Children & adolescents,4,2024
TUV,2025-01-01,policy_revacc,,Health and care workers,4,2024
TUV,2025-01-01,policy_revacc,,Older adults with chronic conditions,4,2024
TUV,2025-01-01,policy_revacc,,Other groups,4,2024
TUV,2025-01-01,policy_revacc,,Pregnant women,4,2024
TUV,2025-01-01,policy_revacc_interval,,Adults,4,2024
TUV,2025-01-01,policy_revacc_interval,,Adults with chronic conditions,4,2024
TUV,2025-01-01,policy_revacc_interval,,Child. & ado. with chronic conditions,4,2024
TUV,2025-01-01,policy_revacc_interval,,Children & adolescents,4,2024
TUV,2025-01-01,policy_revacc_interval,,Health and care workers,4,2024
TUV,2025-01-01,policy_revacc_interval,,Older adults,4,2024
TUV,2025-01-01,policy_revacc_interval,,Older adults with chronic conditions,4,2024
TUV,2025-01-01,policy_revacc_interval,,Other groups,4,2024
TUV,2025-01-01,policy_revacc_interval,,Pregnant women,4,2024
TUV,2025-01-01,policy_vacc,,Adults,4,2024
TUV,2025-01-01,policy_vacc,,Adults with chronic conditions,4,2024
TUV,2025-01-01,policy_vacc,,Child. & ado. with chronic conditions,4,2024
TUV,2025-01-01,policy_vacc,,Children & adolescents,4,2024
TUV,2025-01-01,policy_vacc,,Health and care workers,4,2024
TUV,2025-01-01,policy_vacc,,Older adults with chronic conditions,4,2024
TUV,2025-01-01,policy_vacc,,Other groups,4,2024
TUV,2025-01-01,policy_vacc,,Pregnant women,4,2024
TUV,2025-01-01,policy_vacc,NO,Older adults,4,2024
TUV,2025-01-01,policy_revacc,NO,Older adults,4,2024
ARE,2025-01-01,policy_comment,,Adults,4,2024
ARE,2025-01-01,policy_comment,,Adults with chronic conditions,4,2024
ARE,2025-01-01,policy_comment,,Child. & ado. with chronic conditions,4,2024
ARE,2025-01-01,policy_comment,,Children & adolescents,4,2024
ARE,2025-01-01,policy_comment,,Health and care workers,4,2024
ARE,2025-01-01,policy_comment,,Older adults,4,2024
ARE,2025-01-01,policy_comment,,Older adults with chronic conditions,4,2024
ARE,2025-01-01,policy_comment,,Other groups,4,2024
ARE,2025-01-01,policy_comment,,Pregnant women,4,2024
ARE,2025-01-01,policy_revacc,,Adults,4,2024
ARE,2025-01-01,policy_revacc,,Adults with chronic conditions,4,2024
ARE,2025-01-01,policy_revacc,,Child. & ado. with chronic conditions,4,2024
ARE,2025-01-01,policy_revacc,,Children & adolescents,4,2024
ARE,2025-01-01,policy_revacc,,Health and care workers,4,2024
ARE,2025-01-01,policy_revacc,,Older adults,4,2024
ARE,2025-01-01,policy_revacc,,Older adults with chronic conditions,4,2024
ARE,2025-01-01,policy_revacc,,Other groups,4,2024
ARE,2025-01-01,policy_revacc,,Pregnant women,4,2024
ARE,2025-01-01,policy_revacc_interval,,Adults,4,2024
ARE,2025-01-01,policy_revacc_interval,,Adults with chronic conditions,4,2024
ARE,2025-01-01,policy_revacc_interval,,Child. & ado. with chronic conditions,4,2024
ARE,2025-01-01,policy_revacc_interval,,Children & adolescents,4,2024
ARE,2025-01-01,policy_revacc_interval,,Health and care workers,4,2024
ARE,2025-01-01,policy_revacc_interval,,Older adults,4,2024
ARE,2025-01-01,policy_revacc_interval,,Older adults with chronic conditions,4,2024
ARE,2025-01-01,policy_revacc_interval,,Other groups,4,2024
ARE,2025-01-01,policy_revacc_interval,,Pregnant women,4,2024
ARE,2025-01-01,policy_vacc,,Adults,4,2024
ARE,2025-01-01,policy_vacc,,Adults with chronic conditions,4,2024
ARE,2025-01-01,policy_vacc,,Child. & ado. with chronic conditions,4,2024
ARE,2025-01-01,policy_vacc,,Children & adolescents,4,2024
ARE,2025-01-01,policy_vacc,,Health and care workers,4,2024
ARE,2025-01-01,policy_vacc,,Older adults,4,2024
ARE,2025-01-01,policy_vacc,,Older adults with chronic conditions,4,2024
ARE,2025-01-01,policy_vacc,,Other groups,4,2024
ARE,2025-01-01,policy_vacc,,Pregnant women,4,2024
BFA,2025-01-01,policy_comment,,Adults,4,2024
BFA,2025-01-01,policy_comment,,Adults with chronic conditions,4,2024
BFA,2025-01-01,policy_comment,,Child. & ado. with chronic conditions,4,2024
BFA,2025-01-01,policy_comment,,Children & adolescents,4,2024
BFA,2025-01-01,policy_comment,,Health and care workers,4,2024
BFA,2025-01-01,policy_comment,,Older adults,4,2024
BFA,2025-01-01,policy_comment,,Older adults with chronic conditions,4,2024
BFA,2025-01-01,policy_comment,,Other groups,4,2024
BFA,2025-01-01,policy_comment,,Pregnant women,4,2024
BFA,2025-01-01,policy_revacc,,Other groups,4,2024
BFA,2025-01-01,policy_revacc,,Pregnant women,4,2024
BFA,2025-01-01,policy_revacc_interval,,Adults,4,2024
BFA,2025-01-01,policy_revacc_interval,,Adults with chronic conditions,4,2024
BFA,2025-01-01,policy_revacc_interval,,Child. & ado. with chronic conditions,4,2024
BFA,2025-01-01,policy_revacc_interval,,Children & adolescents,4,2024
BFA,2025-01-01,policy_revacc_interval,,Health and care workers,4,2024
BFA,2025-01-01,policy_revacc_interval,,Older adults,4,2024
BFA,2025-01-01,policy_revacc_interval,,Older adults with chronic conditions,4,2024
BFA,2025-01-01,policy_revacc_interval,,Other groups,4,2024
BFA,2025-01-01,policy_revacc_interval,,Pregnant women,4,2024
BFA,2025-01-01,policy_vacc,,Other groups,4,2024
BFA,2025-01-01,policy_vacc,YES,Older adults,4,2024
BFA,2025-01-01,policy_vacc,YES,Older adults with chronic conditions,4,2024
BFA,2025-01-01,policy_vacc,NO,Adults,4,2024
BFA,2025-01-01,policy_vacc,YES,Adults with chronic conditions,4,2024
BFA,2025-01-01,policy_vacc,NO,Pregnant women,4,2024
BFA,2025-01-01,policy_vacc,YES,Health and care workers,4,2024
BFA,2025-01-01,policy_vacc,NO,Children & adolescents,4,2024
BFA,2025-01-01,policy_vacc,NO,Child. & ado. with chronic conditions,4,2024
BFA,2025-01-01,policy_revacc,NO,Older adults,4,2024
BFA,2025-01-01,policy_revacc,YES,Older adults with chronic conditions,4,2024
BFA,2025-01-01,policy_revacc,NO,Adults,4,2024
BFA,2025-01-01,policy_revacc,NO,Adults with chronic conditions,4,2024
BFA,2025-01-01,policy_revacc,NO,Health and care workers,4,2024
BFA,2025-01-01,policy_revacc,NO,Children & adolescents,4,2024
BFA,2025-01-01,policy_revacc,NO,Child. & ado. with chronic conditions,4,2024
SWE,2025-01-01,policy_vacc,YES,Older adults,4,2024
SWE,2025-01-01,policy_vacc,NO,Older adults with chronic conditions,4,2024
SWE,2025-01-01,policy_vacc,NO,Adults,4,2024
SWE,2025-01-01,policy_vacc,YES,Adults with chronic conditions,4,2024
SWE,2025-01-01,policy_vacc,YES,Pregnant women,4,2024
SWE,2025-01-01,policy_vacc,NO,Health and care workers,4,2024
SWE,2025-01-01,policy_vacc,NO,Children & adolescents,4,2024
SWE,2025-01-01,policy_vacc,NO,Child. & ado. with chronic conditions,4,2024
SWE,2025-01-01,policy_vacc,NO,Other groups,4,2024
SWE,2024-07-01,status_product_use,YES,NOV-NOXBB-1,2,2024
SWE,2024-07-01,status_product_use,YES,PFI-COXBB-1,2,2024
SWE,2024-07-01,date_product_start,2023-11-30T00:00:00Z,NOV-NOXBB-1,2,2024
SWE,2024-07-01,date_product_start,2023-10-04T00:00:00Z,PFI-COXBB-1,2,2024
SWE,2024-07-01,policy_revacc_interval,Approx 6 months,Older adults,2,2024
SWE,2024-07-01,policy_comment,"During spring 2024 (since March, 1 ) only all adults 80 yrs and above and persons 65-79 yrs living in LTCF or receiving daily care at home are recommended vaccination",Older adults,2,2024
SWE,2024-07-01,policy_vacc,YES,Older adults,2,2024
SWE,2024-07-01,policy_vacc,NO,Older adults with chronic conditions,2,2024
SWE,2024-07-01,policy_vacc,NO,Adults,2,2024
SWE,2024-07-01,policy_vacc,NO,Adults with chronic conditions,2,2024
SWE,2024-07-01,policy_vacc,NO,Pregnant women,2,2024
SWE,2024-07-01,policy_vacc,NO,Health and care workers,2,2024
SWE,2024-07-01,policy_vacc,NO,Children & adolescents,2,2024
SWE,2024-07-01,policy_vacc,NO,Child. & ado. with chronic conditions,2,2024
SWE,2024-07-01,policy_revacc,YES,Older adults,2,2024
SWE,2024-07-01,policy_revacc,NO,Older adults with chronic conditions,2,2024
SWE,2024-07-01,policy_revacc,NO,Adults,2,2024
SWE,2024-07-01,policy_revacc,NO,Adults with chronic conditions,2,2024
SWE,2024-07-01,policy_revacc,NO,Health and care workers,2,2024
SWE,2024-07-01,policy_revacc,NO,Children & adolescents,2,2024
SWE,2024-07-01,policy_revacc,NO,Child. & ado. with chronic conditions,2,2024
SWE,2024-04-01,date_product_start,2023-11-30T00:00:00Z,NOV-NOXBB-1,1,2024
SWE,2024-04-01,date_product_start,2023-10-04T00:00:00Z,PFI-COXBB-1,1,2024
SWE,2024-04-01,status_product_use,YES,NOV-NOXBB-1,1,2024
SWE,2024-04-01,status_product_use,YES,PFI-COXBB-1,1,2024
SWE,2024-04-01,policy_vacc,YES,Older adults,1,2024
SWE,2024-04-01,policy_vacc,NO,Older adults with chronic conditions,1,2024
SWE,2024-04-01,policy_vacc,NO,Adults,1,2024
SWE,2024-04-01,policy_vacc,NO,Adults with chronic conditions,1,2024
SWE,2024-04-01,policy_vacc,NO,Pregnant women,1,2024
SWE,2024-04-01,policy_vacc,NO,Health and care workers,1,2024
SWE,2024-04-01,policy_vacc,NO,Children & adolescents,1,2024
SWE,2024-04-01,policy_vacc,NO,Child. & ado. with chronic conditions,1,2024
SWE,2024-04-01,policy_revacc,YES,Older adults,1,2024
SWE,2024-04-01,policy_revacc,NO,Older adults with chronic conditions,1,2024
SWE,2024-04-01,policy_revacc,NO,Adults,1,2024
SWE,2024-04-01,policy_revacc,NO,Adults with chronic conditions,1,2024
SWE,2024-04-01,policy_revacc,NO,Health and care workers,1,2024
SWE,2024-04-01,policy_revacc,NO,Children & adolescents,1,2024
SWE,2024-04-01,policy_revacc,NO,Child. & ado. with chronic conditions,1,2024
SWE,2024-04-01,policy_comment,"During spring 2024 (since March, 1 ) only all adults 80 yrs and above and persons 65-79 yrs living in LTCF or receiving daily care at home are recommended vaccination",Older adults,1,2024
SWE,2025-01-01,policy_comment,,Adults,4,2024
SWE,2025-01-01,policy_comment,,Adults with chronic conditions,4,2024
SWE,2025-01-01,policy_comment,,Child. & ado. with chronic conditions,4,2024
SWE,2025-01-01,policy_comment,,Children & adolescents,4,2024
SWE,2025-01-01,policy_comment,,Health and care workers,4,2024
SWE,2025-01-01,policy_comment,,Older adults with chronic conditions,4,2024
SWE,2025-01-01,policy_comment,,Other groups,4,2024
SWE,2025-01-01,policy_comment,,Pregnant women,4,2024
SWE,2025-01-01,policy_revacc,,Adults,4,2024
SWE,2025-01-01,policy_revacc,,Child. & ado. with chronic conditions,4,2024
SWE,2025-01-01,policy_revacc,,Children & adolescents,4,2024
SWE,2025-01-01,policy_revacc,,Health and care workers,4,2024
SWE,2025-01-01,policy_revacc,,Older adults with chronic conditions,4,2024
SWE,2025-01-01,policy_revacc,,Other groups,4,2024
SWE,2025-01-01,policy_revacc_interval,,Adults,4,2024
SWE,2025-01-01,policy_revacc_interval,,Child. & ado. with chronic conditions,4,2024
SWE,2025-01-01,policy_revacc_interval,,Children & adolescents,4,2024
SWE,2025-01-01,policy_revacc_interval,,Health and care workers,4,2024
SWE,2025-01-01,policy_revacc_interval,,Older adults with chronic conditions,4,2024
SWE,2025-01-01,policy_revacc_interval,,Other groups,4,2024
SWE,2025-01-01,policy_revacc_interval,,Pregnant women,4,2024
SWE,2024-04-01,policy_revacc_interval,Approx 6 months,Older adults,1,2024
SWE,2024-10-01,policy_vacc,YES,Older adults,3,2024
SWE,2024-10-01,policy_vacc,YES,Older adults with chronic conditions,3,2024
SWE,2024-10-01,policy_vacc,NO,Adults,3,2024
SWE,2024-10-01,policy_vacc,YES,Adults with chronic conditions,3,2024
SWE,2024-10-01,policy_vacc,YES,Pregnant women,3,2024
SWE,2024-10-01,policy_vacc,NO,Health and care workers,3,2024
SWE,2024-10-01,policy_vacc,NO,Children & adolescents,3,2024
SWE,2024-10-01,policy_vacc,NO,Child. & ado. with chronic conditions,3,2024
SWE,2024-10-01,policy_revacc,YES,Older adults,3,2024
SWE,2024-10-01,policy_revacc,YES,Older adults with chronic conditions,3,2024
SWE,2024-10-01,policy_revacc,NO,Adults,3,2024
SWE,2024-10-01,policy_revacc,YES,Adults with chronic conditions,3,2024
SWE,2024-10-01,policy_revacc,NO,Health and care workers,3,2024
SWE,2024-10-01,policy_revacc,NO,Children & adolescents,3,2024
SWE,2024-10-01,policy_revacc,NO,Child. & ado. with chronic conditions,3,2024
SWE,2024-10-01,policy_comment,"Adults 80 yrs and above and persons 65-79 yrs living in LTCF or receiving daily care at home are recommended vaccination twice a year, in the spring and in fall/winter. All other adults 65-79 yrs are recommended vaccination only in fall/winter",Older adults,3,2024
SWE,2024-10-01,policy_comment,"Adults 18-64 yrs and above with chronic conditions are recommended vaccination once a year, in fall/winter",Adults with chronic conditions,3,2024
SWE,2024-10-01,date_product_start,2024-10-01T00:00:00Z,PFI-COJN-1,3,2024
SWE,2024-10-01,date_product_start,2023-11-30T00:00:00Z,NOV-NOXBB-1,3,2024
SWE,2024-10-01,date_product_start,2023-10-04T00:00:00Z,PFI-COXBB-1,3,2024
SWE,2024-10-01,status_product_use,YES,PFI-COJN-1,3,2024
SWE,2024-10-01,status_product_use,NO,NOV-NOXBB-1,3,2024
SWE,2024-10-01,status_product_use,NO,PFI-COXBB-1,3,2024
SWE,2025-01-01,policy_comment,"Alla persons >80  yrs  and persons 65-79 yrs in LTCF or with home care are recommended avaccinations twice a year. All the othe in age group 65-79 are recommended vaccination once a year, in fall",Older adults,4,2024
SWE,2025-01-01,policy_revacc,YES,Older adults,4,2024
SWE,2025-01-01,policy_revacc,YES,Adults with chronic conditions,4,2024
SWE,2025-01-01,policy_revacc,NO,Pregnant women,4,2024
SWE,2025-01-01,policy_revacc_interval,6_MONTHS,Older adults,4,2024
SWE,2025-01-01,policy_revacc_interval,12_MONTHS,Adults with chronic conditions,4,2024
RWA,2025-01-01,policy_comment,,Adults,4,2024
RWA,2025-01-01,policy_comment,,Adults with chronic conditions,4,2024
RWA,2025-01-01,policy_comment,,Child. & ado. with chronic conditions,4,2024
RWA,2025-01-01,policy_comment,,Children & adolescents,4,2024
RWA,2025-01-01,policy_comment,,Health and care workers,4,2024
RWA,2025-01-01,policy_comment,,Older adults,4,2024
RWA,2025-01-01,policy_comment,,Older adults with chronic conditions,4,2024
RWA,2025-01-01,policy_comment,,Other groups,4,2024
RWA,2025-01-01,policy_comment,,Pregnant women,4,2024
RWA,2025-01-01,policy_revacc,,Adults,4,2024
RWA,2025-01-01,policy_revacc,,Adults with chronic conditions,4,2024
RWA,2025-01-01,policy_revacc,,Child. & ado. with chronic conditions,4,2024
RWA,2025-01-01,policy_revacc,,Children & adolescents,4,2024
RWA,2025-01-01,policy_revacc,,Health and care workers,4,2024
RWA,2025-01-01,policy_revacc,,Older adults,4,2024
RWA,2025-01-01,policy_revacc,,Older adults with chronic conditions,4,2024
RWA,2025-01-01,policy_revacc,,Other groups,4,2024
RWA,2025-01-01,policy_revacc,,Pregnant women,4,2024
RWA,2025-01-01,policy_revacc_interval,,Adults,4,2024
RWA,2025-01-01,policy_revacc_interval,,Adults with chronic conditions,4,2024
RWA,2025-01-01,policy_revacc_interval,,Child. & ado. with chronic conditions,4,2024
RWA,2025-01-01,policy_revacc_interval,,Children & adolescents,4,2024
RWA,2025-01-01,policy_revacc_interval,,Health and care workers,4,2024
RWA,2025-01-01,policy_revacc_interval,,Older adults,4,2024
RWA,2025-01-01,policy_revacc_interval,,Older adults with chronic conditions,4,2024
RWA,2025-01-01,policy_revacc_interval,,Other groups,4,2024
RWA,2025-01-01,policy_revacc_interval,,Pregnant women,4,2024
RWA,2025-01-01,policy_vacc,,Adults,4,2024
RWA,2025-01-01,policy_vacc,,Adults with chronic conditions,4,2024
RWA,2025-01-01,policy_vacc,,Child. & ado. with chronic conditions,4,2024
RWA,2025-01-01,policy_vacc,,Children & adolescents,4,2024
RWA,2025-01-01,policy_vacc,,Health and care workers,4,2024
RWA,2025-01-01,policy_vacc,,Older adults,4,2024
RWA,2025-01-01,policy_vacc,,Older adults with chronic conditions,4,2024
RWA,2025-01-01,policy_vacc,,Other groups,4,2024
RWA,2025-01-01,policy_vacc,,Pregnant women,4,2024
MWI,2025-01-01,policy_comment,,Adults with chronic conditions,4,2024
MWI,2025-01-01,policy_comment,,Child. & ado. with chronic conditions,4,2024
MWI,2025-01-01,policy_comment,,Children & adolescents,4,2024
MWI,2025-01-01,policy_comment,,Older adults with chronic conditions,4,2024
MWI,2025-01-01,policy_comment,,Other groups,4,2024
MWI,2025-01-01,policy_revacc,,Other groups,4,2024
MWI,2025-01-01,policy_revacc_interval,,Children & adolescents,4,2024
MWI,2025-01-01,policy_revacc_interval,,Other groups,4,2024
MWI,2025-01-01,policy_vacc,,Other groups,4,2024
MWI,2025-01-01,policy_comment,>60 years and above,Adults,4,2024
MWI,2025-01-01,policy_comment,Starting from the first trimester,Pregnant women,4,2024
MWI,2025-01-01,policy_comment,"All staff working in health facilities including drivers, administrative and casual staff",Health and care workers,4,2024
MWI,2025-01-01,policy_comment,>60 years and above,Older adults,4,2024
MWI,2025-01-01,policy_vacc,YES,Adults,4,2024
MWI,2025-01-01,policy_vacc,YES,Adults with chronic conditions,4,2024
MWI,2025-01-01,policy_vacc,YES,Pregnant women,4,2024
MWI,2025-01-01,policy_vacc,YES,Health and care workers,4,2024
MWI,2025-01-01,policy_vacc,NO,Children & adolescents,4,2024
MWI,2025-01-01,policy_vacc,YES,Child. & ado. with chronic conditions,4,2024
MWI,2025-01-01,policy_vacc,YES,Older adults,4,2024
MWI,2025-01-01,policy_vacc,YES,Older adults with chronic conditions,4,2024
MWI,2025-01-01,policy_revacc,YES,Adults,4,2024
MWI,2025-01-01,policy_revacc,YES,Adults with chronic conditions,4,2024
MWI,2025-01-01,policy_revacc,YES,Pregnant women,4,2024
MWI,2025-01-01,policy_revacc,YES,Health and care workers,4,2024
MWI,2025-01-01,policy_revacc,NO,Children & adolescents,4,2024
MWI,2025-01-01,policy_revacc,YES,Child. & ado. with chronic conditions,4,2024
MWI,2025-01-01,policy_revacc,YES,Older adults,4,2024
MWI,2025-01-01,policy_revacc,YES,Older adults with chronic conditions,4,2024
MWI,2025-01-01,policy_revacc_interval,6_MONTHS,Adults,4,2024
MWI,2025-01-01,policy_revacc_interval,6_MONTHS,Adults with chronic conditions,4,2024
MWI,2025-01-01,policy_revacc_interval,6_MONTHS,Pregnant women,4,2024
MWI,2025-01-01,policy_revacc_interval,6_MONTHS,Health and care workers,4,2024
MWI,2025-01-01,policy_revacc_interval,6_MONTHS,Child. & ado. with chronic conditions,4,2024
MWI,2025-01-01,policy_revacc_interval,6_MONTHS,Older adults,4,2024
MWI,2025-01-01,policy_revacc_interval,6_MONTHS,Older adults with chronic conditions,4,2024
HTI,2024-10-01,comment,This vaccines was used by the French embassy,JAP-AD26-COV-2.5-1,3,2024
HTI,2024-10-01,comment,Used for the UN Staff,ASZ-AZD1222-1,3,2024
HTI,2024-10-01,date_product_start,2021-07-16T00:00:00Z,MOC-MRNA-1273-1,3,2024
HTI,2024-10-01,policy_revacc,NO,Older adults,3,2024
HTI,2024-10-01,policy_revacc,NO,Pregnant women,3,2024
HTI,2024-10-01,policy_revacc,NO,Health and care workers,3,2024
HTI,2024-10-01,policy_revacc,NO,Adults,3,2024
HTI,2024-10-01,policy_revacc,NO,Adults with chronic conditions,3,2024
HTI,2024-10-01,policy_revacc,NO,Older adults with chronic conditions,3,2024
HTI,2024-10-01,policy_revacc,NO,Child. & ado. with chronic conditions,3,2024
HTI,2024-10-01,policy_vacc,YES,Older adults,3,2024
HTI,2024-10-01,policy_vacc,YES,Pregnant women,3,2024
HTI,2024-10-01,policy_vacc,YES,Health and care workers,3,2024
HTI,2024-10-01,policy_vacc,NO,Children & adolescents,3,2024
HTI,2024-10-01,policy_vacc,YES,Adults,3,2024
HTI,2024-10-01,policy_vacc,YES,Adults with chronic conditions,3,2024
HTI,2024-10-01,policy_vacc,YES,Older adults with chronic conditions,3,2024
HTI,2024-10-01,policy_vacc,NO,Child. & ado. with chronic conditions,3,2024
HTI,2025-01-01,policy_comment,,Adults,4,2024
HTI,2025-01-01,policy_comment,,Adults with chronic conditions,4,2024
HTI,2025-01-01,policy_comment,,Child. & ado. with chronic conditions,4,2024
HTI,2025-01-01,policy_comment,,Children & adolescents,4,2024
HTI,2025-01-01,policy_comment,,Health and care workers,4,2024
HTI,2025-01-01,policy_comment,,Older adults,4,2024
HTI,2025-01-01,policy_comment,,Older adults with chronic conditions,4,2024
HTI,2025-01-01,policy_comment,,Other groups,4,2024
HTI,2025-01-01,policy_comment,,Pregnant women,4,2024
HTI,2025-01-01,policy_revacc,,Children & adolescents,4,2024
HTI,2025-01-01,policy_revacc,,Other groups,4,2024
HTI,2025-01-01,policy_revacc_interval,,Adults,4,2024
HTI,2025-01-01,policy_revacc_interval,,Adults with chronic conditions,4,2024
HTI,2025-01-01,policy_revacc_interval,,Child. & ado. with chronic conditions,4,2024
HTI,2025-01-01,policy_revacc_interval,,Children & adolescents,4,2024
HTI,2025-01-01,policy_revacc_interval,,Health and care workers,4,2024
HTI,2025-01-01,policy_revacc_interval,,Older adults,4,2024
HTI,2025-01-01,policy_revacc_interval,,Older adults with chronic conditions,4,2024
HTI,2025-01-01,policy_revacc_interval,,Other groups,4,2024
HTI,2025-01-01,policy_revacc_interval,,Pregnant women,4,2024
HTI,2025-01-01,policy_vacc,,Other groups,4,2024
HTI,2025-01-01,policy_vacc,NO,Children & adolescents,4,2024
HTI,2025-01-01,policy_vacc,YES,Child. & ado. with chronic conditions,4,2024
HTI,2025-01-01,policy_vacc,YES,Older adults,4,2024
HTI,2025-01-01,policy_vacc,YES,Older adults with chronic conditions,4,2024
HTI,2025-01-01,policy_vacc,YES,Adults,4,2024
HTI,2025-01-01,policy_vacc,YES,Adults with chronic conditions,4,2024
HTI,2025-01-01,policy_vacc,YES,Pregnant women,4,2024
HTI,2025-01-01,policy_vacc,YES,Health and care workers,4,2024
HTI,2025-01-01,policy_revacc,NO,Child. & ado. with chronic conditions,4,2024
HTI,2025-01-01,policy_revacc,NO,Older adults,4,2024
HTI,2025-01-01,policy_revacc,NO,Older adults with chronic conditions,4,2024
HTI,2025-01-01,policy_revacc,NO,Adults,4,2024
HTI,2025-01-01,policy_revacc,NO,Adults with chronic conditions,4,2024
HTI,2025-01-01,policy_revacc,NO,Pregnant women,4,2024
HTI,2025-01-01,policy_revacc,NO,Health and care workers,4,2024
LUX,2025-01-01,policy_vacc,YES,Older adults with chronic conditions,4,2024
LUX,2025-01-01,policy_vacc,YES,Older adults,4,2024
LUX,2025-01-01,policy_vacc,NO,Adults,4,2024
LUX,2025-01-01,policy_vacc,YES,Adults with chronic conditions,4,2024
LUX,2025-01-01,policy_vacc,YES,Pregnant women,4,2024
LUX,2025-01-01,policy_vacc,NO,Children & adolescents,4,2024
LUX,2025-01-01,policy_vacc,YES,Child. & ado. with chronic conditions,4,2024
LUX,2025-01-01,policy_vacc,NO,Other groups,4,2024
LUX,2025-01-01,policy_revacc,YES,Older adults with chronic conditions,4,2024
LUX,2025-01-01,policy_revacc,YES,Older adults,4,2024
LUX,2025-01-01,policy_revacc,NO,Adults,4,2024
LUX,2025-01-01,policy_revacc,YES,Adults with chronic conditions,4,2024
LUX,2025-01-01,policy_revacc,YES,Pregnant women,4,2024
LUX,2025-01-01,policy_revacc,YES,Health and care workers,4,2024
LUX,2025-01-01,policy_revacc,NO,Children & adolescents,4,2024
LUX,2025-01-01,policy_revacc,YES,Child. & ado. with chronic conditions,4,2024
LUX,2025-01-01,policy_revacc,NO,Other groups,4,2024
LUX,2024-07-01,date_product_start,2020-12-28T00:00:00Z,PFI-COMIRNATY-1,2,2024
LUX,2024-07-01,date_product_start,2022-03-01T00:00:00Z,NOV-COVAX-1,2,2024
LUX,2024-07-01,date_product_start,2021-02-10T00:00:00Z,ASZ-AZD1222-1,2,2024
LUX,2024-07-01,date_product_start,2021-04-14T00:00:00Z,JAP-AD26-COV-2.5-1,2,2024
LUX,2024-07-01,date_product_start,2021-01-21T00:00:00Z,MOC-MRNA-1273-1,2,2024
LUX,2024-07-01,date_product_start,2022-09-19T00:00:00Z,PFI-CBOOB1-2,2,2024
LUX,2024-07-01,date_product_start,2023-09-01T00:00:00Z,PFI-COXBB-1,2,2024
LUX,2024-07-01,date_product_start,2024-02-01T00:00:00Z,NOV-NOXBB-1,2,2024
LUX,2024-07-01,status_product_use,NO,PFI-COMIRNATY-1,2,2024
LUX,2024-07-01,status_product_use,NO,NOV-COVAX-1,2,2024
LUX,2024-07-01,status_product_use,NO,ASZ-AZD1222-1,2,2024
LUX,2024-07-01,status_product_use,NO,JAP-AD26-COV-2.5-1,2,2024
LUX,2024-07-01,status_product_use,NO,MOC-MRNA-1273-1,2,2024
LUX,2024-07-01,status_product_use,YES,PFI-CBOOB1-2,2,2024
LUX,2024-07-01,status_product_use,YES,PFI-COXBB-1,2,2024
LUX,2024-07-01,status_product_use,YES,NOV-NOXBB-1,2,2024
LUX,2024-07-01,comment,en fonction de la  livraison coordonnées par l'EU et de la disponibilité en vaccin,PFI-COMIRNATY-1,2,2024
LUX,2024-07-01,comment,en fonction de la  livraison coordonnées par l'EU et de la disponibilité en vaccin,NOV-COVAX-1,2,2024
LUX,2024-07-01,comment,en fonction de la  livraison coordonnées par l'EU et de la disponibilité en vaccin,ASZ-AZD1222-1,2,2024
LUX,2024-07-01,comment,en fonction de la  livraison coordonnées par l'EU et de la disponibilité en vaccin,JAP-AD26-COV-2.5-1,2,2024
LUX,2024-07-01,comment,en fonction de la  livraison coordonnées par l'EU et de la disponibilité en vaccin,MOC-MRNA-1273-1,2,2024
LUX,2024-07-01,comment,en fonction de la  livraison coordonnées par l'EU et de la disponibilité en vaccin,PFI-CBOOB1-2,2,2024
LUX,2024-07-01,comment,en fonction de la  livraison coordonnées par l'EU et de la disponibilité en vaccin,PFI-COXBB-1,2,2024
LUX,2024-07-01,policy_revacc,YES,Older adults,2,2024
LUX,2024-07-01,policy_revacc,YES,Older adults with chronic conditions,2,2024
LUX,2024-07-01,policy_revacc,YES,Adults with chronic conditions,2,2024
LUX,2024-07-01,policy_revacc,YES,Pregnant women,2,2024
LUX,2024-07-01,policy_revacc,YES,Health and care workers,2,2024
LUX,2024-07-01,policy_revacc,NO,Children & adolescents,2,2024
LUX,2024-07-01,policy_revacc,YES,Child. & ado. with chronic conditions,2,2024
LUX,2024-07-01,policy_vacc,YES,Older adults,2,2024
LUX,2024-07-01,policy_vacc,YES,Older adults with chronic conditions,2,2024
LUX,2024-07-01,policy_vacc,YES,Adults with chronic conditions,2,2024
LUX,2024-07-01,policy_vacc,YES,Pregnant women,2,2024
LUX,2024-07-01,policy_vacc,YES,Health and care workers,2,2024
LUX,2024-07-01,policy_vacc,YES,Child. & ado. with chronic conditions,2,2024
LUX,2024-07-01,policy_revacc_interval,6 mois après la dose précédente,Older adults,2,2024
LUX,2024-07-01,policy_revacc_interval,6 mois après la précédente vaccination,Older adults with chronic conditions,2,2024
LUX,2024-07-01,policy_revacc_interval,6 mois après la précédente vaccination,Adults with chronic conditions,2,2024
LUX,2024-07-01,policy_revacc_interval,6 mois après la précédente vaccination,Pregnant women,2,2024
LUX,2024-07-01,policy_revacc_interval,6 mois après la précédente vaccination,Health and care workers,2,2024
LUX,2024-07-01,policy_revacc_interval,6 mois après la précédente vaccination,Child. & ado. with chronic conditions,2,2024
LUX,2025-01-01,policy_comment,,Adults,4,2024
LUX,2025-01-01,policy_comment,,Children & adolescents,4,2024
LUX,2025-01-01,policy_comment,,Other groups,4,2024
LUX,2025-01-01,policy_revacc_interval,,Adults,4,2024
LUX,2025-01-01,policy_revacc_interval,,Children & adolescents,4,2024
LUX,2025-01-01,policy_revacc_interval,,Other groups,4,2024
LUX,2025-01-01,policy_vacc,,Health and care workers,4,2024
LUX,2024-04-01,policy_revacc_interval,6 mois après la dose précédente,Older adults,1,2024
LUX,2024-04-01,policy_revacc_interval,6 mois après la précédente vaccination,Older adults with chronic conditions,1,2024
LUX,2024-04-01,policy_revacc_interval,6 mois après la précédente vaccination,Adults with chronic conditions,1,2024
LUX,2024-04-01,policy_revacc_interval,6 mois après la précédente vaccination,Pregnant women,1,2024
LUX,2024-04-01,policy_revacc_interval,6 mois après la précédente vaccination,Health and care workers,1,2024
LUX,2024-04-01,policy_revacc_interval,6 mois après la précédente vaccination,Child. & ado. with chronic conditions,1,2024
LUX,2024-04-01,policy_revacc,YES,Older adults,1,2024
LUX,2024-04-01,policy_revacc,YES,Older adults with chronic conditions,1,2024
LUX,2024-04-01,policy_revacc,YES,Adults with chronic conditions,1,2024
LUX,2024-04-01,policy_revacc,YES,Pregnant women,1,2024
LUX,2024-04-01,policy_revacc,YES,Health and care workers,1,2024
LUX,2024-04-01,policy_revacc,NO,Children & adolescents,1,2024
LUX,2024-04-01,policy_revacc,YES,Child. & ado. with chronic conditions,1,2024
LUX,2024-04-01,policy_vacc,YES,Older adults,1,2024
LUX,2024-04-01,policy_vacc,YES,Older adults with chronic conditions,1,2024
LUX,2024-04-01,policy_vacc,YES,Adults with chronic conditions,1,2024
LUX,2024-04-01,policy_vacc,YES,Pregnant women,1,2024
LUX,2024-04-01,policy_vacc,YES,Health and care workers,1,2024
LUX,2024-04-01,policy_vacc,YES,Child. & ado. with chronic conditions,1,2024
LUX,2024-04-01,comment,en fonction de la  livraison coordonnées par l'EU et de la disponibilité en vaccin,PFI-COMIRNATY-1,1,2024
LUX,2024-04-01,comment,en fonction de la  livraison coordonnées par l'EU et de la disponibilité en vaccin,NOV-COVAX-1,1,2024
LUX,2024-04-01,comment,en fonction de la  livraison coordonnées par l'EU et de la disponibilité en vaccin,ASZ-AZD1222-1,1,2024
LUX,2024-04-01,comment,en fonction de la  livraison coordonnées par l'EU et de la disponibilité en vaccin,JAP-AD26-COV-2.5-1,1,2024
LUX,2024-04-01,comment,en fonction de la  livraison coordonnées par l'EU et de la disponibilité en vaccin,MOC-MRNA-1273-1,1,2024
LUX,2024-04-01,comment,en fonction de la  livraison coordonnées par l'EU et de la disponibilité en vaccin,PFI-CBOOB1-2,1,2024
LUX,2024-04-01,comment,en fonction de la  livraison coordonnées par l'EU et de la disponibilité en vaccin,PFI-COXBB-1,1,2024
LUX,2024-04-01,date_product_start,2020-12-28T00:00:00Z,PFI-COMIRNATY-1,1,2024
LUX,2024-04-01,date_product_start,2022-03-01T00:00:00Z,NOV-COVAX-1,1,2024
LUX,2024-04-01,date_product_start,2021-02-10T00:00:00Z,ASZ-AZD1222-1,1,2024
LUX,2024-04-01,date_product_start,2021-04-14T00:00:00Z,JAP-AD26-COV-2.5-1,1,2024
LUX,2024-04-01,date_product_start,2021-01-21T00:00:00Z,MOC-MRNA-1273-1,1,2024
LUX,2024-04-01,date_product_start,2022-09-19T00:00:00Z,PFI-CBOOB1-2,1,2024
LUX,2024-04-01,date_product_start,2023-09-01T00:00:00Z,PFI-COXBB-1,1,2024
LUX,2024-04-01,date_product_start,2024-02-01T00:00:00Z,NOV-NOXBB-1,1,2024
LUX,2024-04-01,status_product_use,NO,PFI-COMIRNATY-1,1,2024
LUX,2024-04-01,status_product_use,NO,NOV-COVAX-1,1,2024
LUX,2024-04-01,status_product_use,NO,ASZ-AZD1222-1,1,2024
LUX,2024-04-01,status_product_use,NO,JAP-AD26-COV-2.5-1,1,2024
LUX,2024-04-01,status_product_use,NO,MOC-MRNA-1273-1,1,2024
LUX,2024-04-01,status_product_use,YES,PFI-CBOOB1-2,1,2024
LUX,2024-04-01,status_product_use,YES,PFI-COXBB-1,1,2024
LUX,2024-04-01,status_product_use,YES,NOV-NOXBB-1,1,2024
LUX,2024-10-01,policy_vacc,YES,Older adults,3,2024
LUX,2024-10-01,policy_vacc,YES,Older adults with chronic conditions,3,2024
LUX,2024-10-01,policy_vacc,YES,Pregnant women,3,2024
LUX,2024-10-01,policy_vacc,YES,Health and care workers,3,2024
LUX,2024-10-01,policy_vacc,YES,Children & adolescents,3,2024
LUX,2024-10-01,policy_vacc,YES,Child. & ado. with chronic conditions,3,2024
LUX,2024-10-01,policy_vacc,YES,Adults,3,2024
LUX,2024-10-01,policy_vacc,YES,Adults with chronic conditions,3,2024
LUX,2024-10-01,policy_revacc,YES,Older adults,3,2024
LUX,2024-10-01,policy_revacc,YES,Older adults with chronic conditions,3,2024
LUX,2024-10-01,policy_revacc,YES,Pregnant women,3,2024
LUX,2024-10-01,policy_revacc,YES,Health and care workers,3,2024
LUX,2024-10-01,policy_revacc,NO,Children & adolescents,3,2024
LUX,2024-10-01,policy_revacc,YES,Child. & ado. with chronic conditions,3,2024
LUX,2024-10-01,policy_revacc,YES,Adults,3,2024
LUX,2024-10-01,policy_revacc,YES,Adults with chronic conditions,3,2024
LUX,2024-10-01,policy_revacc_interval,6 mois après la dose précédente,Older adults,3,2024
LUX,2024-10-01,policy_revacc_interval,6 mois après la précédente vaccination,Older adults with chronic conditions,3,2024
LUX,2024-10-01,policy_revacc_interval,6 mois après la précédente vaccination,Pregnant women,3,2024
LUX,2024-10-01,policy_revacc_interval,6 mois après la précédente vaccination,Health and care workers,3,2024
LUX,2024-10-01,policy_revacc_interval,6 mois après la précédente vaccination,Child. & ado. with chronic conditions,3,2024
LUX,2024-10-01,policy_revacc_interval,6 mois après la précédente vaccination,Adults,3,2024
LUX,2024-10-01,policy_revacc_interval,6 mois après la précédente vaccination,Adults with chronic conditions,3,2024
LUX,2024-10-01,status_product_use,NO,PFI-COMIRNATY-1,3,2024
LUX,2024-10-01,status_product_use,NO,NOV-COVAX-1,3,2024
LUX,2024-10-01,status_product_use,NO,ASZ-AZD1222-1,3,2024
LUX,2024-10-01,status_product_use,NO,JAP-AD26-COV-2.5-1,3,2024
LUX,2024-10-01,status_product_use,NO,MOC-MRNA-1273-1,3,2024
LUX,2024-10-01,status_product_use,YES,PFI-CBOOB1-2,3,2024
LUX,2024-10-01,status_product_use,YES,PFI-COXBB-1,3,2024
LUX,2024-10-01,status_product_use,NO,NOV-NOXBB-1,3,2024
LUX,2024-10-01,date_product_start,2020-12-28T00:00:00Z,PFI-COMIRNATY-1,3,2024
LUX,2024-10-01,date_product_start,2022-03-01T00:00:00Z,NOV-COVAX-1,3,2024
LUX,2024-10-01,date_product_start,2021-02-10T00:00:00Z,ASZ-AZD1222-1,3,2024
LUX,2024-10-01,date_product_start,2021-04-14T00:00:00Z,JAP-AD26-COV-2.5-1,3,2024
LUX,2024-10-01,date_product_start,2021-01-21T00:00:00Z,MOC-MRNA-1273-1,3,2024
LUX,2024-10-01,date_product_start,2022-09-19T00:00:00Z,PFI-CBOOB1-2,3,2024
LUX,2024-10-01,date_product_start,2023-09-04T00:00:00Z,PFI-COXBB-1,3,2024
LUX,2024-10-01,date_product_start,2024-02-01T00:00:00Z,NOV-NOXBB-1,3,2024
LUX,2024-10-01,comment,en fonction de la  livraison coordonnées par l'EU et de la disponibilité en vaccin,PFI-COMIRNATY-1,3,2024
LUX,2024-10-01,comment,en fonction de la  livraison coordonnées par l'EU et de la disponibilité en vaccin,NOV-COVAX-1,3,2024
LUX,2024-10-01,comment,en fonction de la  livraison coordonnées par l'EU et de la disponibilité en vaccin,ASZ-AZD1222-1,3,2024
LUX,2024-10-01,comment,en fonction de la  livraison coordonnées par l'EU et de la disponibilité en vaccin,JAP-AD26-COV-2.5-1,3,2024
LUX,2024-10-01,comment,en fonction de la  livraison coordonnées par l'EU et de la disponibilité en vaccin,MOC-MRNA-1273-1,3,2024
LUX,2024-10-01,comment,en fonction de la  livraison coordonnées par l'EU et de la disponibilité en vaccin,PFI-CBOOB1-2,3,2024
LUX,2024-10-01,comment,en fonction de la  livraison coordonnées par l'EU et de la disponibilité en vaccin,PFI-COXBB-1,3,2024
LUX,2024-10-01,comment,en fonction de la  livraison coordonnées par l'EU et de la disponibilité en vaccin,NOV-NOXBB-1,3,2024
LUX,2024-10-01,date_product_start,2024-08-23T00:00:00Z,PFI-COJN-1,3,2024
LUX,2024-10-01,status_product_use,YES,PFI-COJN-1,3,2024
LUX,2024-10-01,comment,en fonction de la  livraison coordonnées par l'EU et de la disponibilité en vaccin,PFI-COJN-1,3,2024
LUX,2025-01-01,policy_revacc_interval,12_MONTHS,Older adults with chronic conditions,4,2024
LUX,2025-01-01,policy_revacc_interval,12_MONTHS,Older adults,4,2024
LUX,2025-01-01,policy_revacc_interval,12_MONTHS,Adults with chronic conditions,4,2024
LUX,2025-01-01,policy_revacc_interval,12_MONTHS,Pregnant women,4,2024
LUX,2025-01-01,policy_revacc_interval,12_MONTHS,Health and care workers,4,2024
LUX,2025-01-01,policy_revacc_interval,12_MONTHS,Child. & ado. with chronic conditions,4,2024
LUX,2025-01-01,policy_comment,il y a un délai minimum de 6 mois s'il y a une infection ou une vaccination antérieure. Vaccination annuelle en automne,Older adults with chronic conditions,4,2024
LUX,2025-01-01,policy_comment,il y a un délai minimum de 6 mois s'il y a une infection ou une vaccination antérieure. Vaccination annuelle en automne,Older adults,4,2024
LUX,2025-01-01,policy_comment,il y a un délai minimum de 6 mois s'il y a une infection ou une vaccination antérieure. Vaccination annuelle en automne,Adults with chronic conditions,4,2024
LUX,2025-01-01,policy_comment,il y a un délai minimum de 6 mois s'il y a une infection ou une vaccination antérieure. Vaccination annuelle en automne,Pregnant women,4,2024
LUX,2025-01-01,policy_comment,il y a un délai minimum de 6 mois s'il y a une infection ou une vaccination antérieure. Vaccination annuelle en automne,Health and care workers,4,2024
LUX,2025-01-01,policy_comment,il y a un délai minimum de 6 mois s'il y a une infection ou une vaccination antérieure. Vaccination annuelle en automne,Child. & ado. with chronic conditions,4,2024
ZAF,2025-01-01,policy_vacc,NO,Older adults,4,2024
ZAF,2025-01-01,policy_revacc,NO,Older adults,4,2024
ZAF,2025-01-01,policy_comment,,Adults,4,2024
ZAF,2025-01-01,policy_comment,,Adults with chronic conditions,4,2024
ZAF,2025-01-01,policy_comment,,Child. & ado. with chronic conditions,4,2024
ZAF,2025-01-01,policy_comment,,Children & adolescents,4,2024
ZAF,2025-01-01,policy_comment,,Health and care workers,4,2024
ZAF,2025-01-01,policy_comment,,Older adults,4,2024
ZAF,2025-01-01,policy_comment,,Older adults with chronic conditions,4,2024
ZAF,2025-01-01,policy_comment,,Other groups,4,2024
ZAF,2025-01-01,policy_comment,,Pregnant women,4,2024
ZAF,2025-01-01,policy_revacc,,Adults,4,2024
ZAF,2025-01-01,policy_revacc,,Adults with chronic conditions,4,2024
ZAF,2025-01-01,policy_revacc,,Child. & ado. with chronic conditions,4,2024
ZAF,2025-01-01,policy_revacc,,Children & adolescents,4,2024
ZAF,2025-01-01,policy_revacc,,Health and care workers,4,2024
ZAF,2025-01-01,policy_revacc,,Older adults with chronic conditions,4,2024
ZAF,2025-01-01,policy_revacc,,Other groups,4,2024
ZAF,2025-01-01,policy_revacc,,Pregnant women,4,2024
ZAF,2025-01-01,policy_revacc_interval,,Adults,4,2024
ZAF,2025-01-01,policy_revacc_interval,,Adults with chronic conditions,4,2024
ZAF,2025-01-01,policy_revacc_interval,,Child. & ado. with chronic conditions,4,2024
ZAF,2025-01-01,policy_revacc_interval,,Children & adolescents,4,2024
ZAF,2025-01-01,policy_revacc_interval,,Health and care workers,4,2024
ZAF,2025-01-01,policy_revacc_interval,,Older adults,4,2024
ZAF,2025-01-01,policy_revacc_interval,,Older adults with chronic conditions,4,2024
ZAF,2025-01-01,policy_revacc_interval,,Other groups,4,2024
ZAF,2025-01-01,policy_revacc_interval,,Pregnant women,4,2024
ZAF,2025-01-01,policy_vacc,,Adults,4,2024
ZAF,2025-01-01,policy_vacc,,Adults with chronic conditions,4,2024
ZAF,2025-01-01,policy_vacc,,Child. & ado. with chronic conditions,4,2024
ZAF,2025-01-01,policy_vacc,,Children & adolescents,4,2024
ZAF,2025-01-01,policy_vacc,,Health and care workers,4,2024
ZAF,2025-01-01,policy_vacc,,Older adults with chronic conditions,4,2024
ZAF,2025-01-01,policy_vacc,,Other groups,4,2024
ZAF,2025-01-01,policy_vacc,,Pregnant women,4,2024
NOR,2024-04-01,date_product_start,2021-01-14T00:00:00Z,MOC-MRNA-1273-1,1,2024
NOR,2024-04-01,date_product_start,2020-12-27T00:00:00Z,PFI-COMIRNATY-1,1,2024
NOR,2024-04-01,date_product_start,2021-02-08T00:00:00Z,ASZ-AZD1222-1,1,2024
NOR,2024-04-01,comment,Vaccination start planned April is postponed,JAP-AD26-COV-2.5-1,1,2024
NOR,2024-04-01,comment,Use of AstraZeneca vaccine was paused 11.03.2021 in Norway.,ASZ-AZD1222-1,1,2024
NOR,2024-04-01,status_product_use,NO,JAP-AD26-COV-2.5-1,1,2024
NOR,2024-04-01,status_product_use,NO,MOC-MRNA-1273-1,1,2024
NOR,2024-04-01,status_product_use,NO,PFI-COMIRNATY-1,1,2024
NOR,2024-04-01,status_product_use,NO,ASZ-AZD1222-1,1,2024
NOR,2024-04-01,date_product_start,2023-10-01T00:00:00Z,PFI-COXBB-1,1,2024
NOR,2024-04-01,status_product_use,YES,PFI-COXBB-1,1,2024
NOR,2024-04-01,policy_revacc,YES,Pregnant women,1,2024
NOR,2024-04-01,policy_revacc,NO,Health and care workers,1,2024
NOR,2024-04-01,policy_revacc,NO,Children & adolescents,1,2024
NOR,2024-04-01,policy_revacc,YES,Child. & ado. with chronic conditions,1,2024
NOR,2024-04-01,policy_revacc,NO,Other groups,1,2024
NOR,2024-04-01,policy_revacc,YES,Older adults,1,2024
NOR,2024-04-01,policy_revacc,YES,Older adults with chronic conditions,1,2024
NOR,2024-04-01,policy_revacc,NO,Adults,1,2024
NOR,2024-04-01,policy_revacc,YES,Adults with chronic conditions,1,2024
NOR,2024-04-01,policy_vacc,YES,Pregnant women,1,2024
NOR,2024-04-01,policy_vacc,NO,Health and care workers,1,2024
NOR,2024-04-01,policy_vacc,NO,Children & adolescents,1,2024
NOR,2024-04-01,policy_vacc,YES,Child. & ado. with chronic conditions,1,2024
NOR,2024-04-01,policy_vacc,NO,Other groups,1,2024
NOR,2024-04-01,policy_vacc,YES,Older adults,1,2024
NOR,2024-04-01,policy_vacc,YES,Older adults with chronic conditions,1,2024
NOR,2024-04-01,policy_vacc,NO,Adults,1,2024
NOR,2024-04-01,policy_vacc,YES,Adults with chronic conditions,1,2024
NOR,2024-10-01,policy_vacc,YES,Older adults,3,2024
NOR,2024-10-01,policy_vacc,YES,Older adults with chronic conditions,3,2024
NOR,2024-10-01,policy_vacc,NO,Adults,3,2024
NOR,2024-10-01,policy_vacc,YES,Adults with chronic conditions,3,2024
NOR,2024-10-01,policy_vacc,YES,Pregnant women,3,2024
NOR,2024-10-01,policy_vacc,NO,Health and care workers,3,2024
NOR,2024-10-01,policy_vacc,NO,Children & adolescents,3,2024
NOR,2024-10-01,policy_vacc,YES,Child. & ado. with chronic conditions,3,2024
NOR,2024-10-01,policy_vacc,NO,Other groups,3,2024
NOR,2024-10-01,policy_revacc,YES,Older adults,3,2024
NOR,2024-10-01,policy_revacc,YES,Older adults with chronic conditions,3,2024
NOR,2024-10-01,policy_revacc,NO,Adults,3,2024
NOR,2024-10-01,policy_revacc,YES,Adults with chronic conditions,3,2024
NOR,2024-10-01,policy_revacc,YES,Pregnant women,3,2024
NOR,2024-10-01,policy_revacc,NO,Health and care workers,3,2024
NOR,2024-10-01,policy_revacc,NO,Children & adolescents,3,2024
NOR,2024-10-01,policy_revacc,YES,Child. & ado. with chronic conditions,3,2024
NOR,2024-10-01,policy_revacc,NO,Other groups,3,2024
NOR,2024-07-01,policy_vacc,YES,Older adults,2,2024
NOR,2024-07-01,policy_vacc,YES,Older adults with chronic conditions,2,2024
NOR,2024-07-01,policy_vacc,NO,Adults,2,2024
NOR,2024-07-01,policy_vacc,YES,Adults with chronic conditions,2,2024
NOR,2024-07-01,policy_vacc,YES,Pregnant women,2,2024
NOR,2024-07-01,policy_vacc,NO,Health and care workers,2,2024
NOR,2024-07-01,policy_vacc,NO,Children & adolescents,2,2024
NOR,2024-07-01,policy_vacc,YES,Child. & ado. with chronic conditions,2,2024
NOR,2024-07-01,policy_vacc,NO,Other groups,2,2024
NOR,2024-07-01,policy_revacc,YES,Older adults,2,2024
NOR,2024-07-01,policy_revacc,YES,Older adults with chronic conditions,2,2024
NOR,2024-07-01,policy_revacc,NO,Adults,2,2024
NOR,2024-07-01,policy_revacc,YES,Adults with chronic conditions,2,2024
NOR,2024-07-01,policy_revacc,YES,Pregnant women,2,2024
NOR,2024-07-01,policy_revacc,NO,Health and care workers,2,2024
NOR,2024-07-01,policy_revacc,NO,Children & adolescents,2,2024
NOR,2024-07-01,policy_revacc,YES,Child. & ado. with chronic conditions,2,2024
NOR,2024-07-01,policy_revacc,NO,Other groups,2,2024
NOR,2025-01-01,policy_comment,,Adults,4,2024
NOR,2025-01-01,policy_comment,,Adults with chronic conditions,4,2024
NOR,2025-01-01,policy_comment,,Child. & ado. with chronic conditions,4,2024
NOR,2025-01-01,policy_comment,,Children & adolescents,4,2024
NOR,2025-01-01,policy_comment,,Older adults with chronic conditions,4,2024
NOR,2025-01-01,policy_comment,,Other groups,4,2024
NOR,2025-01-01,policy_revacc,,Other groups,4,2024
NOR,2025-01-01,policy_revacc_interval,,Adults,4,2024
NOR,2025-01-01,policy_revacc_interval,,Children & adolescents,4,2024
NOR,2025-01-01,policy_revacc_interval,,Health and care workers,4,2024
NOR,2025-01-01,policy_revacc_interval,,Other groups,4,2024
NOR,2025-01-01,policy_vacc,,Other groups,4,2024
NOR,2024-07-01,comment,Vaccination start planned April is postponed,JAP-AD26-COV-2.5-1,2,2024
NOR,2024-07-01,comment,Use of AstraZeneca vaccine was paused 11.03.2021 in Norway.,ASZ-AZD1222-1,2,2024
NOR,2024-07-01,status_product_use,YES,PFI-COXBB-1,2,2024
NOR,2024-07-01,status_product_use,NO,JAP-AD26-COV-2.5-1,2,2024
NOR,2024-07-01,status_product_use,NO,MOC-MRNA-1273-1,2,2024
NOR,2024-07-01,status_product_use,NO,PFI-COMIRNATY-1,2,2024
NOR,2024-07-01,status_product_use,NO,ASZ-AZD1222-1,2,2024
NOR,2024-07-01,date_product_start,2023-10-01T00:00:00Z,PFI-COXBB-1,2,2024
NOR,2024-07-01,date_product_start,2021-01-14T00:00:00Z,MOC-MRNA-1273-1,2,2024
NOR,2024-07-01,date_product_start,2020-12-27T00:00:00Z,PFI-COMIRNATY-1,2,2024
NOR,2024-07-01,date_product_start,2021-02-08T00:00:00Z,ASZ-AZD1222-1,2,2024
NOR,2025-01-01,policy_revacc,YES,Child. & ado. with chronic conditions,4,2024
NOR,2025-01-01,policy_revacc,YES,Older adults,4,2024
NOR,2025-01-01,policy_revacc,YES,Older adults with chronic conditions,4,2024
NOR,2025-01-01,policy_revacc,NO,Adults,4,2024
NOR,2025-01-01,policy_revacc,YES,Adults with chronic conditions,4,2024
NOR,2025-01-01,policy_revacc,YES,Pregnant women,4,2024
NOR,2025-01-01,policy_revacc,NO,Health and care workers,4,2024
NOR,2025-01-01,policy_revacc,NO,Children & adolescents,4,2024
NOR,2025-01-01,policy_revacc_interval,OTHER,Child. & ado. with chronic conditions,4,2024
NOR,2025-01-01,policy_revacc_interval,12_MONTHS,Older adults,4,2024
NOR,2025-01-01,policy_revacc_interval,OTHER,Older adults with chronic conditions,4,2024
NOR,2025-01-01,policy_revacc_interval,OTHER,Adults with chronic conditions,4,2024
NOR,2025-01-01,policy_revacc_interval,6_MONTHS,Pregnant women,4,2024
NOR,2025-01-01,policy_comment,65 years and older,Older adults,4,2024
NOR,2025-01-01,policy_comment,"2nd and 3rd trimester, 1st trimester for pregnant health care workers",Pregnant women,4,2024
NOR,2025-01-01,policy_comment,Only recommended to health care workers who are in a risk group but not recommended to alle health care personell in general,Health and care workers,4,2024
NOR,2025-01-01,policy_vacc,YES,Child. & ado. with chronic conditions,4,2024
NOR,2025-01-01,policy_vacc,YES,Older adults,4,2024
NOR,2025-01-01,policy_vacc,YES,Older adults with chronic conditions,4,2024
NOR,2025-01-01,policy_vacc,NO,Adults,4,2024
NOR,2025-01-01,policy_vacc,YES,Adults with chronic conditions,4,2024
NOR,2025-01-01,policy_vacc,YES,Pregnant women,4,2024
NOR,2025-01-01,policy_vacc,YES,Health and care workers,4,2024
NOR,2025-01-01,policy_vacc,NO,Children & adolescents,4,2024
NOR,2024-10-01,status_product_use,YES,PFI-COJN-1,3,2024
NOR,2024-10-01,status_product_use,NO,PFI-COXBB-1,3,2024
NOR,2024-10-01,status_product_use,NO,JAP-AD26-COV-2.5-1,3,2024
NOR,2024-10-01,status_product_use,NO,MOC-MRNA-1273-1,3,2024
NOR,2024-10-01,status_product_use,NO,PFI-COMIRNATY-1,3,2024
NOR,2024-10-01,status_product_use,NO,ASZ-AZD1222-1,3,2024
NOR,2024-10-01,comment,Vaccination start planned April is postponed,JAP-AD26-COV-2.5-1,3,2024
NOR,2024-10-01,comment,Use of AstraZeneca vaccine was paused 11.03.2021 in Norway.,ASZ-AZD1222-1,3,2024
NOR,2024-10-01,date_product_start,2024-10-01T00:00:00Z,PFI-COJN-1,3,2024
NOR,2024-10-01,date_product_start,2023-10-01T00:00:00Z,PFI-COXBB-1,3,2024
NOR,2024-10-01,date_product_start,2021-01-14T00:00:00Z,MOC-MRNA-1273-1,3,2024
NOR,2024-10-01,date_product_start,2020-12-27T00:00:00Z,PFI-COMIRNATY-1,3,2024
NOR,2024-10-01,date_product_start,2021-02-08T00:00:00Z,ASZ-AZD1222-1,3,2024
NRU,2025-01-01,policy_comment,,Adults,4,2024
NRU,2025-01-01,policy_comment,,Adults with chronic conditions,4,2024
NRU,2025-01-01,policy_comment,,Child. & ado. with chronic conditions,4,2024
NRU,2025-01-01,policy_comment,,Children & adolescents,4,2024
NRU,2025-01-01,policy_comment,,Health and care workers,4,2024
NRU,2025-01-01,policy_comment,,Older adults,4,2024
NRU,2025-01-01,policy_comment,,Older adults with chronic conditions,4,2024
NRU,2025-01-01,policy_comment,,Other groups,4,2024
NRU,2025-01-01,policy_comment,,Pregnant women,4,2024
NRU,2025-01-01,policy_revacc,,Adults,4,2024
NRU,2025-01-01,policy_revacc,,Adults with chronic conditions,4,2024
NRU,2025-01-01,policy_revacc,,Child. & ado. with chronic conditions,4,2024
NRU,2025-01-01,policy_revacc,,Children & adolescents,4,2024
NRU,2025-01-01,policy_revacc,,Health and care workers,4,2024
NRU,2025-01-01,policy_revacc,,Older adults,4,2024
NRU,2025-01-01,policy_revacc,,Older adults with chronic conditions,4,2024
NRU,2025-01-01,policy_revacc,,Other groups,4,2024
NRU,2025-01-01,policy_revacc,,Pregnant women,4,2024
NRU,2025-01-01,policy_revacc_interval,,Adults,4,2024
NRU,2025-01-01,policy_revacc_interval,,Adults with chronic conditions,4,2024
NRU,2025-01-01,policy_revacc_interval,,Child. & ado. with chronic conditions,4,2024
NRU,2025-01-01,policy_revacc_interval,,Children & adolescents,4,2024
NRU,2025-01-01,policy_revacc_interval,,Health and care workers,4,2024
NRU,2025-01-01,policy_revacc_interval,,Older adults,4,2024
NRU,2025-01-01,policy_revacc_interval,,Older adults with chronic conditions,4,2024
NRU,2025-01-01,policy_revacc_interval,,Other groups,4,2024
NRU,2025-01-01,policy_revacc_interval,,Pregnant women,4,2024
NRU,2025-01-01,policy_vacc,,Adults,4,2024
NRU,2025-01-01,policy_vacc,,Adults with chronic conditions,4,2024
NRU,2025-01-01,policy_vacc,,Child. & ado. with chronic conditions,4,2024
NRU,2025-01-01,policy_vacc,,Children & adolescents,4,2024
NRU,2025-01-01,policy_vacc,,Health and care workers,4,2024
NRU,2025-01-01,policy_vacc,,Older adults,4,2024
NRU,2025-01-01,policy_vacc,,Older adults with chronic conditions,4,2024
NRU,2025-01-01,policy_vacc,,Other groups,4,2024
NRU,2025-01-01,policy_vacc,,Pregnant women,4,2024
FIN,2024-07-01,date_product_start,2021-10-25T00:00:00Z,JAP-AD26-COV-2.5-1,2,2024
FIN,2024-07-01,date_product_start,2021-01-18T00:00:00Z,MOC-MRNA-1273-1,2,2024
FIN,2024-07-01,date_product_start,2020-12-27T00:00:00Z,PFI-COMIRNATY-1,2,2024
FIN,2024-07-01,date_product_start,2022-03-03T00:00:00Z,NOV-COVAX-1,2,2024
FIN,2024-07-01,date_product_start,2021-02-08T00:00:00Z,ASZ-AZD1222-1,2,2024
FIN,2024-07-01,status_product_use,NO,JAP-AD26-COV-2.5-1,2,2024
FIN,2024-07-01,status_product_use,NO,MOC-MRNA-1273-1,2,2024
FIN,2024-07-01,status_product_use,YES,PFI-COMIRNATY-1,2,2024
FIN,2024-07-01,status_product_use,NO,NOV-COVAX-1,2,2024
FIN,2024-07-01,status_product_use,NO,ASZ-AZD1222-1,2,2024
FIN,2024-07-01,policy_revacc_interval,yearly,Older adults,2,2024
FIN,2024-07-01,policy_revacc_interval,yearly,Older adults with chronic conditions,2,2024
FIN,2024-07-01,policy_revacc_interval,yearly,Pregnant women,2,2024
FIN,2024-07-01,policy_revacc_interval,Individual evaluation,Other groups,2,2024
FIN,2024-07-01,policy_revacc_interval,yearly,Adults with chronic conditions,2,2024
FIN,2024-07-01,policy_revacc,YES,Older adults,2,2024
FIN,2024-07-01,policy_revacc,YES,Older adults with chronic conditions,2,2024
FIN,2024-07-01,policy_revacc,YES,Pregnant women,2,2024
FIN,2024-07-01,policy_revacc,NO,Health and care workers,2,2024
FIN,2024-07-01,policy_revacc,NO,Children & adolescents,2,2024
FIN,2024-07-01,policy_revacc,NO,Child. & ado. with chronic conditions,2,2024
FIN,2024-07-01,policy_revacc,YES,Other groups,2,2024
FIN,2024-07-01,policy_revacc,NO,Adults,2,2024
FIN,2024-07-01,policy_revacc,YES,Adults with chronic conditions,2,2024
FIN,2024-07-01,policy_vacc,YES,Older adults,2,2024
FIN,2024-07-01,policy_vacc,YES,Older adults with chronic conditions,2,2024
FIN,2024-07-01,policy_vacc,YES,Pregnant women,2,2024
FIN,2024-07-01,policy_vacc,NO,Health and care workers,2,2024
FIN,2024-07-01,policy_vacc,NO,Children & adolescents,2,2024
FIN,2024-07-01,policy_vacc,YES,Child. & ado. with chronic conditions,2,2024
FIN,2024-07-01,policy_vacc,YES,Other groups,2,2024
FIN,2024-07-01,policy_vacc,NO,Adults,2,2024
FIN,2024-07-01,policy_vacc,YES,Adults with chronic conditions,2,2024
FIN,2024-07-01,policy_comment,Immunocompromised from 6 months on,Other groups,2,2024
FIN,2025-01-01,policy_comment,,Adults,4,2024
FIN,2025-01-01,policy_comment,,Children & adolescents,4,2024
FIN,2025-01-01,policy_comment,,Health and care workers,4,2024
FIN,2025-01-01,policy_revacc,,Children & adolescents,4,2024
FIN,2025-01-01,policy_revacc_interval,,Adults,4,2024
FIN,2025-01-01,policy_revacc_interval,,Child. & ado. with chronic conditions,4,2024
FIN,2025-01-01,policy_revacc_interval,,Children & adolescents,4,2024
FIN,2025-01-01,policy_revacc_interval,,Health and care workers,4,2024
FIN,2025-01-01,policy_vacc,YES,Adults,4,2024
FIN,2025-01-01,policy_vacc,YES,Older adults,4,2024
FIN,2025-01-01,policy_vacc,YES,Older adults with chronic conditions,4,2024
FIN,2025-01-01,policy_vacc,YES,Pregnant women,4,2024
FIN,2025-01-01,policy_vacc,YES,Adults with chronic conditions,4,2024
FIN,2025-01-01,policy_vacc,YES,Health and care workers,4,2024
FIN,2025-01-01,policy_vacc,NO,Children & adolescents,4,2024
FIN,2025-01-01,policy_vacc,YES,Child. & ado. with chronic conditions,4,2024
FIN,2025-01-01,policy_vacc,YES,Other groups,4,2024
FIN,2025-01-01,policy_revacc,NO,Adults,4,2024
FIN,2025-01-01,policy_revacc,YES,Older adults,4,2024
FIN,2025-01-01,policy_revacc,YES,Older adults with chronic conditions,4,2024
FIN,2025-01-01,policy_revacc,YES,Pregnant women,4,2024
FIN,2025-01-01,policy_revacc,YES,Adults with chronic conditions,4,2024
FIN,2025-01-01,policy_revacc,NO,Health and care workers,4,2024
FIN,2025-01-01,policy_revacc,NO,Child. & ado. with chronic conditions,4,2024
FIN,2025-01-01,policy_revacc,YES,Other groups,4,2024
FIN,2025-01-01,policy_revacc_interval,12_MONTHS,Older adults,4,2024
FIN,2025-01-01,policy_revacc_interval,12_MONTHS,Older adults with chronic conditions,4,2024
FIN,2025-01-01,policy_revacc_interval,12_MONTHS,Pregnant women,4,2024
FIN,2025-01-01,policy_revacc_interval,12_MONTHS,Adults with chronic conditions,4,2024
FIN,2025-01-01,policy_revacc_interval,12_MONTHS,Other groups,4,2024
FIN,2025-01-01,policy_comment,assessed yearly,Older adults,4,2024
FIN,2025-01-01,policy_comment,assessed yearly,Older adults with chronic conditions,4,2024
FIN,2025-01-01,policy_comment,assessed yearly,Pregnant women,4,2024
FIN,2025-01-01,policy_comment,assessed yearly,Adults with chronic conditions,4,2024
FIN,2025-01-01,policy_comment,From 12 years 1 dose,Child. & ado. with chronic conditions,4,2024
FIN,2025-01-01,policy_comment,severely immunocompromised from 6 months 2-3 doses,Other groups,4,2024
MKD,2025-01-01,policy_vacc,NO,Adults,4,2024
MKD,2025-01-01,policy_vacc,YES,Adults with chronic conditions,4,2024
MKD,2025-01-01,policy_vacc,YES,Pregnant women,4,2024
MKD,2025-01-01,policy_vacc,YES,Health and care workers,4,2024
MKD,2025-01-01,policy_vacc,NO,Children & adolescents,4,2024
MKD,2025-01-01,policy_vacc,YES,Child. & ado. with chronic conditions,4,2024
MKD,2025-01-01,policy_vacc,NO,Other groups,4,2024
MKD,2025-01-01,policy_vacc,YES,Older adults,4,2024
MKD,2025-01-01,policy_vacc,YES,Older adults with chronic conditions,4,2024
MKD,2025-01-01,policy_revacc,NO,Adults,4,2024
MKD,2025-01-01,policy_revacc,YES,Adults with chronic conditions,4,2024
MKD,2025-01-01,policy_revacc,NO,Pregnant women,4,2024
MKD,2025-01-01,policy_revacc,YES,Health and care workers,4,2024
MKD,2025-01-01,policy_revacc,YES,Child. & ado. with chronic conditions,4,2024
MKD,2025-01-01,policy_revacc,NO,Other groups,4,2024
MKD,2025-01-01,policy_revacc,YES,Older adults,4,2024
MKD,2025-01-01,policy_revacc,YES,Older adults with chronic conditions,4,2024
MKD,2025-01-01,policy_revacc_interval,6_MONTHS,Adults with chronic conditions,4,2024
MKD,2025-01-01,policy_revacc_interval,12_MONTHS,Health and care workers,4,2024
MKD,2025-01-01,policy_revacc_interval,6_MONTHS,Child. & ado. with chronic conditions,4,2024
MKD,2025-01-01,policy_revacc_interval,6_MONTHS,Older adults,4,2024
MKD,2025-01-01,policy_revacc_interval,12_MONTHS,Older adults with chronic conditions,4,2024
MKD,2025-01-01,policy_comment,≥65 yoa,Older adults,4,2024
MKD,2025-01-01,policy_comment,,Adults,4,2024
MKD,2025-01-01,policy_comment,,Adults with chronic conditions,4,2024
MKD,2025-01-01,policy_comment,,Child. & ado. with chronic conditions,4,2024
MKD,2025-01-01,policy_comment,,Children & adolescents,4,2024
MKD,2025-01-01,policy_comment,,Health and care workers,4,2024
MKD,2025-01-01,policy_comment,,Older adults with chronic conditions,4,2024
MKD,2025-01-01,policy_comment,,Other groups,4,2024
MKD,2025-01-01,policy_comment,,Pregnant women,4,2024
MKD,2025-01-01,policy_revacc,,Children & adolescents,4,2024
MKD,2025-01-01,policy_revacc_interval,,Adults,4,2024
MKD,2025-01-01,policy_revacc_interval,,Children & adolescents,4,2024
MKD,2025-01-01,policy_revacc_interval,,Other groups,4,2024
MKD,2025-01-01,policy_revacc_interval,,Pregnant women,4,2024
BEN,2025-01-01,policy_revacc_interval,6_MONTHS,Child. & ado. with chronic conditions,4,2024
BEN,2025-01-01,policy_revacc_interval,6_MONTHS,Older adults,4,2024
BEN,2025-01-01,policy_revacc_interval,6_MONTHS,Older adults with chronic conditions,4,2024
BEN,2025-01-01,policy_revacc_interval,6_MONTHS,Health and care workers,4,2024
BEN,2025-01-01,policy_revacc_interval,6_MONTHS,Children & adolescents,4,2024
BEN,2025-01-01,policy_revacc_interval,6_MONTHS,Adults with chronic conditions,4,2024
BEN,2025-01-01,policy_revacc_interval,6_MONTHS,Adults,4,2024
BEN,2025-01-01,policy_vacc,YES,Child. & ado. with chronic conditions,4,2024
BEN,2025-01-01,policy_vacc,YES,Older adults,4,2024
BEN,2025-01-01,policy_vacc,YES,Older adults with chronic conditions,4,2024
BEN,2025-01-01,policy_vacc,NO,Pregnant women,4,2024
BEN,2025-01-01,policy_vacc,YES,Health and care workers,4,2024
BEN,2025-01-01,policy_vacc,YES,Children & adolescents,4,2024
BEN,2025-01-01,policy_vacc,YES,Adults with chronic conditions,4,2024
BEN,2025-01-01,policy_vacc,YES,Adults,4,2024
BEN,2025-01-01,policy_revacc,YES,Child. & ado. with chronic conditions,4,2024
BEN,2025-01-01,policy_revacc,YES,Older adults,4,2024
BEN,2025-01-01,policy_revacc,YES,Older adults with chronic conditions,4,2024
BEN,2025-01-01,policy_revacc,NO,Pregnant women,4,2024
BEN,2025-01-01,policy_revacc,YES,Health and care workers,4,2024
BEN,2025-01-01,policy_revacc,YES,Children & adolescents,4,2024
BEN,2025-01-01,policy_revacc,YES,Adults with chronic conditions,4,2024
BEN,2025-01-01,policy_revacc,YES,Adults,4,2024
BEN,2025-01-01,policy_comment,,Adults,4,2024
BEN,2025-01-01,policy_comment,,Adults with chronic conditions,4,2024
BEN,2025-01-01,policy_comment,,Child. & ado. with chronic conditions,4,2024
BEN,2025-01-01,policy_comment,,Children & adolescents,4,2024
BEN,2025-01-01,policy_comment,,Health and care workers,4,2024
BEN,2025-01-01,policy_comment,,Older adults,4,2024
BEN,2025-01-01,policy_comment,,Older adults with chronic conditions,4,2024
BEN,2025-01-01,policy_comment,,Other groups,4,2024
BEN,2025-01-01,policy_comment,,Pregnant women,4,2024
BEN,2025-01-01,policy_revacc,,Other groups,4,2024
BEN,2025-01-01,policy_revacc_interval,,Other groups,4,2024
BEN,2025-01-01,policy_revacc_interval,,Pregnant women,4,2024
BEN,2025-01-01,policy_vacc,,Other groups,4,2024
HND,2025-01-01,policy_comment,No,Health and care workers,4,2024
HND,2025-01-01,policy_revacc_interval,6_MONTHS,Older adults,4,2024
HND,2025-01-01,policy_revacc_interval,6_MONTHS,Older adults with chronic conditions,4,2024
HND,2025-01-01,policy_revacc_interval,12_MONTHS,Adults with chronic conditions,4,2024
HND,2025-01-01,policy_revacc_interval,12_MONTHS,Health and care workers,4,2024
HND,2025-01-01,policy_revacc_interval,12_MONTHS,Child. & ado. with chronic conditions,4,2024
HND,2025-01-01,policy_comment,,Adults,4,2024
HND,2025-01-01,policy_comment,,Adults with chronic conditions,4,2024
HND,2025-01-01,policy_comment,,Child. & ado. with chronic conditions,4,2024
HND,2025-01-01,policy_comment,,Children & adolescents,4,2024
HND,2025-01-01,policy_comment,,Older adults,4,2024
HND,2025-01-01,policy_comment,,Older adults with chronic conditions,4,2024
HND,2025-01-01,policy_comment,,Other groups,4,2024
HND,2025-01-01,policy_comment,,Pregnant women,4,2024
HND,2025-01-01,policy_revacc,,Other groups,4,2024
HND,2025-01-01,policy_revacc_interval,,Adults,4,2024
HND,2025-01-01,policy_revacc_interval,,Children & adolescents,4,2024
HND,2025-01-01,policy_revacc_interval,,Other groups,4,2024
HND,2025-01-01,policy_revacc_interval,,Pregnant women,4,2024
HND,2025-01-01,policy_vacc,,Other groups,4,2024
HND,2024-10-01,date_product_start,2021-05-22T00:00:00Z,SII-COVISHIELD-1,3,2024
HND,2024-10-01,date_product_start,2021-06-21T00:00:00Z,PFI-COMIRNATY-1,3,2024
HND,2024-10-01,date_product_start,2021-02-25T00:00:00Z,MOC-MRNA-1273-1,3,2024
HND,2024-10-01,date_product_start,2021-04-22T09:41:48Z,GRI-SPUTNIKV-1,3,2024
HND,2024-10-01,date_product_start,2023-09-10T12:56:38Z,PFI-CBOOB1-2,3,2024
HND,2024-10-01,date_product_start,2021-03-15T00:00:00Z,ASZ-AZD1222-1,3,2024
HND,2024-10-01,date_product_start,2021-04-22T00:00:00Z,JAP-AD26-COV-2.5-1,3,2024
HND,2024-10-01,status_product_use,NO,SII-COVISHIELD-1,3,2024
HND,2024-10-01,status_product_use,NO,PFI-COMIRNATY-1,3,2024
HND,2024-10-01,status_product_use,NO,MOC-MRNA-1273-1,3,2024
HND,2024-10-01,status_product_use,NO,GRI-SPUTNIKV-1,3,2024
HND,2024-10-01,status_product_use,NO,PFI-CBOOB1-2,3,2024
HND,2024-10-01,status_product_use,NO,ASZ-AZD1222-1,3,2024
HND,2024-10-01,status_product_use,NO,JAP-AD26-COV-2.5-1,3,2024
HND,2024-10-01,comment,El pais utiliza solamente del laboratorio Pfizer,SII-COVISHIELD-1,3,2024
HND,2024-10-01,comment,El pais utiliza solamente del laboratorio Pfizer.,MOC-MRNA-1273-1,3,2024
HND,2024-10-01,comment,"La vacuna Sputnik V aunque aún no tiene recomendación para uso de emergencia de la OMS, ya  ha sido autorizada por varias ARN de varios paises",GRI-SPUTNIKV-1,3,2024
HND,2024-10-01,comment,"El Pais usa solamente la vacuna de este laboratorio, actualmente usa formulación XBB",PFI-CBOOB1-2,3,2024
HND,2024-10-01,comment,El pais utiliza solamente del laboratorio Pfizer,ASZ-AZD1222-1,3,2024
HND,2024-10-01,comment,El pais utiliza solamente del laboratorio Pfizer,JAP-AD26-COV-2.5-1,3,2024
HND,2024-10-01,date_product_start,2023-08-30T00:00:00Z,PFI-COXBB-1,3,2024
HND,2024-10-01,status_product_use,YES,PFI-COXBB-1,3,2024
HND,2024-07-01,policy_revacc,YES,Older adults,2,2024
HND,2024-07-01,policy_revacc,YES,Older adults with chronic conditions,2,2024
HND,2024-07-01,policy_revacc,YES,Adults,2,2024
HND,2024-07-01,policy_revacc,YES,Adults with chronic conditions,2,2024
HND,2024-07-01,policy_revacc,YES,Pregnant women,2,2024
HND,2024-07-01,policy_revacc,YES,Health and care workers,2,2024
HND,2024-07-01,policy_revacc,YES,Children & adolescents,2,2024
HND,2024-07-01,policy_revacc,YES,Child. & ado. with chronic conditions,2,2024
HND,2024-07-01,policy_revacc,YES,Other groups,2,2024
HND,2024-07-01,policy_vacc,YES,Older adults,2,2024
HND,2024-07-01,policy_vacc,YES,Older adults with chronic conditions,2,2024
HND,2024-07-01,policy_vacc,YES,Adults,2,2024
HND,2024-07-01,policy_vacc,YES,Adults with chronic conditions,2,2024
HND,2024-07-01,policy_vacc,YES,Pregnant women,2,2024
HND,2024-07-01,policy_vacc,YES,Health and care workers,2,2024
HND,2024-07-01,policy_vacc,YES,Children & adolescents,2,2024
HND,2024-07-01,policy_vacc,YES,Child. & ado. with chronic conditions,2,2024
HND,2024-07-01,policy_vacc,YES,Other groups,2,2024
HND,2024-07-01,policy_revacc_interval,6 meses,Older adults with chronic conditions,2,2024
HND,2024-07-01,policy_revacc_interval,12 meses,Adults with chronic conditions,2,2024
HND,2024-07-01,policy_revacc_interval,6 meses,Pregnant women,2,2024
HND,2024-07-01,policy_revacc_interval,12 meses,Health and care workers,2,2024
HND,2024-07-01,policy_revacc_interval,1 refuerzo a los 6 meses,Child. & ado. with chronic conditions,2,2024
HND,2024-07-01,policy_comment,De 12 a 59 años,Adults with chronic conditions,2,2024
HND,2024-07-01,policy_comment,12 a 17 años,Children & adolescents,2,2024
HND,2024-07-01,policy_comment,12 años y más con afecciones o inmunodeficiencias graves o moderadas,Child. & ado. with chronic conditions,2,2024
HND,2024-07-01,policy_comment,De 12 años en adelante,Other groups,2,2024
HND,2024-07-01,date_product_start,2021-02-25T00:00:00Z,MOC-MRNA-1273-1,2,2024
HND,2024-07-01,date_product_start,2021-05-22T00:00:00Z,SII-COVISHIELD-1,2,2024
HND,2024-07-01,date_product_start,2021-06-21T00:00:00Z,PFI-COMIRNATY-1,2,2024
HND,2024-07-01,date_product_start,2021-04-22T09:41:48Z,GRI-SPUTNIKV-1,2,2024
HND,2024-07-01,date_product_start,2023-09-10T12:56:38Z,PFI-CBOOB1-2,2,2024
HND,2024-07-01,date_product_start,2021-03-15T00:00:00Z,ASZ-AZD1222-1,2,2024
HND,2024-07-01,date_product_start,2021-04-22T00:00:00Z,JAP-AD26-COV-2.5-1,2,2024
HND,2024-07-01,status_product_use,NO,MOC-MRNA-1273-1,2,2024
HND,2024-07-01,status_product_use,NO,SII-COVISHIELD-1,2,2024
HND,2024-07-01,status_product_use,NO,PFI-COMIRNATY-1,2,2024
HND,2024-07-01,status_product_use,NO,GRI-SPUTNIKV-1,2,2024
HND,2024-07-01,status_product_use,YES,PFI-CBOOB1-2,2,2024
HND,2024-07-01,status_product_use,NO,ASZ-AZD1222-1,2,2024
HND,2024-07-01,status_product_use,NO,JAP-AD26-COV-2.5-1,2,2024
HND,2024-07-01,comment,El pais utiliza solamente del laboratorio Pfizer.,MOC-MRNA-1273-1,2,2024
HND,2024-07-01,comment,El pais utiliza solamente del laboratorio Pfizer,SII-COVISHIELD-1,2,2024
HND,2024-07-01,comment,"La vacuna Sputnik V aunque aún no tiene recomendación para uso de emergencia de la OMS, ya  ha sido autorizada por varias ARN de varios paises",GRI-SPUTNIKV-1,2,2024
HND,2024-07-01,comment,El Pais usa solamente la vacuna de este laboratorio,PFI-CBOOB1-2,2,2024
HND,2024-07-01,comment,El pais utiliza solamente del laboratorio Pfizer,ASZ-AZD1222-1,2,2024
HND,2024-07-01,comment,El pais utiliza solamente del laboratorio Pfizer,JAP-AD26-COV-2.5-1,2,2024
HND,2025-01-01,policy_revacc,YES,Older adults,4,2024
HND,2025-01-01,policy_revacc,YES,Older adults with chronic conditions,4,2024
HND,2025-01-01,policy_revacc,NO,Adults,4,2024
HND,2025-01-01,policy_revacc,YES,Adults with chronic conditions,4,2024
HND,2025-01-01,policy_revacc,NO,Pregnant women,4,2024
HND,2025-01-01,policy_revacc,YES,Health and care workers,4,2024
HND,2025-01-01,policy_revacc,NO,Children & adolescents,4,2024
HND,2025-01-01,policy_revacc,YES,Child. & ado. with chronic conditions,4,2024
HND,2024-04-01,date_product_start,2021-02-25T00:00:00Z,MOC-MRNA-1273-1,1,2024
HND,2024-04-01,date_product_start,2021-05-22T00:00:00Z,SII-COVISHIELD-1,1,2024
HND,2024-04-01,date_product_start,2021-06-21T00:00:00Z,PFI-COMIRNATY-1,1,2024
HND,2024-04-01,date_product_start,2021-04-22T09:41:48Z,GRI-SPUTNIKV-1,1,2024
HND,2024-04-01,date_product_start,2023-09-10T12:56:38Z,PFI-CBOOB1-2,1,2024
HND,2024-04-01,date_product_start,2021-03-15T00:00:00Z,ASZ-AZD1222-1,1,2024
HND,2024-04-01,date_product_start,2021-04-22T00:00:00Z,JAP-AD26-COV-2.5-1,1,2024
HND,2024-04-01,status_product_use,NO,MOC-MRNA-1273-1,1,2024
HND,2024-04-01,status_product_use,NO,SII-COVISHIELD-1,1,2024
HND,2024-04-01,status_product_use,YES,PFI-COMIRNATY-1,1,2024
HND,2024-04-01,status_product_use,NO,GRI-SPUTNIKV-1,1,2024
HND,2024-04-01,status_product_use,YES,PFI-CBOOB1-2,1,2024
HND,2024-04-01,status_product_use,NO,ASZ-AZD1222-1,1,2024
HND,2024-04-01,status_product_use,NO,JAP-AD26-COV-2.5-1,1,2024
HND,2024-04-01,comment,El pais utiliza solamente del laboratorio Pfizer.,MOC-MRNA-1273-1,1,2024
HND,2024-04-01,comment,El pais utiliza solamente del laboratorio Pfizer,SII-COVISHIELD-1,1,2024
HND,2024-04-01,comment,"Pfizer de 5 a 11 años inicio enero 2022, Pfizer 6 meses a 4 años diciembre 2022",PFI-COMIRNATY-1,1,2024
HND,2024-04-01,comment,"La vacuna Sputnik V aunque aún no tiene recomendación para uso de emergencia de la OMS, ya  ha sido autorizada por varias ARN de varios paises",GRI-SPUTNIKV-1,1,2024
HND,2024-04-01,comment,El Pais usa solamente la vacuna de este laboratorio,PFI-CBOOB1-2,1,2024
HND,2024-04-01,comment,El pais utiliza solamente del laboratorio Pfizer,ASZ-AZD1222-1,1,2024
HND,2024-04-01,comment,El pais utiliza solamente del laboratorio Pfizer,JAP-AD26-COV-2.5-1,1,2024
HND,2025-01-01,policy_vacc,YES,Older adults,4,2024
HND,2025-01-01,policy_vacc,YES,Older adults with chronic conditions,4,2024
HND,2025-01-01,policy_vacc,YES,Adults,4,2024
HND,2025-01-01,policy_vacc,YES,Adults with chronic conditions,4,2024
HND,2025-01-01,policy_vacc,YES,Pregnant women,4,2024
HND,2025-01-01,policy_vacc,YES,Health and care workers,4,2024
HND,2025-01-01,policy_vacc,YES,Children & adolescents,4,2024
HND,2025-01-01,policy_vacc,YES,Child. & ado. with chronic conditions,4,2024
HND,2024-10-01,policy_revacc_interval,6 meses,Older adults with chronic conditions,3,2024
HND,2024-10-01,policy_revacc_interval,6 meses,Pregnant women,3,2024
HND,2024-10-01,policy_revacc_interval,12 meses,Health and care workers,3,2024
HND,2024-10-01,policy_revacc_interval,1 refuerzo a los 6 meses,Child. & ado. with chronic conditions,3,2024
HND,2024-10-01,policy_revacc_interval,12 meses,Adults with chronic conditions,3,2024
HND,2024-10-01,policy_revacc,YES,Older adults,3,2024
HND,2024-10-01,policy_revacc,YES,Older adults with chronic conditions,3,2024
HND,2024-10-01,policy_revacc,YES,Pregnant women,3,2024
HND,2024-10-01,policy_revacc,YES,Health and care workers,3,2024
HND,2024-10-01,policy_revacc,YES,Children & adolescents,3,2024
HND,2024-10-01,policy_revacc,YES,Child. & ado. with chronic conditions,3,2024
HND,2024-10-01,policy_revacc,YES,Other groups,3,2024
HND,2024-10-01,policy_revacc,YES,Adults,3,2024
HND,2024-10-01,policy_revacc,YES,Adults with chronic conditions,3,2024
HND,2024-10-01,policy_comment,12 a 17 años,Children & adolescents,3,2024
HND,2024-10-01,policy_comment,12 años y más con afecciones o inmunodeficiencias graves o moderadas,Child. & ado. with chronic conditions,3,2024
HND,2024-10-01,policy_comment,De 12 años en adelante,Other groups,3,2024
HND,2024-10-01,policy_comment,De 12 a 59 años,Adults with chronic conditions,3,2024
HND,2024-10-01,policy_vacc,YES,Older adults,3,2024
HND,2024-10-01,policy_vacc,YES,Older adults with chronic conditions,3,2024
HND,2024-10-01,policy_vacc,YES,Pregnant women,3,2024
HND,2024-10-01,policy_vacc,YES,Health and care workers,3,2024
HND,2024-10-01,policy_vacc,YES,Children & adolescents,3,2024
HND,2024-10-01,policy_vacc,YES,Child. & ado. with chronic conditions,3,2024
HND,2024-10-01,policy_vacc,YES,Other groups,3,2024
HND,2024-10-01,policy_vacc,YES,Adults,3,2024
HND,2024-10-01,policy_vacc,YES,Adults with chronic conditions,3,2024
HND,2024-04-01,policy_vacc,YES,Children & adolescents,1,2024
HND,2024-04-01,policy_vacc,YES,Child. & ado. with chronic conditions,1,2024
HND,2024-04-01,policy_vacc,YES,Older adults,1,2024
HND,2024-04-01,policy_vacc,YES,Older adults with chronic conditions,1,2024
HND,2024-04-01,policy_vacc,YES,Adults,1,2024
HND,2024-04-01,policy_vacc,YES,Adults with chronic conditions,1,2024
HND,2024-04-01,policy_vacc,YES,Pregnant women,1,2024
HND,2024-04-01,policy_vacc,YES,Health and care workers,1,2024
HND,2024-04-01,policy_vacc,YES,Other groups,1,2024
HND,2024-04-01,policy_revacc,YES,Children & adolescents,1,2024
HND,2024-04-01,policy_revacc,YES,Child. & ado. with chronic conditions,1,2024
HND,2024-04-01,policy_revacc,YES,Older adults,1,2024
HND,2024-04-01,policy_revacc,YES,Older adults with chronic conditions,1,2024
HND,2024-04-01,policy_revacc,YES,Adults,1,2024
HND,2024-04-01,policy_revacc,YES,Adults with chronic conditions,1,2024
HND,2024-04-01,policy_revacc,YES,Pregnant women,1,2024
HND,2024-04-01,policy_revacc,YES,Health and care workers,1,2024
HND,2024-04-01,policy_revacc,YES,Other groups,1,2024
HND,2024-04-01,policy_revacc_interval,12 meses,Children & adolescents,1,2024
HND,2024-04-01,policy_revacc_interval,1 mes y un refuerzo,Child. & ado. with chronic conditions,1,2024
HND,2024-04-01,policy_revacc_interval,6 meses,Older adults,1,2024
HND,2024-04-01,policy_revacc_interval,6 meses,Older adults with chronic conditions,1,2024
HND,2024-04-01,policy_revacc_interval,6 meses,Adults with chronic conditions,1,2024
HND,2024-04-01,policy_revacc_interval,6 meses,Pregnant women,1,2024
HND,2024-04-01,policy_revacc_interval,12 meses,Health and care workers,1,2024
HND,2024-04-01,policy_revacc_interval,12 meses,Other groups,1,2024
HND,2024-04-01,policy_comment,12 a 17 años,Children & adolescents,1,2024
HND,2024-04-01,policy_comment,12 años y más con afecciones o inmunodeficiencias graves o moderadas,Child. & ado. with chronic conditions,1,2024
HND,2024-04-01,policy_comment,De 12 a 59 años,Adults with chronic conditions,1,2024
HND,2024-04-01,policy_comment,Niños de 6 meses a 11 años.,Other groups,1,2024
SUR,2025-01-01,policy_comment,,Adults,4,2024
SUR,2025-01-01,policy_comment,,Adults with chronic conditions,4,2024
SUR,2025-01-01,policy_comment,,Child. & ado. with chronic conditions,4,2024
SUR,2025-01-01,policy_comment,,Children & adolescents,4,2024
SUR,2025-01-01,policy_comment,,Health and care workers,4,2024
SUR,2025-01-01,policy_comment,,Older adults,4,2024
SUR,2025-01-01,policy_comment,,Older adults with chronic conditions,4,2024
SUR,2025-01-01,policy_comment,,Other groups,4,2024
SUR,2025-01-01,policy_comment,,Pregnant women,4,2024
SUR,2025-01-01,policy_revacc,,Adults with chronic conditions,4,2024
SUR,2025-01-01,policy_revacc,,Child. & ado. with chronic conditions,4,2024
SUR,2025-01-01,policy_revacc,,Children & adolescents,4,2024
SUR,2025-01-01,policy_revacc,,Health and care workers,4,2024
SUR,2025-01-01,policy_revacc,,Older adults with chronic conditions,4,2024
SUR,2025-01-01,policy_revacc,,Other groups,4,2024
SUR,2025-01-01,policy_revacc,,Pregnant women,4,2024
SUR,2025-01-01,policy_revacc_interval,,Adults,4,2024
SUR,2025-01-01,policy_revacc_interval,,Adults with chronic conditions,4,2024
SUR,2025-01-01,policy_revacc_interval,,Child. & ado. with chronic conditions,4,2024
SUR,2025-01-01,policy_revacc_interval,,Children & adolescents,4,2024
SUR,2025-01-01,policy_revacc_interval,,Health and care workers,4,2024
SUR,2025-01-01,policy_revacc_interval,,Older adults,4,2024
SUR,2025-01-01,policy_revacc_interval,,Older adults with chronic conditions,4,2024
SUR,2025-01-01,policy_revacc_interval,,Other groups,4,2024
SUR,2025-01-01,policy_revacc_interval,,Pregnant women,4,2024
SUR,2025-01-01,policy_vacc,,Adults with chronic conditions,4,2024
SUR,2025-01-01,policy_vacc,,Child. & ado. with chronic conditions,4,2024
SUR,2025-01-01,policy_vacc,,Children & adolescents,4,2024
SUR,2025-01-01,policy_vacc,,Health and care workers,4,2024
SUR,2025-01-01,policy_vacc,,Older adults with chronic conditions,4,2024
SUR,2025-01-01,policy_vacc,,Other groups,4,2024
SUR,2025-01-01,policy_vacc,,Pregnant women,4,2024
SUR,2024-10-01,policy_vacc,YES,Older adults,3,2024
SUR,2024-10-01,policy_vacc,YES,Older adults with chronic conditions,3,2024
SUR,2024-10-01,policy_vacc,YES,Adults,3,2024
SUR,2024-10-01,policy_vacc,YES,Adults with chronic conditions,3,2024
SUR,2024-10-01,policy_vacc,YES,Pregnant women,3,2024
SUR,2024-10-01,policy_vacc,YES,Health and care workers,3,2024
SUR,2024-10-01,policy_vacc,NO,Children & adolescents,3,2024
SUR,2024-10-01,policy_vacc,NO,Child. & ado. with chronic conditions,3,2024
SUR,2024-10-01,policy_revacc,YES,Older adults,3,2024
SUR,2024-10-01,policy_revacc,YES,Older adults with chronic conditions,3,2024
SUR,2024-10-01,policy_revacc,YES,Adults,3,2024
SUR,2024-10-01,policy_revacc,YES,Adults with chronic conditions,3,2024
SUR,2024-10-01,policy_revacc,YES,Pregnant women,3,2024
SUR,2024-10-01,policy_revacc,YES,Health and care workers,3,2024
SUR,2024-10-01,policy_revacc,NO,Children & adolescents,3,2024
SUR,2024-10-01,policy_revacc,NO,Child. & ado. with chronic conditions,3,2024
SUR,2025-01-01,policy_vacc,NO,Adults,4,2024
SUR,2025-01-01,policy_vacc,NO,Older adults,4,2024
SUR,2024-10-01,status_product_use,NO,MOC-MRNA-1273-1,3,2024
SUR,2024-10-01,status_product_use,NO,SII-COVISHIELD-1,3,2024
SUR,2024-10-01,status_product_use,NO,PFI-COMIRNATY-1,3,2024
SUR,2024-10-01,status_product_use,NO,BIB-INAC-SARS2-1,3,2024
SUR,2024-10-01,status_product_use,NO,ASZ-AZD1222-1,3,2024
SUR,2024-10-01,date_product_start,2021-07-27T00:00:00Z,MOC-MRNA-1273-1,3,2024
SUR,2024-10-01,date_product_start,2021-02-23T00:00:00Z,SII-COVISHIELD-1,3,2024
SUR,2024-10-01,date_product_start,2021-08-28T00:00:00Z,PFI-COMIRNATY-1,3,2024
SUR,2024-10-01,date_product_start,2021-07-10T00:00:00Z,BIB-INAC-SARS2-1,3,2024
SUR,2024-10-01,date_product_start,2021-05-26T00:00:00Z,ASZ-AZD1222-1,3,2024
SUR,2025-01-01,policy_revacc,NO,Adults,4,2024
SUR,2025-01-01,policy_revacc,NO,Older adults,4,2024
PRK,2025-01-01,policy_comment,,Adults,4,2024
PRK,2025-01-01,policy_comment,,Adults with chronic conditions,4,2024
PRK,2025-01-01,policy_comment,,Child. & ado. with chronic conditions,4,2024
PRK,2025-01-01,policy_comment,,Children & adolescents,4,2024
PRK,2025-01-01,policy_comment,,Health and care workers,4,2024
PRK,2025-01-01,policy_comment,,Older adults,4,2024
PRK,2025-01-01,policy_comment,,Older adults with chronic conditions,4,2024
PRK,2025-01-01,policy_comment,,Other groups,4,2024
PRK,2025-01-01,policy_comment,,Pregnant women,4,2024
PRK,2025-01-01,policy_revacc,,Adults,4,2024
PRK,2025-01-01,policy_revacc,,Adults with chronic conditions,4,2024
PRK,2025-01-01,policy_revacc,,Child. & ado. with chronic conditions,4,2024
PRK,2025-01-01,policy_revacc,,Children & adolescents,4,2024
PRK,2025-01-01,policy_revacc,,Health and care workers,4,2024
PRK,2025-01-01,policy_revacc,,Older adults,4,2024
PRK,2025-01-01,policy_revacc,,Older adults with chronic conditions,4,2024
PRK,2025-01-01,policy_revacc,,Other groups,4,2024
PRK,2025-01-01,policy_revacc,,Pregnant women,4,2024
PRK,2025-01-01,policy_revacc_interval,,Adults,4,2024
PRK,2025-01-01,policy_revacc_interval,,Adults with chronic conditions,4,2024
PRK,2025-01-01,policy_revacc_interval,,Child. & ado. with chronic conditions,4,2024
PRK,2025-01-01,policy_revacc_interval,,Children & adolescents,4,2024
PRK,2025-01-01,policy_revacc_interval,,Health and care workers,4,2024
PRK,2025-01-01,policy_revacc_interval,,Older adults,4,2024
PRK,2025-01-01,policy_revacc_interval,,Older adults with chronic conditions,4,2024
PRK,2025-01-01,policy_revacc_interval,,Other groups,4,2024
PRK,2025-01-01,policy_revacc_interval,,Pregnant women,4,2024
PRK,2025-01-01,policy_vacc,,Adults,4,2024
PRK,2025-01-01,policy_vacc,,Adults with chronic conditions,4,2024
PRK,2025-01-01,policy_vacc,,Child. & ado. with chronic conditions,4,2024
PRK,2025-01-01,policy_vacc,,Children & adolescents,4,2024
PRK,2025-01-01,policy_vacc,,Health and care workers,4,2024
PRK,2025-01-01,policy_vacc,,Older adults,4,2024
PRK,2025-01-01,policy_vacc,,Older adults with chronic conditions,4,2024
PRK,2025-01-01,policy_vacc,,Other groups,4,2024
PRK,2025-01-01,policy_vacc,,Pregnant women,4,2024
KNA,2024-04-01,policy_vacc,YES,Older adults,1,2024
KNA,2024-04-01,policy_vacc,YES,Older adults with chronic conditions,1,2024
KNA,2024-04-01,policy_vacc,YES,Adults,1,2024
KNA,2024-04-01,policy_vacc,YES,Adults with chronic conditions,1,2024
KNA,2024-04-01,policy_vacc,YES,Pregnant women,1,2024
KNA,2024-04-01,policy_vacc,YES,Health and care workers,1,2024
KNA,2024-04-01,policy_vacc,YES,Children & adolescents,1,2024
KNA,2024-04-01,policy_vacc,YES,Child. & ado. with chronic conditions,1,2024
KNA,2024-04-01,policy_vacc,YES,Other groups,1,2024
KNA,2024-04-01,policy_revacc,NO,Older adults,1,2024
KNA,2024-04-01,policy_revacc,NO,Older adults with chronic conditions,1,2024
KNA,2024-04-01,policy_revacc,NO,Adults,1,2024
KNA,2024-04-01,policy_revacc,NO,Adults with chronic conditions,1,2024
KNA,2024-04-01,policy_revacc,NO,Pregnant women,1,2024
KNA,2024-04-01,policy_revacc,NO,Health and care workers,1,2024
KNA,2024-04-01,policy_revacc,NO,Children & adolescents,1,2024
KNA,2024-04-01,policy_revacc,NO,Child. & ado. with chronic conditions,1,2024
KNA,2024-04-01,policy_revacc,NO,Other groups,1,2024
KNA,2024-04-01,date_product_start,2021-02-22T00:00:00Z,SII-COVISHIELD-1,1,2024
KNA,2024-04-01,date_product_start,2021-09-01T00:00:00Z,PFI-COMIRNATY-1,1,2024
KNA,2025-01-01,policy_vacc,YES,Older adults,4,2024
KNA,2025-01-01,policy_vacc,YES,Older adults with chronic conditions,4,2024
KNA,2025-01-01,policy_vacc,YES,Adults,4,2024
KNA,2025-01-01,policy_vacc,NO,Adults with chronic conditions,4,2024
KNA,2025-01-01,policy_vacc,YES,Pregnant women,4,2024
KNA,2025-01-01,policy_vacc,NO,Health and care workers,4,2024
KNA,2025-01-01,policy_vacc,NO,Children & adolescents,4,2024
KNA,2025-01-01,policy_vacc,NO,Child. & ado. with chronic conditions,4,2024
KNA,2025-01-01,policy_vacc,NO,Other groups,4,2024
KNA,2025-01-01,policy_revacc,NO,Adults,4,2024
KNA,2025-01-01,policy_revacc,NO,Adults with chronic conditions,4,2024
KNA,2025-01-01,policy_revacc,NO,Pregnant women,4,2024
KNA,2025-01-01,policy_revacc,NO,Health and care workers,4,2024
KNA,2025-01-01,policy_revacc,NO,Children & adolescents,4,2024
KNA,2025-01-01,policy_revacc,NO,Child. & ado. with chronic conditions,4,2024
KNA,2025-01-01,policy_revacc,NO,Other groups,4,2024
KNA,2025-01-01,policy_comment,,Adults,4,2024
KNA,2025-01-01,policy_comment,,Adults with chronic conditions,4,2024
KNA,2025-01-01,policy_comment,,Child. & ado. with chronic conditions,4,2024
KNA,2025-01-01,policy_comment,,Children & adolescents,4,2024
KNA,2025-01-01,policy_comment,,Health and care workers,4,2024
KNA,2025-01-01,policy_comment,,Older adults,4,2024
KNA,2025-01-01,policy_comment,,Older adults with chronic conditions,4,2024
KNA,2025-01-01,policy_comment,,Other groups,4,2024
KNA,2025-01-01,policy_comment,,Pregnant women,4,2024
KNA,2025-01-01,policy_revacc,,Older adults,4,2024
KNA,2025-01-01,policy_revacc,,Older adults with chronic conditions,4,2024
KNA,2025-01-01,policy_revacc_interval,,Adults,4,2024
KNA,2025-01-01,policy_revacc_interval,,Adults with chronic conditions,4,2024
KNA,2025-01-01,policy_revacc_interval,,Child. & ado. with chronic conditions,4,2024
KNA,2025-01-01,policy_revacc_interval,,Children & adolescents,4,2024
KNA,2025-01-01,policy_revacc_interval,,Health and care workers,4,2024
KNA,2025-01-01,policy_revacc_interval,,Older adults,4,2024
KNA,2025-01-01,policy_revacc_interval,,Older adults with chronic conditions,4,2024
KNA,2025-01-01,policy_revacc_interval,,Other groups,4,2024
KNA,2025-01-01,policy_revacc_interval,,Pregnant women,4,2024
COD,2025-01-01,policy_comment,,Adults,4,2024
COD,2025-01-01,policy_comment,,Adults with chronic conditions,4,2024
COD,2025-01-01,policy_comment,,Child. & ado. with chronic conditions,4,2024
COD,2025-01-01,policy_comment,,Children & adolescents,4,2024
COD,2025-01-01,policy_comment,,Health and care workers,4,2024
COD,2025-01-01,policy_comment,,Older adults,4,2024
COD,2025-01-01,policy_comment,,Older adults with chronic conditions,4,2024
COD,2025-01-01,policy_comment,,Other groups,4,2024
COD,2025-01-01,policy_comment,,Pregnant women,4,2024
COD,2025-01-01,policy_revacc,,Adults with chronic conditions,4,2024
COD,2025-01-01,policy_revacc,,Child. & ado. with chronic conditions,4,2024
COD,2025-01-01,policy_revacc,,Children & adolescents,4,2024
COD,2025-01-01,policy_revacc,,Health and care workers,4,2024
COD,2025-01-01,policy_revacc,,Older adults with chronic conditions,4,2024
COD,2025-01-01,policy_revacc,,Other groups,4,2024
COD,2025-01-01,policy_revacc,,Pregnant women,4,2024
COD,2025-01-01,policy_revacc_interval,,Adults,4,2024
COD,2025-01-01,policy_revacc_interval,,Adults with chronic conditions,4,2024
COD,2025-01-01,policy_revacc_interval,,Child. & ado. with chronic conditions,4,2024
COD,2025-01-01,policy_revacc_interval,,Children & adolescents,4,2024
COD,2025-01-01,policy_revacc_interval,,Health and care workers,4,2024
COD,2025-01-01,policy_revacc_interval,,Older adults,4,2024
COD,2025-01-01,policy_revacc_interval,,Older adults with chronic conditions,4,2024
COD,2025-01-01,policy_revacc_interval,,Other groups,4,2024
COD,2025-01-01,policy_revacc_interval,,Pregnant women,4,2024
COD,2025-01-01,policy_vacc,,Adults with chronic conditions,4,2024
COD,2025-01-01,policy_vacc,,Child. & ado. with chronic conditions,4,2024
COD,2025-01-01,policy_vacc,,Children & adolescents,4,2024
COD,2025-01-01,policy_vacc,,Health and care workers,4,2024
COD,2025-01-01,policy_vacc,,Older adults with chronic conditions,4,2024
COD,2025-01-01,policy_vacc,,Other groups,4,2024
COD,2025-01-01,policy_vacc,,Pregnant women,4,2024
COD,2025-01-01,policy_revacc,NO,Older adults,4,2024
COD,2025-01-01,policy_revacc,NO,Adults,4,2024
COD,2025-01-01,policy_vacc,NO,Older adults,4,2024
COD,2025-01-01,policy_vacc,NO,Adults,4,2024
DNK,2025-01-01,policy_comment,"Free vaccination is offered from October 1 – December 20, to individuals who turn 65 by December 20, 2024, individuals under 65 with certain chronic diseases, pregnant women, household members of individuals with congenital or acquired immunodeficiency or children at increased risk for severe COVID-19 or influenza, as well as early retirees.",Older adults,4,2024
DNK,2025-01-01,policy_comment,"Free vaccination is offered from October 1 – December 20, to individuals who turn 65 by December 20, 2024, individuals under 65 with certain chronic diseases, pregnant women, household members of individuals with congenital or acquired immunodeficiency or children at increased risk for severe COVID-19 or influenza, as well as early retirees.",Older adults with chronic conditions,4,2024
DNK,2025-01-01,policy_comment,"Free vaccination is offered from October 1 – December 20, to individuals who turn 65 by December 20, 2024, individuals under 65 with certain chronic diseases, pregnant women, household members of individuals with congenital or acquired immunodeficiency or children at increased risk for severe COVID-19 or influenza, as well as early retirees.",Adults with chronic conditions,4,2024
DNK,2025-01-01,policy_comment,"Free vaccination is offered from October 1 – December 20, to individuals who turn 65 by December 20, 2024, individuals under 65 with certain chronic diseases, pregnant women, household members of individuals with congenital or acquired immunodeficiency or children at increased risk for severe COVID-19 or influenza, as well as early retirees.",Pregnant women,4,2024
DNK,2025-01-01,policy_comment,Vaccination of children under the age of 18 who are at special risk can only be carried out based on a specific medical assessment by a specialist in paediatrics.,Child. & ado. with chronic conditions,4,2024
DNK,2025-01-01,policy_comment,Nursing home residence  (all ages),Other groups,4,2024
DNK,2025-01-01,policy_revacc_interval,12_MONTHS,Older adults,4,2024
DNK,2025-01-01,policy_revacc_interval,12_MONTHS,Older adults with chronic conditions,4,2024
DNK,2025-01-01,policy_revacc_interval,12_MONTHS,Adults with chronic conditions,4,2024
DNK,2025-01-01,policy_revacc_interval,12_MONTHS,Other groups,4,2024
DNK,2025-01-01,policy_revacc,YES,Older adults,4,2024
DNK,2025-01-01,policy_revacc,YES,Older adults with chronic conditions,4,2024
DNK,2025-01-01,policy_revacc,YES,Adults with chronic conditions,4,2024
DNK,2025-01-01,policy_revacc,NO,Pregnant women,4,2024
DNK,2025-01-01,policy_revacc,NO,Health and care workers,4,2024
DNK,2025-01-01,policy_revacc,NO,Children & adolescents,4,2024
DNK,2025-01-01,policy_revacc,NO,Child. & ado. with chronic conditions,4,2024
DNK,2025-01-01,policy_revacc,YES,Other groups,4,2024
DNK,2025-01-01,policy_revacc,NO,Adults,4,2024
DNK,2025-01-01,policy_vacc,YES,Older adults,4,2024
DNK,2025-01-01,policy_vacc,YES,Older adults with chronic conditions,4,2024
DNK,2025-01-01,policy_vacc,YES,Adults with chronic conditions,4,2024
DNK,2025-01-01,policy_vacc,YES,Pregnant women,4,2024
DNK,2025-01-01,policy_vacc,NO,Health and care workers,4,2024
DNK,2025-01-01,policy_vacc,NO,Children & adolescents,4,2024
DNK,2025-01-01,policy_vacc,YES,Child. & ado. with chronic conditions,4,2024
DNK,2025-01-01,policy_vacc,YES,Other groups,4,2024
DNK,2025-01-01,policy_vacc,NO,Adults,4,2024
DNK,2024-07-01,comment,"The Danish Health Authority decided 14.04 to continue the rollout without Janssen vaccine, but DK may re-introduce the vaccine later if the situation changes. It has been politically decided to introduce an optional scheme where the two EMA-approved vaccines, which the National Board of Health cannot generally recommend, can be offered free to persons who after medical advice and informed consent wish to be vaccinated in the optional program",ASZ-AZD1222-1,2,2024
DNK,2024-07-01,comment,"The Danish Health Authority decided 3th of May to continue the rollout without Janssen vaccine, but DK may re-introduce the vaccine later if the situation changes. It has been politically decided to introduce an optional scheme where the two EMA-approved vaccines, which the National Board of Health cannot generally recommend, can be offered free to persons who after medical advice and informed consent wish to be vaccinated in the optional program",JAP-AD26-COV-2.5-1,2,2024
DNK,2024-07-01,status_product_use,NO,ASZ-AZD1222-1,2,2024
DNK,2024-07-01,status_product_use,NO,MOC-SBOOB1-1,2,2024
DNK,2024-07-01,status_product_use,NO,PFI-CBOOB1-2,2,2024
DNK,2024-07-01,status_product_use,NO,PFI-CBOOB1-1,2,2024
DNK,2024-07-01,status_product_use,NO,JAP-AD26-COV-2.5-1,2,2024
DNK,2024-07-01,status_product_use,NO,MOC-MRNA-1273-1,2,2024
DNK,2024-07-01,status_product_use,NO,PFI-COMIRNATY-1,2,2024
DNK,2024-07-01,date_product_start,2021-02-08T00:00:00Z,ASZ-AZD1222-1,2,2024
DNK,2024-07-01,date_product_start,2022-09-15T00:00:00Z,MOC-SBOOB1-1,2,2024
DNK,2024-07-01,date_product_start,2022-09-27T00:00:00Z,PFI-CBOOB1-2,2,2024
DNK,2024-07-01,date_product_start,2022-09-15T00:00:00Z,PFI-CBOOB1-1,2,2024
DNK,2024-07-01,date_product_start,2021-05-03T00:00:00Z,JAP-AD26-COV-2.5-1,2,2024
DNK,2024-07-01,date_product_start,2021-01-13T00:00:00Z,MOC-MRNA-1273-1,2,2024
DNK,2024-07-01,date_product_start,2020-12-27T00:00:00Z,PFI-COMIRNATY-1,2,2024
DNK,2024-07-01,policy_comment,National policy expired 15th of January 2024. Individuals for whom the doctor assesses that COVID-19 vaccination is relevant can be vaccinated,Adults,2,2024
DNK,2024-07-01,policy_comment,National policy expired 15th of January 2024. Individuals for whom the doctor assesses that COVID-19 vaccination is relevant can be vaccinated,Adults with chronic conditions,2,2024
DNK,2024-07-01,policy_comment,National policy expired 15th of January 2024. Persons +65 with cronical conditions can get vaccinated with a doctors apporval,Older adults,2,2024
DNK,2024-07-01,policy_comment,National policy expired 15th of January 2024. Individuals for whom the doctor assesses that COVID-19 vaccination is relevant can be vaccinated,Older adults with chronic conditions,2,2024
DNK,2024-07-01,policy_comment,National policy expired 15th of January 2024. Individuals for whom the doctor assesses that COVID-19 vaccination is relevant can be vaccinated,Pregnant women,2,2024
DNK,2024-07-01,policy_comment,National policy expired 15th of January 2024. Individuals for whom the doctor assesses that COVID-19 vaccination is relevant can be vaccinated,Health and care workers,2,2024
DNK,2024-07-01,policy_comment,National policy expired 15th of January 2024. Individuals for whom the doctor assesses that COVID-19 vaccination is relevant can be vaccinated,Children & adolescents,2,2024
DNK,2024-04-01,status_product_use,NO,JAP-AD26-COV-2.5-1,1,2024
DNK,2024-04-01,status_product_use,NO,MOC-MRNA-1273-1,1,2024
DNK,2024-04-01,status_product_use,NO,PFI-COMIRNATY-1,1,2024
DNK,2024-04-01,status_product_use,NO,PFI-CBOOB1-2,1,2024
DNK,2024-04-01,status_product_use,NO,PFI-CBOOB1-1,1,2024
DNK,2024-04-01,status_product_use,NO,ASZ-AZD1222-1,1,2024
DNK,2024-04-01,status_product_use,NO,MOC-SBOOB1-1,1,2024
DNK,2024-04-01,date_product_start,2021-05-03T00:00:00Z,JAP-AD26-COV-2.5-1,1,2024
DNK,2024-04-01,date_product_start,2021-01-13T00:00:00Z,MOC-MRNA-1273-1,1,2024
DNK,2024-04-01,date_product_start,2020-12-27T00:00:00Z,PFI-COMIRNATY-1,1,2024
DNK,2024-04-01,date_product_start,2022-09-27T00:00:00Z,PFI-CBOOB1-2,1,2024
DNK,2024-04-01,date_product_start,2022-09-15T00:00:00Z,PFI-CBOOB1-1,1,2024
DNK,2024-04-01,date_product_start,2021-02-08T00:00:00Z,ASZ-AZD1222-1,1,2024
DNK,2024-04-01,date_product_start,2022-09-15T00:00:00Z,MOC-SBOOB1-1,1,2024
DNK,2024-04-01,comment,"The Danish Health Authority decided 3th of May to continue the rollout without Janssen vaccine, but DK may re-introduce the vaccine later if the situation changes. It has been politically decided to introduce an optional scheme where the two EMA-approved vaccines, which the National Board of Health cannot generally recommend, can be offered free to persons who after medical advice and informed consent wish to be vaccinated in the optional program",JAP-AD26-COV-2.5-1,1,2024
DNK,2024-04-01,comment,"The Danish Health Authority decided 14.04 to continue the rollout without Janssen vaccine, but DK may re-introduce the vaccine later if the situation changes. It has been politically decided to introduce an optional scheme where the two EMA-approved vaccines, which the National Board of Health cannot generally recommend, can be offered free to persons who after medical advice and informed consent wish to be vaccinated in the optional program",ASZ-AZD1222-1,1,2024
DNK,2024-04-01,policy_comment,National policy expired 15th of January 2024. Persons +65 with cronical conditions can get vaccinated with a doctors apporval,Older adults,1,2024
DNK,2024-04-01,policy_comment,National policy expired 15th of January 2024. Individuals for whom the doctor assesses that COVID-19 vaccination is relevant can be vaccinated,Older adults with chronic conditions,1,2024
DNK,2024-04-01,policy_comment,National policy expired 15th of January 2024. Individuals for whom the doctor assesses that COVID-19 vaccination is relevant can be vaccinated,Adults,1,2024
DNK,2024-04-01,policy_comment,National policy expired 15th of January 2024. Individuals for whom the doctor assesses that COVID-19 vaccination is relevant can be vaccinated,Adults with chronic conditions,1,2024
DNK,2024-04-01,policy_comment,National policy expired 15th of January 2024. Individuals for whom the doctor assesses that COVID-19 vaccination is relevant can be vaccinated,Pregnant women,1,2024
DNK,2024-04-01,policy_comment,National policy expired 15th of January 2024. Individuals for whom the doctor assesses that COVID-19 vaccination is relevant can be vaccinated,Health and care workers,1,2024
DNK,2024-04-01,policy_comment,National policy expired 15th of January 2024. Individuals for whom the doctor assesses that COVID-19 vaccination is relevant can be vaccinated,Children & adolescents,1,2024
DNK,2024-10-01,policy_revacc_interval,The COVID-19 vaccination is offered as a seasonal vaccine during the autumn/winter period. Time interval for periodic re-vaccination is 12 month.  At least 3 months must have passed since the last COVID-19 vaccination.,Older adults,3,2024
DNK,2024-10-01,policy_revacc_interval,The COVID-19 vaccination is offered as a seasonal vaccine during the autumn/winter period. Time interval for periodic re-vaccination is 12 month.  At least 3 months must have passed since the last COVID-19 vaccination.,Older adults with chronic conditions,3,2024
DNK,2024-10-01,policy_revacc_interval,The COVID-19 vaccination is offered as a seasonal vaccine during the autumn/winter period. Time interval for periodic re-vaccination is 12 month.  At least 3 months must have passed since the last COVID-19 vaccination.,Adults with chronic conditions,3,2024
DNK,2024-10-01,policy_revacc_interval,The COVID-19 vaccination is offered as a seasonal vaccine during the autumn/winter period. At least 3 months must have passed since the last COVID-19 vaccination.,Pregnant women,3,2024
DNK,2024-10-01,policy_revacc_interval,The COVID-19 vaccination is offered as a seasonal vaccine during the autumn/winter period. Time interval for periodic re-vaccination is 12 month.  At least 3 months must have passed since the last COVID-19 vaccination.,Child. & ado. with chronic conditions,3,2024
DNK,2024-10-01,policy_revacc,YES,Older adults,3,2024
DNK,2024-10-01,policy_revacc,YES,Older adults with chronic conditions,3,2024
DNK,2024-10-01,policy_revacc,NO,Adults,3,2024
DNK,2024-10-01,policy_revacc,YES,Adults with chronic conditions,3,2024
DNK,2024-10-01,policy_revacc,NO,Pregnant women,3,2024
DNK,2024-10-01,policy_revacc,NO,Health and care workers,3,2024
DNK,2024-10-01,policy_revacc,YES,Child. & ado. with chronic conditions,3,2024
DNK,2024-10-01,policy_revacc,NO,Children & adolescents,3,2024
DNK,2024-10-01,policy_comment,"Free vaccination is offered from October 1 – December 20, to individuals who turn 65 by December 20, 2024, individuals under 65 with certain chronic diseases, pregnant women, household members of individuals with congenital or acquired immunodeficiency or children at increased risk for severe COVID-19 or influenza, as well as early retirees.",Older adults,3,2024
DNK,2024-10-01,policy_comment,"Free vaccination is offered from October 1 – December 20, to individuals who turn 65 by December 20, 2024, individuals under 65 with certain chronic diseases, pregnant women, household members of individuals with congenital or acquired immunodeficiency or children at increased risk for severe COVID-19 or influenza, as well as early retirees.",Older adults with chronic conditions,3,2024
DNK,2024-10-01,policy_comment,"Free vaccination is offered from October 1 – December 20, to individuals who turn 65 by December 20, 2024, individuals under 65 with certain chronic diseases, pregnant women, household members of individuals with congenital or acquired immunodeficiency or children at increased risk for severe COVID-19 or influenza, as well as early retirees.",Adults,3,2024
DNK,2024-10-01,policy_comment,"Free vaccination is offered from October 1 – December 20, to individuals who turn 65 by December 20, 2024, individuals under 65 with certain chronic diseases, pregnant women, household members of individuals with congenital or acquired immunodeficiency or children at increased risk for severe COVID-19 or influenza, as well as early retirees.",Adults with chronic conditions,3,2024
DNK,2024-10-01,policy_comment,"Free vaccination is offered from October 1 – December 20, to individuals who turn 65 by December 20, 2024, individuals under 65 with certain chronic diseases, pregnant women, household members of individuals with congenital or acquired immunodeficiency or children at increased risk for severe COVID-19 or influenza, as well as early retirees.",Pregnant women,3,2024
DNK,2024-10-01,policy_comment,Health care workers are not offered free covid-19 vaccination in the season 2024,Health and care workers,3,2024
DNK,2024-10-01,policy_comment,"Free vaccination is offered from October 1 – December 20, to individuals who turn 65 by December 20, 2024, individuals under 65 with certain chronic diseases, pregnant women, household members of individuals with congenital or acquired immunodeficiency or children at increased risk for severe COVID-19 or influenza, as well as early retirees.",Child. & ado. with chronic conditions,3,2024
DNK,2024-10-01,policy_vacc,YES,Older adults,3,2024
DNK,2024-10-01,policy_vacc,YES,Older adults with chronic conditions,3,2024
DNK,2024-10-01,policy_vacc,NO,Adults,3,2024
DNK,2024-10-01,policy_vacc,YES,Adults with chronic conditions,3,2024
DNK,2024-10-01,policy_vacc,YES,Pregnant women,3,2024
DNK,2024-10-01,policy_vacc,NO,Health and care workers,3,2024
DNK,2024-10-01,policy_vacc,YES,Child. & ado. with chronic conditions,3,2024
DNK,2024-10-01,policy_vacc,NO,Children & adolescents,3,2024
DNK,2025-01-01,policy_comment,,Adults,4,2024
DNK,2025-01-01,policy_comment,,Children & adolescents,4,2024
DNK,2025-01-01,policy_comment,,Health and care workers,4,2024
DNK,2025-01-01,policy_revacc_interval,,Adults,4,2024
DNK,2025-01-01,policy_revacc_interval,,Child. & ado. with chronic conditions,4,2024
DNK,2025-01-01,policy_revacc_interval,,Children & adolescents,4,2024
DNK,2025-01-01,policy_revacc_interval,,Health and care workers,4,2024
DNK,2025-01-01,policy_revacc_interval,,Pregnant women,4,2024
DNK,2024-10-01,status_product_use,YES,PFI-COJN-1,3,2024
DNK,2024-10-01,status_product_use,NO,PFI-COXBB-1,3,2024
DNK,2024-10-01,date_product_start,2021-02-08T00:00:00Z,ASZ-AZD1222-1,3,2024
DNK,2024-10-01,date_product_start,2022-09-15T00:00:00Z,MOC-SBOOB1-1,3,2024
DNK,2024-10-01,date_product_start,2022-09-27T00:00:00Z,PFI-CBOOB1-2,3,2024
DNK,2024-10-01,date_product_start,2022-09-15T00:00:00Z,PFI-CBOOB1-1,3,2024
DNK,2024-10-01,date_product_start,2021-05-03T00:00:00Z,JAP-AD26-COV-2.5-1,3,2024
DNK,2024-10-01,date_product_start,2021-01-13T00:00:00Z,MOC-MRNA-1273-1,3,2024
DNK,2024-10-01,date_product_start,2020-12-27T00:00:00Z,PFI-COMIRNATY-1,3,2024
DNK,2024-10-01,status_product_use,NO,ASZ-AZD1222-1,3,2024
DNK,2024-10-01,status_product_use,NO,MOC-SBOOB1-1,3,2024
DNK,2024-10-01,status_product_use,NO,PFI-CBOOB1-2,3,2024
DNK,2024-10-01,status_product_use,NO,PFI-CBOOB1-1,3,2024
DNK,2024-10-01,status_product_use,NO,JAP-AD26-COV-2.5-1,3,2024
DNK,2024-10-01,status_product_use,NO,MOC-MRNA-1273-1,3,2024
DNK,2024-10-01,status_product_use,NO,PFI-COMIRNATY-1,3,2024
DNK,2024-10-01,date_product_start,2024-10-01T00:00:00Z,PFI-COJN-1,3,2024
DNK,2024-10-01,date_product_start,2023-10-01T00:00:00Z,PFI-COXBB-1,3,2024
DNK,2024-10-01,comment,Comirnarty JN. 1 is offered in the season 2024 fra october 1 - december 20,PFI-COJN-1,3,2024
DNK,2024-10-01,comment,"The Danish Health Authority decided 14.04 to continue the rollout without Janssen vaccine, but DK may re-introduce the vaccine later if the situation changes. It has been politically decided to introduce an optional scheme where the two EMA-approved vaccines, which the National Board of Health cannot generally recommend, can be offered free to persons who after medical advice and informed consent wish to be vaccinated in the optional program",ASZ-AZD1222-1,3,2024
DNK,2024-10-01,comment,"The Danish Health Authority decided 3th of May to continue the rollout without Janssen vaccine, but DK may re-introduce the vaccine later if the situation changes. It has been politically decided to introduce an optional scheme where the two EMA-approved vaccines, which the National Board of Health cannot generally recommend, can be offered free to persons who after medical advice and informed consent wish to be vaccinated in the optional program",JAP-AD26-COV-2.5-1,3,2024
PAK,2025-01-01,policy_comment,,Adults,4,2024
PAK,2025-01-01,policy_comment,,Adults with chronic conditions,4,2024
PAK,2025-01-01,policy_comment,,Child. & ado. with chronic conditions,4,2024
PAK,2025-01-01,policy_comment,,Children & adolescents,4,2024
PAK,2025-01-01,policy_comment,,Health and care workers,4,2024
PAK,2025-01-01,policy_comment,,Older adults,4,2024
PAK,2025-01-01,policy_comment,,Older adults with chronic conditions,4,2024
PAK,2025-01-01,policy_comment,,Other groups,4,2024
PAK,2025-01-01,policy_comment,,Pregnant women,4,2024
PAK,2025-01-01,policy_revacc,,Adults with chronic conditions,4,2024
PAK,2025-01-01,policy_revacc,,Child. & ado. with chronic conditions,4,2024
PAK,2025-01-01,policy_revacc,,Children & adolescents,4,2024
PAK,2025-01-01,policy_revacc,,Health and care workers,4,2024
PAK,2025-01-01,policy_revacc,,Older adults with chronic conditions,4,2024
PAK,2025-01-01,policy_revacc,,Other groups,4,2024
PAK,2025-01-01,policy_revacc,,Pregnant women,4,2024
PAK,2025-01-01,policy_revacc_interval,,Adults with chronic conditions,4,2024
PAK,2025-01-01,policy_revacc_interval,,Child. & ado. with chronic conditions,4,2024
PAK,2025-01-01,policy_revacc_interval,,Children & adolescents,4,2024
PAK,2025-01-01,policy_revacc_interval,,Health and care workers,4,2024
PAK,2025-01-01,policy_revacc_interval,,Older adults,4,2024
PAK,2025-01-01,policy_revacc_interval,,Older adults with chronic conditions,4,2024
PAK,2025-01-01,policy_revacc_interval,,Other groups,4,2024
PAK,2025-01-01,policy_revacc_interval,,Pregnant women,4,2024
PAK,2025-01-01,policy_vacc,,Adults with chronic conditions,4,2024
PAK,2025-01-01,policy_vacc,,Child. & ado. with chronic conditions,4,2024
PAK,2025-01-01,policy_vacc,,Children & adolescents,4,2024
PAK,2025-01-01,policy_vacc,,Older adults with chronic conditions,4,2024
PAK,2025-01-01,policy_vacc,,Other groups,4,2024
PAK,2025-01-01,policy_vacc,,Pregnant women,4,2024
PAK,2025-01-01,policy_vacc,YES,Health and care workers,4,2024
PAK,2025-01-01,policy_vacc,YES,Older adults,4,2024
PAK,2025-01-01,policy_vacc,YES,Adults,4,2024
PAK,2025-01-01,policy_revacc_interval,6_MONTHS,Adults,4,2024
PAK,2025-01-01,policy_revacc,NO,Older adults,4,2024
PAK,2025-01-01,policy_revacc,YES,Adults,4,2024
AIA,2024-04-01,date_product_start,2021-09-06T00:00:00Z,PFI-COMIRNATY-1,1,2024
AIA,2024-04-01,date_product_start,2022-11-18T00:00:00Z,PFI-CBOOB1-1,1,2024
AIA,2024-04-01,date_product_start,2021-02-05T00:00:00Z,ASZ-AZD1222-1,1,2024
AIA,2024-04-01,status_product_use,NO,PFI-COMIRNATY-1,1,2024
AIA,2024-04-01,status_product_use,NO,PFI-CBOOB1-1,1,2024
AIA,2024-04-01,status_product_use,NO,ASZ-AZD1222-1,1,2024
AIA,2024-04-01,comment,pediatric dose of Pfizer started 18-02-2022.       Bivalent dose started 18th November 2022,PFI-COMIRNATY-1,1,2024
AIA,2024-07-01,date_product_start,2021-09-06T00:00:00Z,PFI-COMIRNATY-1,2,2024
AIA,2024-07-01,date_product_start,2022-11-18T00:00:00Z,PFI-CBOOB1-1,2,2024
AIA,2024-07-01,date_product_start,2021-02-05T00:00:00Z,ASZ-AZD1222-1,2,2024
AIA,2024-07-01,status_product_use,NO,PFI-COMIRNATY-1,2,2024
AIA,2024-07-01,status_product_use,NO,PFI-CBOOB1-1,2,2024
AIA,2024-07-01,status_product_use,NO,ASZ-AZD1222-1,2,2024
AIA,2024-07-01,comment,pediatric dose of Pfizer started 18-02-2022.       Bivalent dose started 18th November 2022,PFI-COMIRNATY-1,2,2024
AIA,2024-10-01,policy_vacc,YES,Older adults,3,2024
AIA,2024-10-01,policy_vacc,YES,Older adults with chronic conditions,3,2024
AIA,2024-10-01,policy_vacc,YES,Adults,3,2024
AIA,2024-10-01,policy_vacc,YES,Adults with chronic conditions,3,2024
AIA,2024-10-01,policy_vacc,YES,Pregnant women,3,2024
AIA,2024-10-01,policy_vacc,YES,Health and care workers,3,2024
AIA,2024-10-01,policy_vacc,NO,Children & adolescents,3,2024
AIA,2024-10-01,policy_vacc,YES,Child. & ado. with chronic conditions,3,2024
AIA,2024-10-01,policy_revacc,YES,Older adults,3,2024
AIA,2024-10-01,policy_revacc,YES,Older adults with chronic conditions,3,2024
AIA,2024-10-01,policy_revacc,YES,Adults,3,2024
AIA,2024-10-01,policy_revacc,YES,Adults with chronic conditions,3,2024
AIA,2024-10-01,policy_revacc,YES,Pregnant women,3,2024
AIA,2024-10-01,policy_revacc,YES,Health and care workers,3,2024
AIA,2024-10-01,policy_revacc,NO,Children & adolescents,3,2024
AIA,2024-10-01,policy_revacc,YES,Child. & ado. with chronic conditions,3,2024
AIA,2024-10-01,policy_revacc_interval,6months,Older adults,3,2024
AIA,2024-10-01,policy_revacc_interval,6 months,Older adults with chronic conditions,3,2024
AIA,2024-10-01,policy_revacc_interval,6 months,Adults,3,2024
AIA,2024-10-01,policy_revacc_interval,6 months,Adults with chronic conditions,3,2024
AIA,2024-10-01,policy_revacc_interval,6 months,Pregnant women,3,2024
AIA,2024-10-01,policy_revacc_interval,6 mnths,Health and care workers,3,2024
AIA,2024-10-01,policy_revacc_interval,6 months,Child. & ado. with chronic conditions,3,2024
AIA,2024-10-01,policy_comment,Adults who are interested in vaccinations can receive at any time,Adults,3,2024
AIA,2024-07-01,policy_vacc,YES,Child. & ado. with chronic conditions,2,2024
AIA,2024-07-01,policy_vacc,YES,Older adults,2,2024
AIA,2024-07-01,policy_vacc,YES,Older adults with chronic conditions,2,2024
AIA,2024-07-01,policy_vacc,YES,Adults,2,2024
AIA,2024-07-01,policy_vacc,YES,Adults with chronic conditions,2,2024
AIA,2024-07-01,policy_vacc,YES,Pregnant women,2,2024
AIA,2024-07-01,policy_vacc,YES,Health and care workers,2,2024
AIA,2024-07-01,policy_vacc,NO,Children & adolescents,2,2024
AIA,2024-07-01,policy_revacc,YES,Child. & ado. with chronic conditions,2,2024
AIA,2024-07-01,policy_revacc,YES,Older adults,2,2024
AIA,2024-07-01,policy_revacc,YES,Older adults with chronic conditions,2,2024
AIA,2024-07-01,policy_revacc,YES,Adults,2,2024
AIA,2024-07-01,policy_revacc,YES,Adults with chronic conditions,2,2024
AIA,2024-07-01,policy_revacc,YES,Pregnant women,2,2024
AIA,2024-07-01,policy_revacc,YES,Health and care workers,2,2024
AIA,2024-07-01,policy_revacc,NO,Children & adolescents,2,2024
AIA,2024-07-01,policy_revacc_interval,6 months,Child. & ado. with chronic conditions,2,2024
AIA,2024-07-01,policy_revacc_interval,6months,Older adults,2,2024
AIA,2024-07-01,policy_revacc_interval,6 months,Older adults with chronic conditions,2,2024
AIA,2024-07-01,policy_revacc_interval,6 months,Adults,2,2024
AIA,2024-07-01,policy_revacc_interval,6 months,Adults with chronic conditions,2,2024
AIA,2024-07-01,policy_revacc_interval,6 months,Pregnant women,2,2024
AIA,2024-07-01,policy_revacc_interval,6 mnths,Health and care workers,2,2024
AIA,2024-07-01,policy_comment,Adults who are interested in vaccinations can receive at any time,Adults,2,2024
AIA,2024-04-01,policy_vacc,NO,Adults,1,2024
AIA,2024-04-01,policy_vacc,YES,Adults with chronic conditions,1,2024
AIA,2024-04-01,policy_vacc,YES,Health and care workers,1,2024
AIA,2024-04-01,policy_vacc,NO,Children & adolescents,1,2024
AIA,2024-04-01,policy_vacc,YES,Child. & ado. with chronic conditions,1,2024
AIA,2024-04-01,policy_vacc,YES,Older adults,1,2024
AIA,2024-04-01,policy_vacc,YES,Older adults with chronic conditions,1,2024
AIA,2024-10-01,status_product_use,NO,PFI-COMIRNATY-1,3,2024
AIA,2024-10-01,status_product_use,NO,PFI-CBOOB1-1,3,2024
AIA,2024-10-01,status_product_use,NO,ASZ-AZD1222-1,3,2024
AIA,2024-10-01,comment,pediatric dose of Pfizer started 18-02-2022.       Bivalent dose started 18th November 2022,PFI-COMIRNATY-1,3,2024
AIA,2024-10-01,date_product_start,2021-09-06T00:00:00Z,PFI-COMIRNATY-1,3,2024
AIA,2024-10-01,date_product_start,2022-11-18T00:00:00Z,PFI-CBOOB1-1,3,2024
AIA,2024-10-01,date_product_start,2021-02-05T00:00:00Z,ASZ-AZD1222-1,3,2024
GRD,2025-01-01,policy_comment,,Adults,4,2024
GRD,2025-01-01,policy_comment,,Adults with chronic conditions,4,2024
GRD,2025-01-01,policy_comment,,Child. & ado. with chronic conditions,4,2024
GRD,2025-01-01,policy_comment,,Children & adolescents,4,2024
GRD,2025-01-01,policy_comment,,Health and care workers,4,2024
GRD,2025-01-01,policy_comment,,Older adults,4,2024
GRD,2025-01-01,policy_comment,,Older adults with chronic conditions,4,2024
GRD,2025-01-01,policy_comment,,Other groups,4,2024
GRD,2025-01-01,policy_comment,,Pregnant women,4,2024
GRD,2025-01-01,policy_revacc,,Adults,4,2024
GRD,2025-01-01,policy_revacc,,Adults with chronic conditions,4,2024
GRD,2025-01-01,policy_revacc,,Child. & ado. with chronic conditions,4,2024
GRD,2025-01-01,policy_revacc,,Children & adolescents,4,2024
GRD,2025-01-01,policy_revacc,,Health and care workers,4,2024
GRD,2025-01-01,policy_revacc,,Older adults,4,2024
GRD,2025-01-01,policy_revacc,,Other groups,4,2024
GRD,2025-01-01,policy_revacc_interval,,Adults,4,2024
GRD,2025-01-01,policy_revacc_interval,,Adults with chronic conditions,4,2024
GRD,2025-01-01,policy_revacc_interval,,Child. & ado. with chronic conditions,4,2024
GRD,2025-01-01,policy_revacc_interval,,Children & adolescents,4,2024
GRD,2025-01-01,policy_revacc_interval,,Health and care workers,4,2024
GRD,2025-01-01,policy_revacc_interval,,Older adults,4,2024
GRD,2025-01-01,policy_revacc_interval,,Other groups,4,2024
GRD,2025-01-01,policy_vacc,,Adults,4,2024
GRD,2025-01-01,policy_vacc,,Adults with chronic conditions,4,2024
GRD,2025-01-01,policy_vacc,,Child. & ado. with chronic conditions,4,2024
GRD,2025-01-01,policy_vacc,,Children & adolescents,4,2024
GRD,2025-01-01,policy_vacc,,Health and care workers,4,2024
GRD,2025-01-01,policy_vacc,,Older adults,4,2024
GRD,2025-01-01,policy_vacc,,Other groups,4,2024
GRD,2025-01-01,policy_vacc,YES,Pregnant women,4,2024
GRD,2025-01-01,policy_vacc,YES,Older adults with chronic conditions,4,2024
GRD,2025-01-01,policy_revacc,YES,Pregnant women,4,2024
GRD,2025-01-01,policy_revacc,YES,Older adults with chronic conditions,4,2024
GRD,2025-01-01,policy_revacc_interval,OTHER,Pregnant women,4,2024
GRD,2025-01-01,policy_revacc_interval,6_MONTHS,Older adults with chronic conditions,4,2024
LKA,2025-01-01,policy_vacc,NO,Older adults,4,2024
LKA,2025-01-01,policy_vacc,NO,Older adults with chronic conditions,4,2024
LKA,2025-01-01,policy_vacc,NO,Adults,4,2024
LKA,2025-01-01,policy_vacc,NO,Adults with chronic conditions,4,2024
LKA,2025-01-01,policy_vacc,NO,Health and care workers,4,2024
LKA,2025-01-01,policy_vacc,NO,Children & adolescents,4,2024
LKA,2025-01-01,policy_vacc,NO,Child. & ado. with chronic conditions,4,2024
LKA,2025-01-01,policy_vacc,NO,Other groups,4,2024
LKA,2025-01-01,policy_vacc,NO,Pregnant women,4,2024
LKA,2025-01-01,policy_comment,COVID vacciantion was not conducted in the country in 2024,Older adults,4,2024
LKA,2025-01-01,policy_comment,,Adults,4,2024
LKA,2025-01-01,policy_comment,,Adults with chronic conditions,4,2024
LKA,2025-01-01,policy_comment,,Child. & ado. with chronic conditions,4,2024
LKA,2025-01-01,policy_comment,,Children & adolescents,4,2024
LKA,2025-01-01,policy_comment,,Health and care workers,4,2024
LKA,2025-01-01,policy_comment,,Older adults with chronic conditions,4,2024
LKA,2025-01-01,policy_comment,,Other groups,4,2024
LKA,2025-01-01,policy_comment,,Pregnant women,4,2024
LKA,2025-01-01,policy_revacc,,Adults,4,2024
LKA,2025-01-01,policy_revacc,,Adults with chronic conditions,4,2024
LKA,2025-01-01,policy_revacc,,Child. & ado. with chronic conditions,4,2024
LKA,2025-01-01,policy_revacc,,Children & adolescents,4,2024
LKA,2025-01-01,policy_revacc,,Health and care workers,4,2024
LKA,2025-01-01,policy_revacc,,Older adults,4,2024
LKA,2025-01-01,policy_revacc,,Older adults with chronic conditions,4,2024
LKA,2025-01-01,policy_revacc,,Other groups,4,2024
LKA,2025-01-01,policy_revacc,,Pregnant women,4,2024
LKA,2025-01-01,policy_revacc_interval,,Adults,4,2024
LKA,2025-01-01,policy_revacc_interval,,Adults with chronic conditions,4,2024
LKA,2025-01-01,policy_revacc_interval,,Child. & ado. with chronic conditions,4,2024
LKA,2025-01-01,policy_revacc_interval,,Children & adolescents,4,2024
LKA,2025-01-01,policy_revacc_interval,,Health and care workers,4,2024
LKA,2025-01-01,policy_revacc_interval,,Older adults,4,2024
LKA,2025-01-01,policy_revacc_interval,,Older adults with chronic conditions,4,2024
LKA,2025-01-01,policy_revacc_interval,,Other groups,4,2024
LKA,2025-01-01,policy_revacc_interval,,Pregnant women,4,2024
SLE,2025-01-01,policy_comment,,Adults,4,2024
SLE,2025-01-01,policy_comment,,Adults with chronic conditions,4,2024
SLE,2025-01-01,policy_comment,,Child. & ado. with chronic conditions,4,2024
SLE,2025-01-01,policy_comment,,Children & adolescents,4,2024
SLE,2025-01-01,policy_comment,,Health and care workers,4,2024
SLE,2025-01-01,policy_comment,,Older adults,4,2024
SLE,2025-01-01,policy_comment,,Older adults with chronic conditions,4,2024
SLE,2025-01-01,policy_comment,,Other groups,4,2024
SLE,2025-01-01,policy_comment,,Pregnant women,4,2024
SLE,2025-01-01,policy_revacc,,Adults,4,2024
SLE,2025-01-01,policy_revacc,,Adults with chronic conditions,4,2024
SLE,2025-01-01,policy_revacc,,Child. & ado. with chronic conditions,4,2024
SLE,2025-01-01,policy_revacc,,Children & adolescents,4,2024
SLE,2025-01-01,policy_revacc,,Health and care workers,4,2024
SLE,2025-01-01,policy_revacc,,Older adults,4,2024
SLE,2025-01-01,policy_revacc,,Older adults with chronic conditions,4,2024
SLE,2025-01-01,policy_revacc,,Other groups,4,2024
SLE,2025-01-01,policy_revacc,,Pregnant women,4,2024
SLE,2025-01-01,policy_revacc_interval,,Adults,4,2024
SLE,2025-01-01,policy_revacc_interval,,Adults with chronic conditions,4,2024
SLE,2025-01-01,policy_revacc_interval,,Child. & ado. with chronic conditions,4,2024
SLE,2025-01-01,policy_revacc_interval,,Children & adolescents,4,2024
SLE,2025-01-01,policy_revacc_interval,,Health and care workers,4,2024
SLE,2025-01-01,policy_revacc_interval,,Older adults,4,2024
SLE,2025-01-01,policy_revacc_interval,,Older adults with chronic conditions,4,2024
SLE,2025-01-01,policy_revacc_interval,,Other groups,4,2024
SLE,2025-01-01,policy_revacc_interval,,Pregnant women,4,2024
SLE,2025-01-01,policy_vacc,,Adults,4,2024
SLE,2025-01-01,policy_vacc,,Adults with chronic conditions,4,2024
SLE,2025-01-01,policy_vacc,,Child. & ado. with chronic conditions,4,2024
SLE,2025-01-01,policy_vacc,,Children & adolescents,4,2024
SLE,2025-01-01,policy_vacc,,Health and care workers,4,2024
SLE,2025-01-01,policy_vacc,,Older adults,4,2024
SLE,2025-01-01,policy_vacc,,Older adults with chronic conditions,4,2024
SLE,2025-01-01,policy_vacc,,Other groups,4,2024
SLE,2025-01-01,policy_vacc,,Pregnant women,4,2024
VUT,2025-01-01,policy_comment,,Adults,4,2024
VUT,2025-01-01,policy_comment,,Adults with chronic conditions,4,2024
VUT,2025-01-01,policy_comment,,Child. & ado. with chronic conditions,4,2024
VUT,2025-01-01,policy_comment,,Children & adolescents,4,2024
VUT,2025-01-01,policy_comment,,Health and care workers,4,2024
VUT,2025-01-01,policy_comment,,Older adults,4,2024
VUT,2025-01-01,policy_comment,,Older adults with chronic conditions,4,2024
VUT,2025-01-01,policy_comment,,Other groups,4,2024
VUT,2025-01-01,policy_comment,,Pregnant women,4,2024
VUT,2025-01-01,policy_revacc,,Adults,4,2024
VUT,2025-01-01,policy_revacc,,Adults with chronic conditions,4,2024
VUT,2025-01-01,policy_revacc,,Child. & ado. with chronic conditions,4,2024
VUT,2025-01-01,policy_revacc,,Children & adolescents,4,2024
VUT,2025-01-01,policy_revacc,,Health and care workers,4,2024
VUT,2025-01-01,policy_revacc,,Older adults,4,2024
VUT,2025-01-01,policy_revacc,,Older adults with chronic conditions,4,2024
VUT,2025-01-01,policy_revacc,,Other groups,4,2024
VUT,2025-01-01,policy_revacc,,Pregnant women,4,2024
VUT,2025-01-01,policy_revacc_interval,,Adults,4,2024
VUT,2025-01-01,policy_revacc_interval,,Adults with chronic conditions,4,2024
VUT,2025-01-01,policy_revacc_interval,,Child. & ado. with chronic conditions,4,2024
VUT,2025-01-01,policy_revacc_interval,,Children & adolescents,4,2024
VUT,2025-01-01,policy_revacc_interval,,Health and care workers,4,2024
VUT,2025-01-01,policy_revacc_interval,,Older adults,4,2024
VUT,2025-01-01,policy_revacc_interval,,Older adults with chronic conditions,4,2024
VUT,2025-01-01,policy_revacc_interval,,Other groups,4,2024
VUT,2025-01-01,policy_revacc_interval,,Pregnant women,4,2024
VUT,2025-01-01,policy_vacc,,Adults,4,2024
VUT,2025-01-01,policy_vacc,,Adults with chronic conditions,4,2024
VUT,2025-01-01,policy_vacc,,Child. & ado. with chronic conditions,4,2024
VUT,2025-01-01,policy_vacc,,Children & adolescents,4,2024
VUT,2025-01-01,policy_vacc,,Health and care workers,4,2024
VUT,2025-01-01,policy_vacc,,Older adults,4,2024
VUT,2025-01-01,policy_vacc,,Older adults with chronic conditions,4,2024
VUT,2025-01-01,policy_vacc,,Other groups,4,2024
VUT,2025-01-01,policy_vacc,,Pregnant women,4,2024
LBR,2025-01-01,policy_comment,,Adults,4,2024
LBR,2025-01-01,policy_comment,,Adults with chronic conditions,4,2024
LBR,2025-01-01,policy_comment,,Child. & ado. with chronic conditions,4,2024
LBR,2025-01-01,policy_comment,,Children & adolescents,4,2024
LBR,2025-01-01,policy_comment,,Health and care workers,4,2024
LBR,2025-01-01,policy_comment,,Older adults,4,2024
LBR,2025-01-01,policy_comment,,Older adults with chronic conditions,4,2024
LBR,2025-01-01,policy_comment,,Other groups,4,2024
LBR,2025-01-01,policy_comment,,Pregnant women,4,2024
LBR,2025-01-01,policy_revacc,,Adults,4,2024
LBR,2025-01-01,policy_revacc,,Adults with chronic conditions,4,2024
LBR,2025-01-01,policy_revacc,,Child. & ado. with chronic conditions,4,2024
LBR,2025-01-01,policy_revacc,,Children & adolescents,4,2024
LBR,2025-01-01,policy_revacc,,Health and care workers,4,2024
LBR,2025-01-01,policy_revacc,,Older adults,4,2024
LBR,2025-01-01,policy_revacc,,Older adults with chronic conditions,4,2024
LBR,2025-01-01,policy_revacc,,Other groups,4,2024
LBR,2025-01-01,policy_revacc,,Pregnant women,4,2024
LBR,2025-01-01,policy_revacc_interval,,Adults,4,2024
LBR,2025-01-01,policy_revacc_interval,,Adults with chronic conditions,4,2024
LBR,2025-01-01,policy_revacc_interval,,Child. & ado. with chronic conditions,4,2024
LBR,2025-01-01,policy_revacc_interval,,Children & adolescents,4,2024
LBR,2025-01-01,policy_revacc_interval,,Health and care workers,4,2024
LBR,2025-01-01,policy_revacc_interval,,Older adults,4,2024
LBR,2025-01-01,policy_revacc_interval,,Older adults with chronic conditions,4,2024
LBR,2025-01-01,policy_revacc_interval,,Other groups,4,2024
LBR,2025-01-01,policy_revacc_interval,,Pregnant women,4,2024
LBR,2025-01-01,policy_vacc,NO,Older adults with chronic conditions,4,2024
LBR,2025-01-01,policy_vacc,NO,Adults,4,2024
LBR,2025-01-01,policy_vacc,NO,Adults with chronic conditions,4,2024
LBR,2025-01-01,policy_vacc,YES,Older adults,4,2024
LBR,2025-01-01,policy_vacc,NO,Pregnant women,4,2024
LBR,2025-01-01,policy_vacc,NO,Health and care workers,4,2024
LBR,2025-01-01,policy_vacc,NO,Children & adolescents,4,2024
LBR,2025-01-01,policy_vacc,NO,Child. & ado. with chronic conditions,4,2024
LBR,2025-01-01,policy_vacc,NO,Other groups,4,2024
ATG,2025-01-01,policy_comment,,Adults,4,2024
ATG,2025-01-01,policy_comment,,Adults with chronic conditions,4,2024
ATG,2025-01-01,policy_comment,,Child. & ado. with chronic conditions,4,2024
ATG,2025-01-01,policy_comment,,Children & adolescents,4,2024
ATG,2025-01-01,policy_comment,,Health and care workers,4,2024
ATG,2025-01-01,policy_comment,,Older adults,4,2024
ATG,2025-01-01,policy_comment,,Older adults with chronic conditions,4,2024
ATG,2025-01-01,policy_comment,,Other groups,4,2024
ATG,2025-01-01,policy_comment,,Pregnant women,4,2024
ATG,2025-01-01,policy_revacc,,Adults,4,2024
ATG,2025-01-01,policy_revacc,,Adults with chronic conditions,4,2024
ATG,2025-01-01,policy_revacc,,Child. & ado. with chronic conditions,4,2024
ATG,2025-01-01,policy_revacc,,Children & adolescents,4,2024
ATG,2025-01-01,policy_revacc,,Health and care workers,4,2024
ATG,2025-01-01,policy_revacc,,Older adults,4,2024
ATG,2025-01-01,policy_revacc,,Older adults with chronic conditions,4,2024
ATG,2025-01-01,policy_revacc,,Other groups,4,2024
ATG,2025-01-01,policy_revacc,,Pregnant women,4,2024
ATG,2025-01-01,policy_revacc_interval,,Adults,4,2024
ATG,2025-01-01,policy_revacc_interval,,Adults with chronic conditions,4,2024
ATG,2025-01-01,policy_revacc_interval,,Child. & ado. with chronic conditions,4,2024
ATG,2025-01-01,policy_revacc_interval,,Children & adolescents,4,2024
ATG,2025-01-01,policy_revacc_interval,,Health and care workers,4,2024
ATG,2025-01-01,policy_revacc_interval,,Older adults,4,2024
ATG,2025-01-01,policy_revacc_interval,,Older adults with chronic conditions,4,2024
ATG,2025-01-01,policy_revacc_interval,,Other groups,4,2024
ATG,2025-01-01,policy_revacc_interval,,Pregnant women,4,2024
ATG,2025-01-01,policy_vacc,,Adults,4,2024
ATG,2025-01-01,policy_vacc,,Adults with chronic conditions,4,2024
ATG,2025-01-01,policy_vacc,,Child. & ado. with chronic conditions,4,2024
ATG,2025-01-01,policy_vacc,,Children & adolescents,4,2024
ATG,2025-01-01,policy_vacc,,Health and care workers,4,2024
ATG,2025-01-01,policy_vacc,,Older adults,4,2024
ATG,2025-01-01,policy_vacc,,Older adults with chronic conditions,4,2024
ATG,2025-01-01,policy_vacc,,Other groups,4,2024
ATG,2025-01-01,policy_vacc,,Pregnant women,4,2024
ATG,2024-10-01,status_product_use,NO,PFI-COMIRNATY-1,3,2024
ATG,2024-10-01,status_product_use,NO,GRI-SPUTNIKV-1,3,2024
ATG,2024-10-01,status_product_use,NO,JAP-AD26-COV-2.5-1,3,2024
ATG,2024-10-01,status_product_use,NO,SII-COVISHIELD-1,3,2024
ATG,2024-10-01,status_product_use,NO,ASZ-AZD1222-1,3,2024
ATG,2024-10-01,comment,No vaccine in stock,PFI-COMIRNATY-1,3,2024
ATG,2024-10-01,comment,No vaccine in stock,GRI-SPUTNIKV-1,3,2024
ATG,2024-10-01,comment,No vaccine in stock,JAP-AD26-COV-2.5-1,3,2024
ATG,2024-10-01,comment,No vaccine in stock,SII-COVISHIELD-1,3,2024
ATG,2024-10-01,comment,No vaccine in stock,ASZ-AZD1222-1,3,2024
ATG,2024-10-01,policy_vacc,NO,Pregnant women,3,2024
ATG,2024-10-01,policy_vacc,YES,Health and care workers,3,2024
ATG,2024-10-01,policy_vacc,NO,Children & adolescents,3,2024
ATG,2024-10-01,policy_vacc,NO,Child. & ado. with chronic conditions,3,2024
ATG,2024-10-01,policy_vacc,NO,Other groups,3,2024
ATG,2024-10-01,policy_vacc,YES,Older adults,3,2024
ATG,2024-10-01,policy_vacc,YES,Older adults with chronic conditions,3,2024
ATG,2024-10-01,policy_vacc,YES,Adults,3,2024
ATG,2024-10-01,policy_vacc,YES,Adults with chronic conditions,3,2024
ATG,2024-10-01,policy_revacc,NO,Pregnant women,3,2024
ATG,2024-10-01,policy_revacc,YES,Health and care workers,3,2024
ATG,2024-10-01,policy_revacc,NO,Children & adolescents,3,2024
ATG,2024-10-01,policy_revacc,NO,Child. & ado. with chronic conditions,3,2024
ATG,2024-10-01,policy_revacc,NO,Other groups,3,2024
ATG,2024-10-01,policy_revacc,YES,Older adults,3,2024
ATG,2024-10-01,policy_revacc,YES,Older adults with chronic conditions,3,2024
ATG,2024-10-01,policy_revacc,YES,Adults,3,2024
ATG,2024-10-01,policy_revacc,YES,Adults with chronic conditions,3,2024
ATG,2024-10-01,policy_comment,The Interval is the same at the WHO guidelines. Country doesnt currently have vaccines to vaccinate.,Pregnant women,3,2024
ATG,2024-10-01,policy_comment,The Interval is the same at the WHO guidelines. Country doesnt currently have vaccines to vaccinate.,Health and care workers,3,2024
ATG,2024-10-01,policy_comment,The Interval is the same at the WHO guidelines. Country doesnt currently have vaccines to vaccinate.,Children & adolescents,3,2024
ATG,2024-10-01,policy_comment,The Interval is the same at the WHO guidelines. Country doesnt currently have vaccines to vaccinate.,Child. & ado. with chronic conditions,3,2024
ATG,2024-10-01,policy_comment,The Interval is the same at the WHO guidelines. Country doesnt currently have vaccines to vaccinate.,Other groups,3,2024
ATG,2024-10-01,policy_comment,The Interval is the same at the WHO guidelines. Country doesnt currently have vaccines to vaccinate.,Older adults,3,2024
ATG,2024-10-01,policy_comment,The Interval is the same at the WHO guidelines. Country doesnt currently have vaccines to vaccinate.,Older adults with chronic conditions,3,2024
ATG,2024-10-01,policy_comment,The Interval is the same at the WHO guidelines. Country doesnt currently have vaccines to vaccinate.,Adults,3,2024
ATG,2024-10-01,policy_comment,The Interval is the same at the WHO guidelines. Country doesnt currently have vaccines to vaccinate.,Adults with chronic conditions,3,2024
ATG,2024-10-01,date_product_start,2021-08-24T00:00:00Z,PFI-COMIRNATY-1,3,2024
ATG,2024-10-01,date_product_start,2021-08-16T00:00:00Z,GRI-SPUTNIKV-1,3,2024
ATG,2024-10-01,date_product_start,2021-09-06T00:00:00Z,JAP-AD26-COV-2.5-1,3,2024
ATG,2024-10-01,date_product_start,2021-07-12T00:00:00Z,SII-COVISHIELD-1,3,2024
ATG,2024-10-01,date_product_start,2021-03-01T00:00:00Z,ASZ-AZD1222-1,3,2024
AUS,2024-04-01,status_product_use,NO,ASZ-AZD1222-1,1,2024
AUS,2024-04-01,status_product_use,YES,MOC-MRNA-1273-1,1,2024
AUS,2024-04-01,status_product_use,YES,NOV-COVAX-1,1,2024
AUS,2024-04-01,status_product_use,YES,PFI-COMIRNATY-1,1,2024
AUS,2024-07-01,status_product_use,NO,ASZ-AZD1222-1,2,2024
AUS,2024-07-01,status_product_use,YES,MOC-MRNA-1273-1,2,2024
AUS,2024-07-01,status_product_use,YES,NOV-COVAX-1,2,2024
AUS,2024-07-01,status_product_use,YES,PFI-COMIRNATY-1,2,2024
AUS,2024-07-01,policy_vacc,YES,Older adults,2,2024
AUS,2024-07-01,policy_vacc,YES,Older adults with chronic conditions,2,2024
AUS,2024-07-01,policy_vacc,YES,Adults,2,2024
AUS,2024-07-01,policy_vacc,YES,Adults with chronic conditions,2,2024
AUS,2024-07-01,policy_vacc,YES,Pregnant women,2,2024
AUS,2024-07-01,policy_vacc,YES,Health and care workers,2,2024
AUS,2024-07-01,policy_vacc,NO,Children & adolescents,2,2024
AUS,2024-07-01,policy_vacc,YES,Child. & ado. with chronic conditions,2,2024
AUS,2024-07-01,policy_revacc,YES,Older adults,2,2024
AUS,2024-07-01,policy_revacc,YES,Older adults with chronic conditions,2,2024
AUS,2024-07-01,policy_revacc,YES,Adults,2,2024
AUS,2024-07-01,policy_revacc,YES,Adults with chronic conditions,2,2024
AUS,2024-07-01,policy_revacc,NO,Pregnant women,2,2024
AUS,2024-07-01,policy_revacc,YES,Health and care workers,2,2024
AUS,2024-07-01,policy_revacc,NO,Children & adolescents,2,2024
AUS,2024-07-01,policy_revacc,YES,Child. & ado. with chronic conditions,2,2024
AUS,2024-04-01,policy_comment,75 years and up,Older adults,1,2024
AUS,2024-04-01,policy_comment,75 years and up,Older adults with chronic conditions,1,2024
AUS,2024-04-01,policy_comment,18 years and up,Adults,1,2024
AUS,2024-04-01,policy_comment,18 years and up,Adults with chronic conditions,1,2024
AUS,2024-04-01,policy_comment,5-17 years,Children & adolescents,1,2024
AUS,2024-04-01,policy_comment,5-17 years,Child. & ado. with chronic conditions,1,2024
AUS,2024-04-01,policy_revacc_interval,Recommended every 6 months,Older adults,1,2024
AUS,2024-04-01,policy_revacc_interval,Recommended every 6 months,Older adults with chronic conditions,1,2024
AUS,2024-04-01,policy_revacc_interval,Eligible every 12 months,Adults,1,2024
AUS,2024-04-01,policy_revacc_interval,"Recommended every 12 months, eligible every 6 months",Adults with chronic conditions,1,2024
AUS,2024-04-01,policy_revacc_interval,Eligible every 12 months,Health and care workers,1,2024
AUS,2024-04-01,policy_revacc_interval,Eligible every 12 months,Child. & ado. with chronic conditions,1,2024
AUS,2024-04-01,policy_vacc,YES,Older adults,1,2024
AUS,2024-04-01,policy_vacc,YES,Older adults with chronic conditions,1,2024
AUS,2024-04-01,policy_vacc,YES,Adults,1,2024
AUS,2024-04-01,policy_vacc,YES,Adults with chronic conditions,1,2024
AUS,2024-04-01,policy_vacc,YES,Pregnant women,1,2024
AUS,2024-04-01,policy_vacc,YES,Health and care workers,1,2024
AUS,2024-04-01,policy_vacc,NO,Children & adolescents,1,2024
AUS,2024-04-01,policy_vacc,YES,Child. & ado. with chronic conditions,1,2024
AUS,2024-04-01,policy_revacc,YES,Older adults,1,2024
AUS,2024-04-01,policy_revacc,YES,Older adults with chronic conditions,1,2024
AUS,2024-04-01,policy_revacc,YES,Adults,1,2024
AUS,2024-04-01,policy_revacc,YES,Adults with chronic conditions,1,2024
AUS,2024-04-01,policy_revacc,NO,Pregnant women,1,2024
AUS,2024-04-01,policy_revacc,YES,Health and care workers,1,2024
AUS,2024-04-01,policy_revacc,NO,Children & adolescents,1,2024
AUS,2024-04-01,policy_revacc,YES,Child. & ado. with chronic conditions,1,2024
AUS,2024-07-01,policy_comment,75 years and up,Older adults,2,2024
AUS,2024-07-01,policy_comment,75 years and up,Older adults with chronic conditions,2,2024
AUS,2024-07-01,policy_comment,18 years and up,Adults,2,2024
AUS,2024-07-01,policy_comment,18 years and up,Adults with chronic conditions,2,2024
AUS,2024-07-01,policy_comment,5-17 years,Children & adolescents,2,2024
AUS,2024-07-01,policy_comment,5-17 years,Child. & ado. with chronic conditions,2,2024
AUS,2024-07-01,policy_revacc_interval,Recommended every 6 months,Older adults,2,2024
AUS,2024-07-01,policy_revacc_interval,Recommended every 6 months,Older adults with chronic conditions,2,2024
AUS,2024-07-01,policy_revacc_interval,Eligible every 12 months,Adults,2,2024
AUS,2024-07-01,policy_revacc_interval,"Recommended every 12 months, eligible every 6 months",Adults with chronic conditions,2,2024
AUS,2024-07-01,policy_revacc_interval,Eligible every 12 months,Health and care workers,2,2024
AUS,2024-07-01,policy_revacc_interval,Eligible every 12 months,Child. & ado. with chronic conditions,2,2024
AUS,2024-10-01,policy_comment,75 years and up,Older adults,3,2024
AUS,2024-10-01,policy_comment,75 years and up,Older adults with chronic conditions,3,2024
AUS,2024-10-01,policy_comment,18 years and up,Adults,3,2024
AUS,2024-10-01,policy_comment,18 years and up,Adults with chronic conditions,3,2024
AUS,2024-10-01,policy_comment,5-17 years,Children & adolescents,3,2024
AUS,2024-10-01,policy_comment,5-17 years,Child. & ado. with chronic conditions,3,2024
AUS,2024-10-01,policy_revacc_interval,Recommended every 6 months,Older adults,3,2024
AUS,2024-10-01,policy_revacc_interval,Recommended every 6 months,Older adults with chronic conditions,3,2024
AUS,2024-10-01,policy_revacc_interval,Eligible every 12 months,Adults,3,2024
AUS,2024-10-01,policy_revacc_interval,"Recommended every 12 months, eligible every 6 months",Adults with chronic conditions,3,2024
AUS,2024-10-01,policy_revacc_interval,Eligible every 12 months,Health and care workers,3,2024
AUS,2024-10-01,policy_revacc_interval,Eligible every 12 months,Child. & ado. with chronic conditions,3,2024
AUS,2024-10-01,policy_vacc,YES,Older adults,3,2024
AUS,2024-10-01,policy_vacc,YES,Older adults with chronic conditions,3,2024
AUS,2024-10-01,policy_vacc,YES,Adults,3,2024
AUS,2024-10-01,policy_vacc,YES,Adults with chronic conditions,3,2024
AUS,2024-10-01,policy_vacc,YES,Pregnant women,3,2024
AUS,2024-10-01,policy_vacc,YES,Health and care workers,3,2024
AUS,2024-10-01,policy_vacc,NO,Children & adolescents,3,2024
AUS,2024-10-01,policy_vacc,YES,Child. & ado. with chronic conditions,3,2024
AUS,2024-10-01,policy_revacc,YES,Older adults,3,2024
AUS,2024-10-01,policy_revacc,YES,Older adults with chronic conditions,3,2024
AUS,2024-10-01,policy_revacc,YES,Adults,3,2024
AUS,2024-10-01,policy_revacc,YES,Adults with chronic conditions,3,2024
AUS,2024-10-01,policy_revacc,NO,Pregnant women,3,2024
AUS,2024-10-01,policy_revacc,YES,Health and care workers,3,2024
AUS,2024-10-01,policy_revacc,NO,Children & adolescents,3,2024
AUS,2024-10-01,policy_revacc,YES,Child. & ado. with chronic conditions,3,2024
AUS,2024-10-01,status_product_use,NO,ASZ-AZD1222-1,3,2024
AUS,2024-10-01,status_product_use,YES,MOC-MRNA-1273-1,3,2024
AUS,2024-10-01,status_product_use,YES,NOV-COVAX-1,3,2024
AUS,2024-10-01,status_product_use,YES,PFI-COMIRNATY-1,3,2024
AUS,2025-01-01,policy_comment,,Other groups,4,2024
AUS,2025-01-01,policy_revacc_interval,,Children & adolescents,4,2024
AUS,2025-01-01,policy_revacc_interval,,Other groups,4,2024
AUS,2025-01-01,policy_revacc,YES,Older adults,4,2024
AUS,2025-01-01,policy_revacc,YES,Older adults with chronic conditions,4,2024
AUS,2025-01-01,policy_revacc,YES,Adults,4,2024
AUS,2025-01-01,policy_revacc,YES,Adults with chronic conditions,4,2024
AUS,2025-01-01,policy_revacc,YES,Pregnant women,4,2024
AUS,2025-01-01,policy_revacc,YES,Health and care workers,4,2024
AUS,2025-01-01,policy_revacc,NO,Children & adolescents,4,2024
AUS,2025-01-01,policy_revacc,YES,Child. & ado. with chronic conditions,4,2024
AUS,2025-01-01,policy_revacc,NO,Other groups,4,2024
AUS,2025-01-01,policy_vacc,YES,Older adults,4,2024
AUS,2025-01-01,policy_vacc,YES,Older adults with chronic conditions,4,2024
AUS,2025-01-01,policy_vacc,YES,Adults,4,2024
AUS,2025-01-01,policy_vacc,YES,Adults with chronic conditions,4,2024
AUS,2025-01-01,policy_vacc,YES,Pregnant women,4,2024
AUS,2025-01-01,policy_vacc,YES,Health and care workers,4,2024
AUS,2025-01-01,policy_vacc,NO,Children & adolescents,4,2024
AUS,2025-01-01,policy_vacc,YES,Child. & ado. with chronic conditions,4,2024
AUS,2025-01-01,policy_vacc,NO,Other groups,4,2024
AUS,2025-01-01,policy_revacc_interval,6_MONTHS,Older adults,4,2024
AUS,2025-01-01,policy_revacc_interval,6_MONTHS,Older adults with chronic conditions,4,2024
AUS,2025-01-01,policy_revacc_interval,12_MONTHS,Adults,4,2024
AUS,2025-01-01,policy_revacc_interval,12_MONTHS,Adults with chronic conditions,4,2024
AUS,2025-01-01,policy_revacc_interval,12_MONTHS,Pregnant women,4,2024
AUS,2025-01-01,policy_revacc_interval,12_MONTHS,Health and care workers,4,2024
AUS,2025-01-01,policy_revacc_interval,12_MONTHS,Child. & ado. with chronic conditions,4,2024
AUS,2025-01-01,policy_comment,"≥ 75 years, Recommended every 6 months",Older adults,4,2024
AUS,2025-01-01,policy_comment,"≥ 75 years, Recommended every 6 months",Older adults with chronic conditions,4,2024
AUS,2025-01-01,policy_comment,"≥ 18 years, Eligible every 12 months",Adults,4,2024
AUS,2025-01-01,policy_comment,"≥ 18 years, Recommended every 12 months, eligible every 6 months",Adults with chronic conditions,4,2024
AUS,2025-01-01,policy_comment,Vaccine recommendations for pregnant women are the same as the general population. Vaccination in a specific trimester of pregnancy has not been highlighted.,Pregnant women,4,2024
AUS,2025-01-01,policy_comment,Healthcare workers are identified in administrative data as those who received payments from Australian Business Numbers associated with the healthcare industry in the six months prior to 31 January 2025 or who reported a healthcare worker occupation in their Personal Income Tax data from FY 2020-2022.,Health and care workers,4,2024
AUS,2025-01-01,policy_comment,"5-17 years, Not recommended",Children & adolescents,4,2024
AUS,2025-01-01,policy_comment,"5-17 years, Eligible every 12 months",Child. & ado. with chronic conditions,4,2024
SGP,2025-01-01,policy_vacc,YES,Older adults,4,2024
SGP,2025-01-01,policy_vacc,YES,Older adults with chronic conditions,4,2024
SGP,2025-01-01,policy_vacc,NO,Adults,4,2024
SGP,2025-01-01,policy_vacc,YES,Adults with chronic conditions,4,2024
SGP,2025-01-01,policy_vacc,YES,Pregnant women,4,2024
SGP,2025-01-01,policy_vacc,NO,Health and care workers,4,2024
SGP,2025-01-01,policy_vacc,NO,Children & adolescents,4,2024
SGP,2025-01-01,policy_vacc,YES,Child. & ado. with chronic conditions,4,2024
SGP,2025-01-01,policy_vacc,YES,Other groups,4,2024
SGP,2025-01-01,policy_revacc,YES,Older adults,4,2024
SGP,2025-01-01,policy_revacc,YES,Older adults with chronic conditions,4,2024
SGP,2025-01-01,policy_revacc,NO,Adults,4,2024
SGP,2025-01-01,policy_revacc,YES,Adults with chronic conditions,4,2024
SGP,2025-01-01,policy_revacc,YES,Pregnant women,4,2024
SGP,2025-01-01,policy_revacc,NO,Health and care workers,4,2024
SGP,2025-01-01,policy_revacc,NO,Children & adolescents,4,2024
SGP,2025-01-01,policy_revacc,YES,Child. & ado. with chronic conditions,4,2024
SGP,2025-01-01,policy_revacc,YES,Other groups,4,2024
SGP,2025-01-01,policy_revacc_interval,12_MONTHS,Older adults,4,2024
SGP,2025-01-01,policy_revacc_interval,12_MONTHS,Older adults with chronic conditions,4,2024
SGP,2025-01-01,policy_revacc_interval,12_MONTHS,Adults,4,2024
SGP,2025-01-01,policy_revacc_interval,12_MONTHS,Adults with chronic conditions,4,2024
SGP,2025-01-01,policy_revacc_interval,12_MONTHS,Pregnant women,4,2024
SGP,2025-01-01,policy_revacc_interval,12_MONTHS,Health and care workers,4,2024
SGP,2025-01-01,policy_revacc_interval,12_MONTHS,Children & adolescents,4,2024
SGP,2025-01-01,policy_revacc_interval,12_MONTHS,Child. & ado. with chronic conditions,4,2024
SGP,2025-01-01,policy_revacc_interval,12_MONTHS,Other groups,4,2024
SGP,2025-01-01,policy_comment,60 years and above,Older adults,4,2024
SGP,2025-01-01,policy_comment,Any individuals aged 6 months and above with the following conditions: diabetes/heart conditions/chronic lung conditions/chronic kidney conditions/chronic neurologic conditions/cancer on active treatment/blood conditions/immunodeficiences/obsesity/genetic or metabolic conditions/persons on non-cancer immunosuppressive treatment/pregnancy (any trimester),Older adults with chronic conditions,4,2024
SGP,2025-01-01,policy_comment,Any individuals aged 6 months and above with the following conditions: diabetes/heart conditions/chronic lung conditions/chronic kidney conditions/chronic neurologic conditions/cancer on active treatment/blood conditions/immunodeficiences/obsesity/genetic or metabolic conditions/persons on non-cancer immunosuppressive treatment/pregnancy (any trimester),Adults with chronic conditions,4,2024
SGP,2025-01-01,policy_comment,Any trimester,Pregnant women,4,2024
SGP,2025-01-01,policy_comment,"While this group is not recommended for primary and revaccination, healthcare workers and persons living/working with medically vulnerable individuals are encouraged to consider receiving the vaccine.",Health and care workers,4,2024
SGP,2025-01-01,policy_comment,Any individuals aged 6 months and above with the following conditions: diabetes/heart conditions/chronic lung conditions/chronic kidney conditions/chronic neurologic conditions/cancer on active treatment/blood conditions/immunodeficiences/obsesity/genetic or metabolic conditions/persons on non-cancer immunosuppressive treatment/pregnancy (any trimester),Child. & ado. with chronic conditions,4,2024
SGP,2025-01-01,policy_comment,,Adults,4,2024
SGP,2025-01-01,policy_comment,,Children & adolescents,4,2024
SGP,2025-01-01,policy_comment,,Other groups,4,2024
BWA,2025-01-01,policy_vacc,YES,Older adults with chronic conditions,4,2024
BWA,2025-01-01,policy_vacc,YES,Children & adolescents,4,2024
BWA,2025-01-01,policy_vacc,YES,Child. & ado. with chronic conditions,4,2024
BWA,2025-01-01,policy_vacc,YES,Other groups,4,2024
BWA,2025-01-01,policy_vacc,YES,Adults,4,2024
BWA,2025-01-01,policy_vacc,YES,Adults with chronic conditions,4,2024
BWA,2025-01-01,policy_vacc,YES,Pregnant women,4,2024
BWA,2025-01-01,policy_vacc,YES,Health and care workers,4,2024
BWA,2025-01-01,policy_vacc,YES,Older adults,4,2024
BWA,2025-01-01,policy_revacc,YES,Older adults with chronic conditions,4,2024
BWA,2025-01-01,policy_revacc,YES,Children & adolescents,4,2024
BWA,2025-01-01,policy_revacc,YES,Child. & ado. with chronic conditions,4,2024
BWA,2025-01-01,policy_revacc,YES,Other groups,4,2024
BWA,2025-01-01,policy_revacc,YES,Adults,4,2024
BWA,2025-01-01,policy_revacc,YES,Adults with chronic conditions,4,2024
BWA,2025-01-01,policy_revacc,YES,Pregnant women,4,2024
BWA,2025-01-01,policy_revacc,YES,Health and care workers,4,2024
BWA,2025-01-01,policy_revacc,YES,Older adults,4,2024
BWA,2025-01-01,policy_comment,,Adults,4,2024
BWA,2025-01-01,policy_comment,,Adults with chronic conditions,4,2024
BWA,2025-01-01,policy_comment,,Child. & ado. with chronic conditions,4,2024
BWA,2025-01-01,policy_comment,,Children & adolescents,4,2024
BWA,2025-01-01,policy_comment,,Health and care workers,4,2024
BWA,2025-01-01,policy_comment,,Older adults,4,2024
BWA,2025-01-01,policy_comment,,Older adults with chronic conditions,4,2024
BWA,2025-01-01,policy_comment,,Other groups,4,2024
BWA,2025-01-01,policy_comment,,Pregnant women,4,2024
BWA,2025-01-01,policy_revacc_interval,6_MONTHS,Older adults with chronic conditions,4,2024
BWA,2025-01-01,policy_revacc_interval,6_MONTHS,Children & adolescents,4,2024
BWA,2025-01-01,policy_revacc_interval,6_MONTHS,Child. & ado. with chronic conditions,4,2024
BWA,2025-01-01,policy_revacc_interval,6_MONTHS,Other groups,4,2024
BWA,2025-01-01,policy_revacc_interval,6_MONTHS,Adults,4,2024
BWA,2025-01-01,policy_revacc_interval,6_MONTHS,Adults with chronic conditions,4,2024
BWA,2025-01-01,policy_revacc_interval,6_MONTHS,Pregnant women,4,2024
BWA,2025-01-01,policy_revacc_interval,6_MONTHS,Health and care workers,4,2024
BWA,2025-01-01,policy_revacc_interval,6_MONTHS,Older adults,4,2024
PRT,2025-01-01,policy_vacc,YES,Older adults,4,2024
PRT,2025-01-01,policy_vacc,YES,Adults,4,2024
PRT,2025-01-01,policy_vacc,YES,Adults with chronic conditions,4,2024
PRT,2025-01-01,policy_vacc,YES,Pregnant women,4,2024
PRT,2025-01-01,policy_vacc,YES,Health and care workers,4,2024
PRT,2025-01-01,policy_vacc,NO,Children & adolescents,4,2024
PRT,2025-01-01,policy_vacc,YES,Child. & ado. with chronic conditions,4,2024
PRT,2025-01-01,policy_vacc,YES,Other groups,4,2024
PRT,2025-01-01,policy_revacc,YES,Older adults,4,2024
PRT,2025-01-01,policy_revacc,NO,Adults,4,2024
PRT,2025-01-01,policy_revacc,YES,Adults with chronic conditions,4,2024
PRT,2025-01-01,policy_revacc,YES,Pregnant women,4,2024
PRT,2025-01-01,policy_revacc,YES,Health and care workers,4,2024
PRT,2025-01-01,policy_revacc,YES,Child. & ado. with chronic conditions,4,2024
PRT,2025-01-01,policy_revacc,YES,Other groups,4,2024
PRT,2025-01-01,policy_revacc_interval,12_MONTHS,Older adults,4,2024
PRT,2025-01-01,policy_revacc_interval,12_MONTHS,Adults with chronic conditions,4,2024
PRT,2025-01-01,policy_revacc_interval,12_MONTHS,Pregnant women,4,2024
PRT,2025-01-01,policy_revacc_interval,12_MONTHS,Health and care workers,4,2024
PRT,2025-01-01,policy_revacc_interval,12_MONTHS,Child. & ado. with chronic conditions,4,2024
PRT,2025-01-01,policy_revacc_interval,12_MONTHS,Other groups,4,2024
PRT,2025-01-01,policy_comment,≥ 60 years,Older adults,4,2024
PRT,2025-01-01,policy_comment,M6-Y4 with immunosuppression; Y5+ with high-risk conditions,Child. & ado. with chronic conditions,4,2024
PRT,2025-01-01,policy_comment,"Resident in Residential Structure for the Elderly or similar, Patient in National Network for Integrated Continued Care, Home care patient, Prison Populations, Professional in Residential Structure for the Elderly or similar, Professional in National Network for Integrated Continued Care, Firefighter/Civil Protection, Others",Other groups,4,2024
PRT,2024-10-01,comment,Introduced in the seasonal vaccination campaign 2024 - 2025.,PFI-COJN-1,3,2024
PRT,2024-10-01,date_product_start,2024-09-20T00:00:00Z,PFI-COJN-1,3,2024
PRT,2024-10-01,date_product_start,2023-09-13T00:00:00Z,PFI-COXBB-1,3,2024
PRT,2024-10-01,status_product_use,YES,PFI-COJN-1,3,2024
PRT,2024-10-01,status_product_use,YES,PFI-COXBB-1,3,2024
PRT,2024-10-01,policy_revacc_interval,1 year,Pregnant women,3,2024
PRT,2024-10-01,policy_revacc_interval,1 year,Health and care workers,3,2024
PRT,2024-10-01,policy_revacc_interval,1 year,Older adults,3,2024
PRT,2024-10-01,policy_revacc_interval,1 year,Older adults with chronic conditions,3,2024
PRT,2024-10-01,policy_revacc_interval,1 year,Adults with chronic conditions,3,2024
PRT,2024-10-01,policy_revacc_interval,1 year,Child. & ado. with chronic conditions,3,2024
PRT,2024-10-01,policy_comment,≥ 60 years,Older adults,3,2024
PRT,2024-10-01,policy_revacc,YES,Pregnant women,3,2024
PRT,2024-10-01,policy_revacc,YES,Health and care workers,3,2024
PRT,2024-10-01,policy_revacc,NO,Children & adolescents,3,2024
PRT,2024-10-01,policy_revacc,YES,Older adults,3,2024
PRT,2024-10-01,policy_revacc,YES,Older adults with chronic conditions,3,2024
PRT,2024-10-01,policy_revacc,NO,Adults,3,2024
PRT,2024-10-01,policy_revacc,YES,Adults with chronic conditions,3,2024
PRT,2024-10-01,policy_revacc,YES,Child. & ado. with chronic conditions,3,2024
PRT,2024-10-01,policy_vacc,YES,Pregnant women,3,2024
PRT,2024-10-01,policy_vacc,YES,Health and care workers,3,2024
PRT,2024-10-01,policy_vacc,NO,Children & adolescents,3,2024
PRT,2024-10-01,policy_vacc,YES,Older adults,3,2024
PRT,2024-10-01,policy_vacc,YES,Older adults with chronic conditions,3,2024
PRT,2024-10-01,policy_vacc,YES,Adults,3,2024
PRT,2024-10-01,policy_vacc,YES,Adults with chronic conditions,3,2024
PRT,2024-10-01,policy_vacc,YES,Child. & ado. with chronic conditions,3,2024
PRT,2024-07-01,date_product_start,2023-09-13T00:00:00Z,PFI-COXBB-1,2,2024
PRT,2024-07-01,status_product_use,YES,PFI-COXBB-1,2,2024
PRT,2025-01-01,policy_comment,,Adults,4,2024
PRT,2025-01-01,policy_comment,,Adults with chronic conditions,4,2024
PRT,2025-01-01,policy_comment,,Children & adolescents,4,2024
PRT,2025-01-01,policy_comment,,Health and care workers,4,2024
PRT,2025-01-01,policy_comment,,Older adults with chronic conditions,4,2024
PRT,2025-01-01,policy_comment,,Pregnant women,4,2024
PRT,2025-01-01,policy_revacc,,Children & adolescents,4,2024
PRT,2025-01-01,policy_revacc,,Older adults with chronic conditions,4,2024
PRT,2025-01-01,policy_revacc_interval,,Adults,4,2024
PRT,2025-01-01,policy_revacc_interval,,Children & adolescents,4,2024
PRT,2025-01-01,policy_revacc_interval,,Older adults with chronic conditions,4,2024
PRT,2025-01-01,policy_vacc,,Older adults with chronic conditions,4,2024
PRT,2024-07-01,policy_vacc,YES,Older adults,2,2024
PRT,2024-07-01,policy_vacc,YES,Older adults with chronic conditions,2,2024
PRT,2024-07-01,policy_vacc,YES,Adults,2,2024
PRT,2024-07-01,policy_vacc,YES,Adults with chronic conditions,2,2024
PRT,2024-07-01,policy_vacc,YES,Pregnant women,2,2024
PRT,2024-07-01,policy_vacc,YES,Health and care workers,2,2024
PRT,2024-07-01,policy_vacc,NO,Children & adolescents,2,2024
PRT,2024-07-01,policy_vacc,YES,Child. & ado. with chronic conditions,2,2024
PRT,2024-07-01,policy_revacc,YES,Older adults,2,2024
PRT,2024-07-01,policy_revacc,YES,Older adults with chronic conditions,2,2024
PRT,2024-07-01,policy_revacc,NO,Adults,2,2024
PRT,2024-07-01,policy_revacc,YES,Adults with chronic conditions,2,2024
PRT,2024-07-01,policy_revacc,YES,Pregnant women,2,2024
PRT,2024-07-01,policy_revacc,YES,Health and care workers,2,2024
PRT,2024-07-01,policy_revacc,NO,Children & adolescents,2,2024
PRT,2024-07-01,policy_revacc,YES,Child. & ado. with chronic conditions,2,2024
PRT,2024-07-01,policy_revacc_interval,1 year,Older adults,2,2024
PRT,2024-07-01,policy_revacc_interval,1 year,Older adults with chronic conditions,2,2024
PRT,2024-07-01,policy_revacc_interval,1 year,Adults with chronic conditions,2,2024
PRT,2024-07-01,policy_revacc_interval,1 year,Pregnant women,2,2024
PRT,2024-07-01,policy_revacc_interval,1 year,Health and care workers,2,2024
PRT,2024-07-01,policy_revacc_interval,1 year,Child. & ado. with chronic conditions,2,2024
PRT,2024-07-01,policy_comment,≥ 60 years,Older adults,2,2024
MMR,2024-07-01,policy_vacc,YES,Other groups,2,2024
MMR,2024-07-01,policy_revacc_interval,6 months,Other groups,2,2024
MMR,2024-07-01,policy_revacc,YES,Other groups,2,2024
MMR,2024-04-01,status_product_use,YES,PFI-COMIRNATY-1,1,2024
MMR,2024-04-01,status_product_use,YES,PFI-CBOOB1-2,1,2024
MMR,2024-04-01,comment,started date not known,SIN-CORONAVAC-1,1,2024
MMR,2024-04-01,comment,started date not known,BHB-BECOV2-1,1,2024
MMR,2024-04-01,comment,UN COVID-19 vaccination program for UN personnel and dependents,JAP-AD26-COV-2.5-1,1,2024
MMR,2024-04-01,comment,UN COVID-19 vaccination program for UN personnel and dependents,MOC-MRNA-1273-1,1,2024
MMR,2024-04-01,comment,started date not known,BIB-INAC-SARS2-1,1,2024
MMR,2024-04-01,date_product_start,2023-12-21T00:00:00Z,PFI-COMIRNATY-1,1,2024
MMR,2024-04-01,date_product_start,2021-12-03T00:00:00Z,JAP-AD26-COV-2.5-1,1,2024
MMR,2024-04-01,date_product_start,2022-05-15T00:00:00Z,MOC-MRNA-1273-1,1,2024
MMR,2024-04-01,date_product_start,2021-01-27T00:00:00Z,SII-COVISHIELD-1,1,2024
MMR,2024-04-01,date_product_start,2022-01-20T00:00:00Z,GRI-SPUTNIKLT-1,1,2024
MMR,2024-04-01,date_product_start,2024-01-03T00:00:00Z,PFI-CBOOB1-2,1,2024
MMR,2024-04-01,policy_revacc,YES,Other groups,1,2024
MMR,2024-04-01,policy_revacc_interval,6 months,Other groups,1,2024
MMR,2024-04-01,policy_vacc,YES,Other groups,1,2024
MMR,2025-01-01,policy_comment,,Adults,4,2024
MMR,2025-01-01,policy_comment,,Adults with chronic conditions,4,2024
MMR,2025-01-01,policy_comment,,Child. & ado. with chronic conditions,4,2024
MMR,2025-01-01,policy_comment,,Children & adolescents,4,2024
MMR,2025-01-01,policy_comment,,Health and care workers,4,2024
MMR,2025-01-01,policy_comment,,Older adults,4,2024
MMR,2025-01-01,policy_comment,,Older adults with chronic conditions,4,2024
MMR,2025-01-01,policy_comment,,Other groups,4,2024
MMR,2025-01-01,policy_comment,,Pregnant women,4,2024
MMR,2025-01-01,policy_revacc,,Adults with chronic conditions,4,2024
MMR,2025-01-01,policy_revacc,,Child. & ado. with chronic conditions,4,2024
MMR,2025-01-01,policy_revacc,,Children & adolescents,4,2024
MMR,2025-01-01,policy_revacc,,Health and care workers,4,2024
MMR,2025-01-01,policy_revacc,,Older adults with chronic conditions,4,2024
MMR,2025-01-01,policy_revacc,,Other groups,4,2024
MMR,2025-01-01,policy_revacc_interval,,Adults with chronic conditions,4,2024
MMR,2025-01-01,policy_revacc_interval,,Child. & ado. with chronic conditions,4,2024
MMR,2025-01-01,policy_revacc_interval,,Children & adolescents,4,2024
MMR,2025-01-01,policy_revacc_interval,,Health and care workers,4,2024
MMR,2025-01-01,policy_revacc_interval,,Older adults with chronic conditions,4,2024
MMR,2025-01-01,policy_revacc_interval,,Other groups,4,2024
MMR,2025-01-01,policy_vacc,,Adults with chronic conditions,4,2024
MMR,2025-01-01,policy_vacc,,Child. & ado. with chronic conditions,4,2024
MMR,2025-01-01,policy_vacc,,Children & adolescents,4,2024
MMR,2025-01-01,policy_vacc,,Health and care workers,4,2024
MMR,2025-01-01,policy_vacc,,Older adults with chronic conditions,4,2024
MMR,2025-01-01,policy_vacc,,Other groups,4,2024
MMR,2024-07-01,date_product_start,2023-12-21T00:00:00Z,PFI-COMIRNATY-1,2,2024
MMR,2024-07-01,date_product_start,2021-12-03T00:00:00Z,JAP-AD26-COV-2.5-1,2,2024
MMR,2024-07-01,date_product_start,2022-05-15T00:00:00Z,MOC-MRNA-1273-1,2,2024
MMR,2024-07-01,date_product_start,2021-01-27T00:00:00Z,SII-COVISHIELD-1,2,2024
MMR,2024-07-01,date_product_start,2022-01-20T00:00:00Z,GRI-SPUTNIKLT-1,2,2024
MMR,2024-07-01,date_product_start,2024-01-03T00:00:00Z,PFI-CBOOB1-2,2,2024
MMR,2024-07-01,status_product_use,YES,PFI-COMIRNATY-1,2,2024
MMR,2024-07-01,status_product_use,YES,PFI-CBOOB1-2,2,2024
MMR,2024-07-01,comment,started date not known,SIN-CORONAVAC-1,2,2024
MMR,2024-07-01,comment,started date not known,BHB-BECOV2-1,2,2024
MMR,2024-07-01,comment,UN COVID-19 vaccination program for UN personnel and dependents,JAP-AD26-COV-2.5-1,2,2024
MMR,2024-07-01,comment,UN COVID-19 vaccination program for UN personnel and dependents,MOC-MRNA-1273-1,2,2024
MMR,2024-07-01,comment,started date not known,BIB-INAC-SARS2-1,2,2024
MMR,2025-01-01,policy_vacc,YES,Pregnant women,4,2024
MMR,2025-01-01,policy_vacc,YES,Adults,4,2024
MMR,2025-01-01,policy_vacc,YES,Older adults,4,2024
MMR,2025-01-01,policy_revacc,YES,Pregnant women,4,2024
MMR,2025-01-01,policy_revacc,YES,Adults,4,2024
MMR,2025-01-01,policy_revacc,YES,Older adults,4,2024
MMR,2025-01-01,policy_revacc_interval,6_MONTHS,Pregnant women,4,2024
MMR,2025-01-01,policy_revacc_interval,6_MONTHS,Adults,4,2024
MMR,2025-01-01,policy_revacc_interval,6_MONTHS,Older adults,4,2024
SEN,2025-01-01,policy_revacc_interval,6_MONTHS,Adults with chronic conditions,4,2024
SEN,2025-01-01,policy_revacc_interval,6_MONTHS,Health and care workers,4,2024
SEN,2025-01-01,policy_revacc_interval,6_MONTHS,Child. & ado. with chronic conditions,4,2024
SEN,2025-01-01,policy_revacc_interval,6_MONTHS,Older adults,4,2024
SEN,2025-01-01,policy_revacc_interval,6_MONTHS,Older adults with chronic conditions,4,2024
SEN,2025-01-01,policy_revacc,NO,Adults,4,2024
SEN,2025-01-01,policy_revacc,YES,Adults with chronic conditions,4,2024
SEN,2025-01-01,policy_revacc,NO,Pregnant women,4,2024
SEN,2025-01-01,policy_revacc,YES,Health and care workers,4,2024
SEN,2025-01-01,policy_revacc,NO,Children & adolescents,4,2024
SEN,2025-01-01,policy_revacc,YES,Child. & ado. with chronic conditions,4,2024
SEN,2025-01-01,policy_revacc,YES,Older adults,4,2024
SEN,2025-01-01,policy_revacc,YES,Older adults with chronic conditions,4,2024
SEN,2024-10-01,policy_vacc,YES,Older adults with chronic conditions,3,2024
SEN,2024-10-01,policy_vacc,YES,Adults,3,2024
SEN,2024-10-01,policy_vacc,YES,Adults with chronic conditions,3,2024
SEN,2024-10-01,policy_vacc,YES,Pregnant women,3,2024
SEN,2024-10-01,policy_vacc,YES,Health and care workers,3,2024
SEN,2024-10-01,policy_vacc,NO,Children & adolescents,3,2024
SEN,2024-10-01,policy_vacc,YES,Child. & ado. with chronic conditions,3,2024
SEN,2024-10-01,policy_vacc,YES,Older adults,3,2024
SEN,2024-10-01,policy_revacc,YES,Older adults with chronic conditions,3,2024
SEN,2024-10-01,policy_revacc,YES,Adults,3,2024
SEN,2024-10-01,policy_revacc,YES,Adults with chronic conditions,3,2024
SEN,2024-10-01,policy_revacc,YES,Pregnant women,3,2024
SEN,2024-10-01,policy_revacc,YES,Health and care workers,3,2024
SEN,2024-10-01,policy_revacc,YES,Child. & ado. with chronic conditions,3,2024
SEN,2024-10-01,policy_revacc,YES,Older adults,3,2024
SEN,2024-10-01,policy_revacc_interval,6,Older adults with chronic conditions,3,2024
SEN,2024-10-01,policy_revacc_interval,6,Adults,3,2024
SEN,2024-10-01,policy_revacc_interval,6,Adults with chronic conditions,3,2024
SEN,2024-10-01,policy_revacc_interval,6,Pregnant women,3,2024
SEN,2024-10-01,policy_revacc_interval,6,Health and care workers,3,2024
SEN,2024-10-01,policy_revacc_interval,6,Child. & ado. with chronic conditions,3,2024
SEN,2024-10-01,policy_revacc_interval,6,Older adults,3,2024
SEN,2024-10-01,comment,LE PRODUIT N'EST PLUS COMMANDE PAR LE PAYS,PFI-COXBB-1,3,2024
SEN,2024-10-01,comment,LE PRODUIT N'EST PLUS COMMANDE PAR LE PAYS,ASZ-AZD1222-1,3,2024
SEN,2024-10-01,comment,LE PRODUIT N'EST PLUS COMMANDE PAR LE PAYS,BIB-INAC-SARS2-1,3,2024
SEN,2024-10-01,comment,LE PRODUIT N'EST PLUS DISPONIBLE DANS LE PAYS,JAP-AD26-COV-2.5-1,3,2024
SEN,2024-10-01,status_product_use,NO,PFI-COXBB-1,3,2024
SEN,2024-10-01,status_product_use,NO,ASZ-AZD1222-1,3,2024
SEN,2024-10-01,status_product_use,NO,BIB-INAC-SARS2-1,3,2024
SEN,2024-10-01,status_product_use,NO,JAP-AD26-COV-2.5-1,3,2024
SEN,2024-10-01,date_product_start,2021-10-30T00:00:00Z,PFI-COXBB-1,3,2024
SEN,2024-10-01,date_product_start,2021-03-03T00:00:00Z,ASZ-AZD1222-1,3,2024
SEN,2024-10-01,date_product_start,2021-02-20T00:00:00Z,BIB-INAC-SARS2-1,3,2024
SEN,2024-10-01,date_product_start,2021-07-20T00:00:00Z,JAP-AD26-COV-2.5-1,3,2024
SEN,2024-04-01,date_product_start,2021-03-03T00:00:00Z,ASZ-AZD1222-1,1,2024
SEN,2024-04-01,date_product_start,2021-02-20T00:00:00Z,BIB-INAC-SARS2-1,1,2024
SEN,2024-04-01,date_product_start,2021-07-20T00:00:00Z,JAP-AD26-COV-2.5-1,1,2024
SEN,2024-04-01,date_product_start,2021-10-30T00:00:00Z,PFI-COXBB-1,1,2024
SEN,2024-04-01,status_product_use,NO,ASZ-AZD1222-1,1,2024
SEN,2024-04-01,status_product_use,NO,BIB-INAC-SARS2-1,1,2024
SEN,2024-04-01,status_product_use,YES,JAP-AD26-COV-2.5-1,1,2024
SEN,2024-04-01,status_product_use,NO,PFI-COXBB-1,1,2024
SEN,2024-04-01,comment,LE PRODUIT N'EST PLUS COMMANDE PAR LE PAYS,ASZ-AZD1222-1,1,2024
SEN,2024-04-01,comment,LE PRODUIT N'EST PLUS COMMANDE PAR LE PAYS,BIB-INAC-SARS2-1,1,2024
SEN,2024-04-01,comment,LE PRODUIT N'EST PLUS COMMANDE PAR LE PAYS,PFI-COXBB-1,1,2024
SEN,2025-01-01,policy_vacc,YES,Adults,4,2024
SEN,2025-01-01,policy_vacc,YES,Adults with chronic conditions,4,2024
SEN,2025-01-01,policy_vacc,YES,Pregnant women,4,2024
SEN,2025-01-01,policy_vacc,YES,Health and care workers,4,2024
SEN,2025-01-01,policy_vacc,NO,Children & adolescents,4,2024
SEN,2025-01-01,policy_vacc,YES,Child. & ado. with chronic conditions,4,2024
SEN,2025-01-01,policy_vacc,YES,Older adults,4,2024
SEN,2025-01-01,policy_vacc,YES,Older adults with chronic conditions,4,2024
SEN,2024-07-01,date_product_start,2021-10-30T00:00:00Z,PFI-COXBB-1,2,2024
SEN,2024-07-01,date_product_start,2021-03-03T00:00:00Z,ASZ-AZD1222-1,2,2024
SEN,2024-07-01,date_product_start,2021-02-20T00:00:00Z,BIB-INAC-SARS2-1,2,2024
SEN,2024-07-01,date_product_start,2021-07-20T00:00:00Z,JAP-AD26-COV-2.5-1,2,2024
SEN,2024-07-01,status_product_use,NO,PFI-COXBB-1,2,2024
SEN,2024-07-01,status_product_use,NO,ASZ-AZD1222-1,2,2024
SEN,2024-07-01,status_product_use,NO,BIB-INAC-SARS2-1,2,2024
SEN,2024-07-01,status_product_use,YES,JAP-AD26-COV-2.5-1,2,2024
SEN,2024-07-01,comment,LE PRODUIT N'EST PLUS COMMANDE PAR LE PAYS,PFI-COXBB-1,2,2024
SEN,2024-07-01,comment,LE PRODUIT N'EST PLUS COMMANDE PAR LE PAYS,ASZ-AZD1222-1,2,2024
SEN,2024-07-01,comment,LE PRODUIT N'EST PLUS COMMANDE PAR LE PAYS,BIB-INAC-SARS2-1,2,2024
SEN,2024-07-01,policy_revacc_interval,6,Older adults,2,2024
SEN,2024-07-01,policy_revacc_interval,6,Older adults with chronic conditions,2,2024
SEN,2024-07-01,policy_revacc_interval,6,Adults,2,2024
SEN,2024-07-01,policy_revacc_interval,6,Adults with chronic conditions,2,2024
SEN,2024-07-01,policy_revacc_interval,6,Pregnant women,2,2024
SEN,2024-07-01,policy_revacc_interval,6,Health and care workers,2,2024
SEN,2024-07-01,policy_revacc_interval,6,Child. & ado. with chronic conditions,2,2024
SEN,2024-07-01,policy_revacc,YES,Older adults,2,2024
SEN,2024-07-01,policy_revacc,YES,Older adults with chronic conditions,2,2024
SEN,2024-07-01,policy_revacc,YES,Adults,2,2024
SEN,2024-07-01,policy_revacc,YES,Adults with chronic conditions,2,2024
SEN,2024-07-01,policy_revacc,YES,Pregnant women,2,2024
SEN,2024-07-01,policy_revacc,YES,Health and care workers,2,2024
SEN,2024-07-01,policy_revacc,YES,Child. & ado. with chronic conditions,2,2024
SEN,2024-07-01,policy_vacc,YES,Older adults,2,2024
SEN,2024-07-01,policy_vacc,YES,Older adults with chronic conditions,2,2024
SEN,2024-07-01,policy_vacc,YES,Adults,2,2024
SEN,2024-07-01,policy_vacc,YES,Adults with chronic conditions,2,2024
SEN,2024-07-01,policy_vacc,YES,Pregnant women,2,2024
SEN,2024-07-01,policy_vacc,YES,Health and care workers,2,2024
SEN,2024-07-01,policy_vacc,NO,Children & adolescents,2,2024
SEN,2024-07-01,policy_vacc,YES,Child. & ado. with chronic conditions,2,2024
SEN,2025-01-01,policy_comment,,Adults,4,2024
SEN,2025-01-01,policy_comment,,Adults with chronic conditions,4,2024
SEN,2025-01-01,policy_comment,,Child. & ado. with chronic conditions,4,2024
SEN,2025-01-01,policy_comment,,Children & adolescents,4,2024
SEN,2025-01-01,policy_comment,,Health and care workers,4,2024
SEN,2025-01-01,policy_comment,,Older adults,4,2024
SEN,2025-01-01,policy_comment,,Older adults with chronic conditions,4,2024
SEN,2025-01-01,policy_comment,,Other groups,4,2024
SEN,2025-01-01,policy_comment,,Pregnant women,4,2024
SEN,2025-01-01,policy_revacc,,Other groups,4,2024
SEN,2025-01-01,policy_revacc_interval,,Adults,4,2024
SEN,2025-01-01,policy_revacc_interval,,Children & adolescents,4,2024
SEN,2025-01-01,policy_revacc_interval,,Other groups,4,2024
SEN,2025-01-01,policy_revacc_interval,,Pregnant women,4,2024
SEN,2025-01-01,policy_vacc,,Other groups,4,2024
SEN,2024-04-01,policy_vacc,YES,Adults with chronic conditions,1,2024
SEN,2024-04-01,policy_vacc,YES,Pregnant women,1,2024
SEN,2024-04-01,policy_vacc,YES,Older adults with chronic conditions,1,2024
SEN,2024-04-01,policy_vacc,YES,Adults,1,2024
SEN,2024-04-01,policy_vacc,YES,Older adults,1,2024
SEN,2024-04-01,policy_vacc,YES,Health and care workers,1,2024
SEN,2024-04-01,policy_vacc,NO,Children & adolescents,1,2024
SEN,2024-04-01,policy_vacc,YES,Child. & ado. with chronic conditions,1,2024
SEN,2024-04-01,policy_revacc,YES,Adults with chronic conditions,1,2024
SEN,2024-04-01,policy_revacc,YES,Pregnant women,1,2024
SEN,2024-04-01,policy_revacc,YES,Older adults with chronic conditions,1,2024
SEN,2024-04-01,policy_revacc,YES,Adults,1,2024
SEN,2024-04-01,policy_revacc,YES,Older adults,1,2024
SEN,2024-04-01,policy_revacc,YES,Health and care workers,1,2024
SEN,2024-04-01,policy_revacc,YES,Child. & ado. with chronic conditions,1,2024
SEN,2024-04-01,policy_revacc_interval,6,Adults with chronic conditions,1,2024
SEN,2024-04-01,policy_revacc_interval,6,Pregnant women,1,2024
SEN,2024-04-01,policy_revacc_interval,6,Older adults with chronic conditions,1,2024
SEN,2024-04-01,policy_revacc_interval,6,Adults,1,2024
SEN,2024-04-01,policy_revacc_interval,6,Older adults,1,2024
SEN,2024-04-01,policy_revacc_interval,6,Health and care workers,1,2024
SEN,2024-04-01,policy_revacc_interval,6,Child. & ado. with chronic conditions,1,2024
DMA,2024-04-01,policy_vacc,YES,Older adults,1,2024
DMA,2024-04-01,policy_vacc,YES,Older adults with chronic conditions,1,2024
DMA,2024-04-01,policy_vacc,YES,Adults,1,2024
DMA,2024-04-01,policy_vacc,YES,Adults with chronic conditions,1,2024
DMA,2024-04-01,policy_vacc,YES,Pregnant women,1,2024
DMA,2024-04-01,policy_vacc,YES,Health and care workers,1,2024
DMA,2024-04-01,policy_vacc,NO,Children & adolescents,1,2024
DMA,2024-04-01,policy_vacc,NO,Child. & ado. with chronic conditions,1,2024
DMA,2024-04-01,policy_revacc,NO,Older adults,1,2024
DMA,2024-04-01,policy_revacc,NO,Older adults with chronic conditions,1,2024
DMA,2024-04-01,policy_revacc,NO,Adults,1,2024
DMA,2024-04-01,policy_revacc,NO,Adults with chronic conditions,1,2024
DMA,2024-04-01,policy_revacc,NO,Pregnant women,1,2024
DMA,2024-04-01,policy_revacc,NO,Health and care workers,1,2024
DMA,2024-04-01,policy_revacc,NO,Children & adolescents,1,2024
DMA,2024-04-01,policy_revacc,NO,Child. & ado. with chronic conditions,1,2024
DMA,2024-04-01,policy_comment,No COVID 19 Vaccines in stock,Older adults,1,2024
DMA,2024-04-01,policy_comment,Nil,Older adults with chronic conditions,1,2024
DMA,2024-04-01,policy_comment,No COVID 19 Vaccines in stock,Adults,1,2024
DMA,2024-04-01,policy_comment,No COVID 19 Vaccines in stock,Adults with chronic conditions,1,2024
DMA,2024-04-01,policy_comment,nil,Pregnant women,1,2024
DMA,2024-04-01,policy_comment,No COVID 19 Vaccines in stock,Health and care workers,1,2024
DMA,2024-04-01,policy_comment,Nil,Children & adolescents,1,2024
DMA,2024-04-01,policy_comment,Nil,Child. & ado. with chronic conditions,1,2024
DMA,2024-04-01,comment,use of Vaccine to begin 10/2/22,MOC-MRNA-1273-1,1,2024
DMA,2024-04-01,comment,Indemnity agreement signed on date as stated above,SII-COVISHIELD-1,1,2024
DMA,2024-04-01,comment,Use of vaccine guided by PAHO recommendation,PFI-COMIRNATY-1,1,2024
DMA,2024-04-01,comment,nil,BIB-INAC-SARS2-1,1,2024
DMA,2024-04-01,comment,Vaccines received in country from COVAX facility April 6th 2021,ASZ-AZD1222-1,1,2024
DMA,2024-04-01,date_product_start,2022-02-10T00:00:00Z,MOC-MRNA-1273-1,1,2024
DMA,2024-04-01,date_product_start,2021-02-12T00:00:00Z,SII-COVISHIELD-1,1,2024
DMA,2024-04-01,date_product_start,2021-09-23T00:00:00Z,PFI-COMIRNATY-1,1,2024
DMA,2024-04-01,date_product_start,2021-03-11T00:00:00Z,BIB-INAC-SARS2-1,1,2024
DMA,2024-04-01,date_product_start,2021-04-07T00:00:00Z,ASZ-AZD1222-1,1,2024
DMA,2024-04-01,status_product_use,NO,MOC-MRNA-1273-1,1,2024
DMA,2024-04-01,status_product_use,NO,SII-COVISHIELD-1,1,2024
DMA,2024-04-01,status_product_use,NO,PFI-COMIRNATY-1,1,2024
DMA,2024-04-01,status_product_use,NO,BIB-INAC-SARS2-1,1,2024
DMA,2024-04-01,status_product_use,NO,ASZ-AZD1222-1,1,2024
DMA,2024-10-01,policy_vacc,YES,Older adults,3,2024
DMA,2024-10-01,policy_vacc,YES,Older adults with chronic conditions,3,2024
DMA,2024-10-01,policy_vacc,YES,Adults,3,2024
DMA,2024-10-01,policy_vacc,YES,Adults with chronic conditions,3,2024
DMA,2024-10-01,policy_vacc,YES,Pregnant women,3,2024
DMA,2024-10-01,policy_vacc,YES,Health and care workers,3,2024
DMA,2024-10-01,policy_vacc,NO,Children & adolescents,3,2024
DMA,2024-10-01,policy_vacc,NO,Child. & ado. with chronic conditions,3,2024
DMA,2024-10-01,policy_revacc,NO,Older adults,3,2024
DMA,2024-10-01,policy_revacc,NO,Older adults with chronic conditions,3,2024
DMA,2024-10-01,policy_revacc,NO,Adults,3,2024
DMA,2024-10-01,policy_revacc,NO,Adults with chronic conditions,3,2024
DMA,2024-10-01,policy_revacc,NO,Pregnant women,3,2024
DMA,2024-10-01,policy_revacc,NO,Health and care workers,3,2024
DMA,2024-10-01,policy_revacc,NO,Children & adolescents,3,2024
DMA,2024-10-01,policy_revacc,NO,Child. & ado. with chronic conditions,3,2024
DMA,2024-07-01,policy_vacc,YES,Older adults,2,2024
DMA,2024-07-01,policy_vacc,YES,Older adults with chronic conditions,2,2024
DMA,2024-07-01,policy_vacc,YES,Adults,2,2024
DMA,2024-07-01,policy_vacc,YES,Adults with chronic conditions,2,2024
DMA,2024-07-01,policy_vacc,YES,Pregnant women,2,2024
DMA,2024-07-01,policy_vacc,YES,Health and care workers,2,2024
DMA,2024-07-01,policy_vacc,NO,Children & adolescents,2,2024
DMA,2024-07-01,policy_vacc,NO,Child. & ado. with chronic conditions,2,2024
DMA,2024-07-01,policy_revacc,NO,Older adults,2,2024
DMA,2024-07-01,policy_revacc,NO,Older adults with chronic conditions,2,2024
DMA,2024-07-01,policy_revacc,NO,Adults,2,2024
DMA,2024-07-01,policy_revacc,NO,Adults with chronic conditions,2,2024
DMA,2024-07-01,policy_revacc,NO,Pregnant women,2,2024
DMA,2024-07-01,policy_revacc,NO,Health and care workers,2,2024
DMA,2024-07-01,policy_revacc,NO,Children & adolescents,2,2024
DMA,2024-07-01,policy_revacc,NO,Child. & ado. with chronic conditions,2,2024
DMA,2024-07-01,policy_comment,No COVID 19 Vaccines in stock,Older adults,2,2024
DMA,2024-07-01,policy_comment,Nil,Older adults with chronic conditions,2,2024
DMA,2024-07-01,policy_comment,No COVID 19 Vaccines in stock,Adults,2,2024
DMA,2024-07-01,policy_comment,No COVID 19 Vaccines in stock,Adults with chronic conditions,2,2024
DMA,2024-07-01,policy_comment,nil,Pregnant women,2,2024
DMA,2024-07-01,policy_comment,No COVID 19 Vaccines in stock,Health and care workers,2,2024
DMA,2024-07-01,policy_comment,Nil,Children & adolescents,2,2024
DMA,2024-07-01,policy_comment,Nil,Child. & ado. with chronic conditions,2,2024
DMA,2024-07-01,date_product_start,2022-02-10T00:00:00Z,MOC-MRNA-1273-1,2,2024
DMA,2024-07-01,date_product_start,2021-02-12T00:00:00Z,SII-COVISHIELD-1,2,2024
DMA,2024-07-01,date_product_start,2021-09-23T00:00:00Z,PFI-COMIRNATY-1,2,2024
DMA,2024-07-01,date_product_start,2021-03-11T00:00:00Z,BIB-INAC-SARS2-1,2,2024
DMA,2024-07-01,date_product_start,2021-04-07T00:00:00Z,ASZ-AZD1222-1,2,2024
DMA,2024-07-01,status_product_use,NO,MOC-MRNA-1273-1,2,2024
DMA,2024-07-01,status_product_use,NO,SII-COVISHIELD-1,2,2024
DMA,2024-07-01,status_product_use,NO,PFI-COMIRNATY-1,2,2024
DMA,2024-07-01,status_product_use,NO,BIB-INAC-SARS2-1,2,2024
DMA,2024-07-01,status_product_use,NO,ASZ-AZD1222-1,2,2024
DMA,2024-07-01,comment,use of Vaccine to begin 10/2/22,MOC-MRNA-1273-1,2,2024
DMA,2024-07-01,comment,Indemnity agreement signed on date as stated above,SII-COVISHIELD-1,2,2024
DMA,2024-07-01,comment,Use of vaccine guided by PAHO recommendation,PFI-COMIRNATY-1,2,2024
DMA,2024-07-01,comment,nil,BIB-INAC-SARS2-1,2,2024
DMA,2024-07-01,comment,Vaccines received in country from COVAX facility April 6th 2021,ASZ-AZD1222-1,2,2024
DMA,2025-01-01,policy_revacc_interval,6_MONTHS,Pregnant women,4,2024
DMA,2025-01-01,policy_revacc_interval,6_MONTHS,Health and care workers,4,2024
DMA,2025-01-01,policy_revacc_interval,6_MONTHS,Children & adolescents,4,2024
DMA,2025-01-01,policy_revacc_interval,6_MONTHS,Child. & ado. with chronic conditions,4,2024
DMA,2025-01-01,policy_revacc_interval,6_MONTHS,Other groups,4,2024
DMA,2025-01-01,policy_revacc_interval,6_MONTHS,Older adults,4,2024
DMA,2025-01-01,policy_revacc_interval,6_MONTHS,Older adults with chronic conditions,4,2024
DMA,2025-01-01,policy_revacc_interval,6_MONTHS,Adults,4,2024
DMA,2025-01-01,policy_revacc_interval,6_MONTHS,Adults with chronic conditions,4,2024
DMA,2025-01-01,policy_vacc,YES,Pregnant women,4,2024
DMA,2025-01-01,policy_vacc,YES,Health and care workers,4,2024
DMA,2025-01-01,policy_vacc,YES,Children & adolescents,4,2024
DMA,2025-01-01,policy_vacc,YES,Child. & ado. with chronic conditions,4,2024
DMA,2025-01-01,policy_vacc,YES,Other groups,4,2024
DMA,2025-01-01,policy_vacc,YES,Older adults,4,2024
DMA,2025-01-01,policy_vacc,YES,Older adults with chronic conditions,4,2024
DMA,2025-01-01,policy_vacc,YES,Adults,4,2024
DMA,2025-01-01,policy_vacc,YES,Adults with chronic conditions,4,2024
DMA,2025-01-01,policy_revacc,YES,Pregnant women,4,2024
DMA,2025-01-01,policy_revacc,YES,Health and care workers,4,2024
DMA,2025-01-01,policy_revacc,YES,Children & adolescents,4,2024
DMA,2025-01-01,policy_revacc,YES,Child. & ado. with chronic conditions,4,2024
DMA,2025-01-01,policy_revacc,YES,Other groups,4,2024
DMA,2025-01-01,policy_revacc,YES,Older adults,4,2024
DMA,2025-01-01,policy_revacc,YES,Older adults with chronic conditions,4,2024
DMA,2025-01-01,policy_revacc,YES,Adults,4,2024
DMA,2025-01-01,policy_revacc,YES,Adults with chronic conditions,4,2024
DMA,2024-10-01,comment,use of Vaccine to begin 10/2/22,MOC-MRNA-1273-1,3,2024
DMA,2024-10-01,comment,Indemnity agreement signed on date as stated above,SII-COVISHIELD-1,3,2024
DMA,2024-10-01,comment,Use of vaccine guided by PAHO recommendation,PFI-COMIRNATY-1,3,2024
DMA,2024-10-01,comment,nil,BIB-INAC-SARS2-1,3,2024
DMA,2024-10-01,comment,Vaccines received in country from COVAX facility April 6th 2021,ASZ-AZD1222-1,3,2024
DMA,2024-10-01,date_product_start,2022-02-10T00:00:00Z,MOC-MRNA-1273-1,3,2024
DMA,2024-10-01,date_product_start,2021-02-12T00:00:00Z,SII-COVISHIELD-1,3,2024
DMA,2024-10-01,date_product_start,2021-09-23T00:00:00Z,PFI-COMIRNATY-1,3,2024
DMA,2024-10-01,date_product_start,2021-03-11T00:00:00Z,BIB-INAC-SARS2-1,3,2024
DMA,2024-10-01,date_product_start,2021-04-07T00:00:00Z,ASZ-AZD1222-1,3,2024
DMA,2024-10-01,status_product_use,NO,MOC-MRNA-1273-1,3,2024
DMA,2024-10-01,status_product_use,NO,SII-COVISHIELD-1,3,2024
DMA,2024-10-01,status_product_use,NO,PFI-COMIRNATY-1,3,2024
DMA,2024-10-01,status_product_use,NO,BIB-INAC-SARS2-1,3,2024
DMA,2024-10-01,status_product_use,NO,ASZ-AZD1222-1,3,2024
DMA,2024-10-01,policy_comment,No COVID 19 Vaccines in stock,Older adults,3,2024
DMA,2024-10-01,policy_comment,Nil,Older adults with chronic conditions,3,2024
DMA,2024-10-01,policy_comment,No COVID 19 Vaccines in stock,Adults,3,2024
DMA,2024-10-01,policy_comment,No COVID 19 Vaccines in stock,Adults with chronic conditions,3,2024
DMA,2024-10-01,policy_comment,nil,Pregnant women,3,2024
DMA,2024-10-01,policy_comment,No COVID 19 Vaccines in stock,Health and care workers,3,2024
DMA,2024-10-01,policy_comment,Nil,Children & adolescents,3,2024
DMA,2024-10-01,policy_comment,Nil,Child. & ado. with chronic conditions,3,2024
DMA,2025-01-01,policy_comment,,Adults,4,2024
DMA,2025-01-01,policy_comment,,Adults with chronic conditions,4,2024
DMA,2025-01-01,policy_comment,,Child. & ado. with chronic conditions,4,2024
DMA,2025-01-01,policy_comment,,Children & adolescents,4,2024
DMA,2025-01-01,policy_comment,,Health and care workers,4,2024
DMA,2025-01-01,policy_comment,,Older adults,4,2024
DMA,2025-01-01,policy_comment,,Older adults with chronic conditions,4,2024
DMA,2025-01-01,policy_comment,,Other groups,4,2024
DMA,2025-01-01,policy_comment,,Pregnant women,4,2024
NIC,2025-01-01,policy_vacc,YES,Older adults with chronic conditions,4,2024
NIC,2025-01-01,policy_vacc,YES,Older adults,4,2024
NIC,2025-01-01,policy_vacc,YES,Adults,4,2024
NIC,2025-01-01,policy_vacc,YES,Adults with chronic conditions,4,2024
NIC,2025-01-01,policy_vacc,NO,Pregnant women,4,2024
NIC,2025-01-01,policy_vacc,YES,Health and care workers,4,2024
NIC,2025-01-01,policy_vacc,YES,Children & adolescents,4,2024
NIC,2025-01-01,policy_vacc,YES,Child. & ado. with chronic conditions,4,2024
NIC,2025-01-01,policy_vacc,YES,Other groups,4,2024
NIC,2025-01-01,policy_revacc,YES,Older adults with chronic conditions,4,2024
NIC,2025-01-01,policy_revacc,YES,Older adults,4,2024
NIC,2025-01-01,policy_revacc,YES,Adults,4,2024
NIC,2025-01-01,policy_revacc,YES,Adults with chronic conditions,4,2024
NIC,2025-01-01,policy_revacc,NO,Pregnant women,4,2024
NIC,2025-01-01,policy_revacc,YES,Health and care workers,4,2024
NIC,2025-01-01,policy_revacc,NO,Children & adolescents,4,2024
NIC,2025-01-01,policy_revacc,NO,Child. & ado. with chronic conditions,4,2024
NIC,2025-01-01,policy_revacc,YES,Other groups,4,2024
NIC,2025-01-01,policy_revacc_interval,6_MONTHS,Older adults with chronic conditions,4,2024
NIC,2025-01-01,policy_revacc_interval,6_MONTHS,Older adults,4,2024
NIC,2025-01-01,policy_revacc_interval,6_MONTHS,Adults,4,2024
NIC,2025-01-01,policy_revacc_interval,6_MONTHS,Adults with chronic conditions,4,2024
NIC,2025-01-01,policy_revacc_interval,6_MONTHS,Health and care workers,4,2024
NIC,2025-01-01,policy_revacc_interval,6_MONTHS,Other groups,4,2024
NIC,2025-01-01,policy_comment,,Adults,4,2024
NIC,2025-01-01,policy_comment,,Adults with chronic conditions,4,2024
NIC,2025-01-01,policy_comment,,Child. & ado. with chronic conditions,4,2024
NIC,2025-01-01,policy_comment,,Children & adolescents,4,2024
NIC,2025-01-01,policy_comment,,Health and care workers,4,2024
NIC,2025-01-01,policy_comment,,Older adults,4,2024
NIC,2025-01-01,policy_comment,,Older adults with chronic conditions,4,2024
NIC,2025-01-01,policy_comment,,Other groups,4,2024
NIC,2025-01-01,policy_comment,,Pregnant women,4,2024
NIC,2025-01-01,policy_revacc_interval,,Child. & ado. with chronic conditions,4,2024
NIC,2025-01-01,policy_revacc_interval,,Children & adolescents,4,2024
NIC,2025-01-01,policy_revacc_interval,,Pregnant women,4,2024
FSM,2025-01-01,policy_comment,,Adults,4,2024
FSM,2025-01-01,policy_comment,,Adults with chronic conditions,4,2024
FSM,2025-01-01,policy_comment,,Child. & ado. with chronic conditions,4,2024
FSM,2025-01-01,policy_comment,,Children & adolescents,4,2024
FSM,2025-01-01,policy_comment,,Health and care workers,4,2024
FSM,2025-01-01,policy_comment,,Older adults,4,2024
FSM,2025-01-01,policy_comment,,Older adults with chronic conditions,4,2024
FSM,2025-01-01,policy_comment,,Other groups,4,2024
FSM,2025-01-01,policy_comment,,Pregnant women,4,2024
FSM,2025-01-01,policy_revacc,,Adults,4,2024
FSM,2025-01-01,policy_revacc,,Adults with chronic conditions,4,2024
FSM,2025-01-01,policy_revacc,,Child. & ado. with chronic conditions,4,2024
FSM,2025-01-01,policy_revacc,,Children & adolescents,4,2024
FSM,2025-01-01,policy_revacc,,Health and care workers,4,2024
FSM,2025-01-01,policy_revacc,,Older adults,4,2024
FSM,2025-01-01,policy_revacc,,Older adults with chronic conditions,4,2024
FSM,2025-01-01,policy_revacc,,Other groups,4,2024
FSM,2025-01-01,policy_revacc,,Pregnant women,4,2024
FSM,2025-01-01,policy_revacc_interval,,Adults,4,2024
FSM,2025-01-01,policy_revacc_interval,,Adults with chronic conditions,4,2024
FSM,2025-01-01,policy_revacc_interval,,Child. & ado. with chronic conditions,4,2024
FSM,2025-01-01,policy_revacc_interval,,Children & adolescents,4,2024
FSM,2025-01-01,policy_revacc_interval,,Health and care workers,4,2024
FSM,2025-01-01,policy_revacc_interval,,Older adults,4,2024
FSM,2025-01-01,policy_revacc_interval,,Older adults with chronic conditions,4,2024
FSM,2025-01-01,policy_revacc_interval,,Other groups,4,2024
FSM,2025-01-01,policy_revacc_interval,,Pregnant women,4,2024
FSM,2025-01-01,policy_vacc,,Adults,4,2024
FSM,2025-01-01,policy_vacc,,Adults with chronic conditions,4,2024
FSM,2025-01-01,policy_vacc,,Child. & ado. with chronic conditions,4,2024
FSM,2025-01-01,policy_vacc,,Children & adolescents,4,2024
FSM,2025-01-01,policy_vacc,,Health and care workers,4,2024
FSM,2025-01-01,policy_vacc,,Older adults,4,2024
FSM,2025-01-01,policy_vacc,,Older adults with chronic conditions,4,2024
FSM,2025-01-01,policy_vacc,,Other groups,4,2024
FSM,2025-01-01,policy_vacc,,Pregnant women,4,2024
IDN,2025-01-01,policy_comment,,Adults,4,2024
IDN,2025-01-01,policy_comment,,Adults with chronic conditions,4,2024
IDN,2025-01-01,policy_comment,,Child. & ado. with chronic conditions,4,2024
IDN,2025-01-01,policy_comment,,Children & adolescents,4,2024
IDN,2025-01-01,policy_comment,,Health and care workers,4,2024
IDN,2025-01-01,policy_comment,,Older adults,4,2024
IDN,2025-01-01,policy_comment,,Older adults with chronic conditions,4,2024
IDN,2025-01-01,policy_comment,,Other groups,4,2024
IDN,2025-01-01,policy_revacc,,Adults,4,2024
IDN,2025-01-01,policy_revacc,,Children & adolescents,4,2024
IDN,2025-01-01,policy_revacc,,Other groups,4,2024
IDN,2025-01-01,policy_revacc_interval,,Adults,4,2024
IDN,2025-01-01,policy_revacc_interval,,Children & adolescents,4,2024
IDN,2025-01-01,policy_revacc_interval,,Other groups,4,2024
IDN,2025-01-01,policy_vacc,,Children & adolescents,4,2024
IDN,2025-01-01,policy_vacc,,Other groups,4,2024
IDN,2024-10-01,policy_vacc,NO,Adults,3,2024
IDN,2024-10-01,policy_vacc,YES,Adults with chronic conditions,3,2024
IDN,2024-10-01,policy_vacc,YES,Pregnant women,3,2024
IDN,2024-10-01,policy_vacc,YES,Health and care workers,3,2024
IDN,2024-10-01,policy_vacc,NO,Children & adolescents,3,2024
IDN,2024-10-01,policy_vacc,YES,Child. & ado. with chronic conditions,3,2024
IDN,2024-10-01,policy_vacc,YES,Older adults,3,2024
IDN,2024-10-01,policy_vacc,YES,Older adults with chronic conditions,3,2024
IDN,2024-10-01,policy_revacc,YES,Adults with chronic conditions,3,2024
IDN,2024-10-01,policy_revacc,YES,Pregnant women,3,2024
IDN,2024-10-01,policy_revacc,YES,Health and care workers,3,2024
IDN,2024-10-01,policy_revacc,YES,Child. & ado. with chronic conditions,3,2024
IDN,2024-10-01,policy_revacc,YES,Older adults,3,2024
IDN,2024-10-01,policy_revacc,YES,Older adults with chronic conditions,3,2024
IDN,2024-10-01,policy_comment,"Age above or equal to 18 years with Individuals with comorbidities (Diabetes Mellitus, Chronic Lung Disease, Chronic Heart Disease, Chronic Liver Disease, Chronic Kidney Disease, and Severe Obesity)",Adults with chronic conditions,3,2024
IDN,2024-10-01,policy_comment,"Starting from the second trimester, when the authorized vaccine is available",Pregnant women,3,2024
IDN,2024-10-01,policy_comment,Age above or equal to 12 years with Individuals with moderate to severe immunocompromised conditions,Child. & ado. with chronic conditions,3,2024
IDN,2024-10-01,policy_revacc_interval,12 months,Adults with chronic conditions,3,2024
IDN,2024-10-01,policy_revacc_interval,every pregnancy,Pregnant women,3,2024
IDN,2024-10-01,policy_revacc_interval,12 months,Health and care workers,3,2024
IDN,2024-10-01,policy_revacc_interval,6 months,Child. & ado. with chronic conditions,3,2024
IDN,2024-10-01,policy_revacc_interval,12 months,Older adults,3,2024
IDN,2024-10-01,policy_revacc_interval,6 months,Older adults with chronic conditions,3,2024
IDN,2024-10-01,date_product_start,2023-02-06T00:00:00Z,BIO-INAVAC-1,3,2024
IDN,2024-10-01,date_product_start,2021-07-16T00:00:00Z,MOC-MRNA-1273-1,3,2024
IDN,2024-10-01,date_product_start,2021-08-23T00:00:00Z,PFI-COMIRNATY-1,3,2024
IDN,2024-10-01,date_product_start,2021-12-02T00:00:00Z,NOV-COVAX-1,3,2024
IDN,2024-10-01,date_product_start,2021-01-13T00:00:00Z,SIN-CORONAVAC-1,3,2024
IDN,2024-10-01,date_product_start,2021-05-18T00:00:00Z,BIB-INAC-SARS2-1,3,2024
IDN,2024-10-01,date_product_start,2021-03-22T00:00:00Z,ASZ-AZD1222-1,3,2024
IDN,2024-10-01,date_product_start,2022-10-13T00:00:00Z,PTB-INDOVAC-1,3,2024
IDN,2024-10-01,date_product_start,2022-05-28T00:00:00Z,ANZ_REC_SARSCOV2-1,3,2024
IDN,2024-10-01,date_product_start,2021-10-29T00:00:00Z,JAP-AD26-COV-2.5-1,3,2024
IDN,2024-10-01,comment,"Since 2024, COVID-19 has been included as routine immunization that uses in-country product.",BIO-INAVAC-1,3,2024
IDN,2024-10-01,comment,"Since 2024, COVID-19 has been included as routine immunization that uses in-country product.",PTB-INDOVAC-1,3,2024
IDN,2024-10-01,status_product_use,YES,BIO-INAVAC-1,3,2024
IDN,2024-10-01,status_product_use,NO,MOC-MRNA-1273-1,3,2024
IDN,2024-10-01,status_product_use,NO,PFI-COMIRNATY-1,3,2024
IDN,2024-10-01,status_product_use,NO,NOV-COVAX-1,3,2024
IDN,2024-10-01,status_product_use,NO,SIN-CORONAVAC-1,3,2024
IDN,2024-10-01,status_product_use,NO,BIB-INAC-SARS2-1,3,2024
IDN,2024-10-01,status_product_use,NO,ASZ-AZD1222-1,3,2024
IDN,2024-10-01,status_product_use,YES,PTB-INDOVAC-1,3,2024
IDN,2024-10-01,status_product_use,NO,ANZ_REC_SARSCOV2-1,3,2024
IDN,2024-10-01,status_product_use,NO,JAP-AD26-COV-2.5-1,3,2024
IDN,2025-01-01,policy_revacc_interval,12_MONTHS,Adults with chronic conditions,4,2024
IDN,2025-01-01,policy_revacc_interval,OTHER,Pregnant women,4,2024
IDN,2025-01-01,policy_revacc_interval,12_MONTHS,Health and care workers,4,2024
IDN,2025-01-01,policy_revacc_interval,6_MONTHS,Child. & ado. with chronic conditions,4,2024
IDN,2025-01-01,policy_revacc_interval,12_MONTHS,Older adults,4,2024
IDN,2025-01-01,policy_revacc_interval,6_MONTHS,Older adults with chronic conditions,4,2024
IDN,2025-01-01,policy_comment,every pregnancy,Pregnant women,4,2024
IDN,2024-07-01,policy_vacc,YES,Older adults with chronic conditions,2,2024
IDN,2024-07-01,policy_vacc,NO,Adults,2,2024
IDN,2024-07-01,policy_vacc,YES,Adults with chronic conditions,2,2024
IDN,2024-07-01,policy_vacc,YES,Pregnant women,2,2024
IDN,2024-07-01,policy_vacc,YES,Health and care workers,2,2024
IDN,2024-07-01,policy_vacc,NO,Children & adolescents,2,2024
IDN,2024-07-01,policy_vacc,YES,Child. & ado. with chronic conditions,2,2024
IDN,2024-07-01,policy_vacc,YES,Older adults,2,2024
IDN,2024-07-01,policy_revacc,YES,Older adults with chronic conditions,2,2024
IDN,2024-07-01,policy_revacc,YES,Adults with chronic conditions,2,2024
IDN,2024-07-01,policy_revacc,YES,Pregnant women,2,2024
IDN,2024-07-01,policy_revacc,YES,Health and care workers,2,2024
IDN,2024-07-01,policy_revacc,YES,Child. & ado. with chronic conditions,2,2024
IDN,2024-07-01,policy_revacc,YES,Older adults,2,2024
IDN,2024-07-01,policy_revacc_interval,6 months,Older adults with chronic conditions,2,2024
IDN,2024-07-01,policy_revacc_interval,12 months,Adults with chronic conditions,2,2024
IDN,2024-07-01,policy_revacc_interval,every pregnancy,Pregnant women,2,2024
IDN,2024-07-01,policy_revacc_interval,12 months,Health and care workers,2,2024
IDN,2024-07-01,policy_revacc_interval,6 months,Child. & ado. with chronic conditions,2,2024
IDN,2024-07-01,policy_revacc_interval,12 months,Older adults,2,2024
IDN,2024-07-01,policy_comment,"Age above or equal to 18 years with Individuals with comorbidities (Diabetes Mellitus, Chronic Lung Disease, Chronic Heart Disease, Chronic Liver Disease, Chronic Kidney Disease, and Severe Obesity)",Adults with chronic conditions,2,2024
IDN,2024-07-01,policy_comment,"Starting from the second trimester, when the authorized vaccine is available",Pregnant women,2,2024
IDN,2024-07-01,policy_comment,Age above or equal to 12 years with Individuals with moderate to severe immunocompromised conditions,Child. & ado. with chronic conditions,2,2024
IDN,2025-01-01,policy_vacc,YES,Adults with chronic conditions,4,2024
IDN,2025-01-01,policy_vacc,YES,Pregnant women,4,2024
IDN,2025-01-01,policy_vacc,YES,Health and care workers,4,2024
IDN,2025-01-01,policy_vacc,YES,Child. & ado. with chronic conditions,4,2024
IDN,2025-01-01,policy_vacc,YES,Older adults,4,2024
IDN,2025-01-01,policy_vacc,YES,Older adults with chronic conditions,4,2024
IDN,2025-01-01,policy_vacc,NO,Adults,4,2024
IDN,2025-01-01,policy_revacc,YES,Adults with chronic conditions,4,2024
IDN,2025-01-01,policy_revacc,YES,Pregnant women,4,2024
IDN,2025-01-01,policy_revacc,YES,Health and care workers,4,2024
IDN,2025-01-01,policy_revacc,YES,Child. & ado. with chronic conditions,4,2024
IDN,2025-01-01,policy_revacc,YES,Older adults,4,2024
IDN,2025-01-01,policy_revacc,YES,Older adults with chronic conditions,4,2024
IDN,2024-07-01,date_product_start,2023-02-06T00:00:00Z,BIO-INAVAC-1,2,2024
IDN,2024-07-01,date_product_start,2021-07-16T00:00:00Z,MOC-MRNA-1273-1,2,2024
IDN,2024-07-01,date_product_start,2021-08-23T00:00:00Z,PFI-COMIRNATY-1,2,2024
IDN,2024-07-01,date_product_start,2021-12-02T00:00:00Z,NOV-COVAX-1,2,2024
IDN,2024-07-01,date_product_start,2021-01-13T00:00:00Z,SIN-CORONAVAC-1,2,2024
IDN,2024-07-01,date_product_start,2021-05-18T00:00:00Z,BIB-INAC-SARS2-1,2,2024
IDN,2024-07-01,date_product_start,2021-03-22T00:00:00Z,ASZ-AZD1222-1,2,2024
IDN,2024-07-01,date_product_start,2022-10-13T00:00:00Z,PTB-INDOVAC-1,2,2024
IDN,2024-07-01,date_product_start,2022-05-28T00:00:00Z,ANZ_REC_SARSCOV2-1,2,2024
IDN,2024-07-01,date_product_start,2021-10-29T00:00:00Z,JAP-AD26-COV-2.5-1,2,2024
IDN,2024-07-01,status_product_use,YES,BIO-INAVAC-1,2,2024
IDN,2024-07-01,status_product_use,NO,MOC-MRNA-1273-1,2,2024
IDN,2024-07-01,status_product_use,NO,PFI-COMIRNATY-1,2,2024
IDN,2024-07-01,status_product_use,NO,NOV-COVAX-1,2,2024
IDN,2024-07-01,status_product_use,NO,SIN-CORONAVAC-1,2,2024
IDN,2024-07-01,status_product_use,NO,BIB-INAC-SARS2-1,2,2024
IDN,2024-07-01,status_product_use,NO,ASZ-AZD1222-1,2,2024
IDN,2024-07-01,status_product_use,YES,PTB-INDOVAC-1,2,2024
IDN,2024-07-01,status_product_use,NO,ANZ_REC_SARSCOV2-1,2,2024
IDN,2024-07-01,status_product_use,NO,JAP-AD26-COV-2.5-1,2,2024
IDN,2024-07-01,comment,"Since 2024, COVID-19 has been included as routine immunization that uses in-country product.",BIO-INAVAC-1,2,2024
IDN,2024-07-01,comment,"Since 2024, COVID-19 has been included as routine immunization that uses in-country product.",PTB-INDOVAC-1,2,2024
IDN,2024-04-01,status_product_use,YES,BIO-INAVAC-1,1,2024
IDN,2024-04-01,status_product_use,NO,MOC-MRNA-1273-1,1,2024
IDN,2024-04-01,status_product_use,NO,PFI-COMIRNATY-1,1,2024
IDN,2024-04-01,status_product_use,NO,NOV-COVAX-1,1,2024
IDN,2024-04-01,status_product_use,NO,SIN-CORONAVAC-1,1,2024
IDN,2024-04-01,status_product_use,NO,BIB-INAC-SARS2-1,1,2024
IDN,2024-04-01,status_product_use,NO,ASZ-AZD1222-1,1,2024
IDN,2024-04-01,status_product_use,YES,PTB-INDOVAC-1,1,2024
IDN,2024-04-01,status_product_use,NO,ANZ_REC_SARSCOV2-1,1,2024
IDN,2024-04-01,status_product_use,NO,JAP-AD26-COV-2.5-1,1,2024
IDN,2024-04-01,date_product_start,2023-02-06T00:00:00Z,BIO-INAVAC-1,1,2024
IDN,2024-04-01,date_product_start,2021-07-16T00:00:00Z,MOC-MRNA-1273-1,1,2024
IDN,2024-04-01,date_product_start,2021-08-23T00:00:00Z,PFI-COMIRNATY-1,1,2024
IDN,2024-04-01,date_product_start,2021-12-02T00:00:00Z,NOV-COVAX-1,1,2024
IDN,2024-04-01,date_product_start,2021-01-13T00:00:00Z,SIN-CORONAVAC-1,1,2024
IDN,2024-04-01,date_product_start,2021-05-18T00:00:00Z,BIB-INAC-SARS2-1,1,2024
IDN,2024-04-01,date_product_start,2021-03-22T00:00:00Z,ASZ-AZD1222-1,1,2024
IDN,2024-04-01,date_product_start,2022-10-13T00:00:00Z,PTB-INDOVAC-1,1,2024
IDN,2024-04-01,date_product_start,2022-05-28T00:00:00Z,ANZ_REC_SARSCOV2-1,1,2024
IDN,2024-04-01,date_product_start,2021-10-29T00:00:00Z,JAP-AD26-COV-2.5-1,1,2024
IDN,2024-04-01,comment,"Since 2024, COVID-19 has been included as routine immunization that uses in-country product.",BIO-INAVAC-1,1,2024
IDN,2024-04-01,comment,"Since 2024, COVID-19 has been included as routine immunization that uses in-country product.",PTB-INDOVAC-1,1,2024
IDN,2024-04-01,policy_vacc,YES,Pregnant women,1,2024
IDN,2024-04-01,policy_vacc,YES,Health and care workers,1,2024
IDN,2024-04-01,policy_vacc,YES,Older adults,1,2024
IDN,2024-04-01,policy_vacc,YES,Older adults with chronic conditions,1,2024
IDN,2024-04-01,policy_vacc,NO,Adults,1,2024
IDN,2024-04-01,policy_vacc,YES,Adults with chronic conditions,1,2024
IDN,2024-04-01,policy_vacc,NO,Children & adolescents,1,2024
IDN,2024-04-01,policy_vacc,YES,Child. & ado. with chronic conditions,1,2024
IDN,2024-04-01,policy_revacc,YES,Pregnant women,1,2024
IDN,2024-04-01,policy_revacc,YES,Health and care workers,1,2024
IDN,2024-04-01,policy_revacc,YES,Older adults,1,2024
IDN,2024-04-01,policy_revacc,YES,Older adults with chronic conditions,1,2024
IDN,2024-04-01,policy_revacc,YES,Adults with chronic conditions,1,2024
IDN,2024-04-01,policy_revacc,YES,Child. & ado. with chronic conditions,1,2024
IDN,2024-04-01,policy_revacc_interval,every pregnancy,Pregnant women,1,2024
IDN,2024-04-01,policy_revacc_interval,12 months,Health and care workers,1,2024
IDN,2024-04-01,policy_revacc_interval,12 months,Older adults,1,2024
IDN,2024-04-01,policy_revacc_interval,6 months,Older adults with chronic conditions,1,2024
IDN,2024-04-01,policy_revacc_interval,12 months,Adults with chronic conditions,1,2024
IDN,2024-04-01,policy_revacc_interval,6 months,Child. & ado. with chronic conditions,1,2024
IDN,2024-04-01,policy_comment,"Starting from the second trimester, when the authorized vaccine is available",Pregnant women,1,2024
IDN,2024-04-01,policy_comment,"Age above or equal to 18 years with Individuals with comorbidities (Diabetes Mellitus, Chronic Lung Disease, Chronic Heart Disease, Chronic Liver Disease, Chronic Kidney Disease, and Severe Obesity)",Adults with chronic conditions,1,2024
IDN,2024-04-01,policy_comment,Age above or equal to 12 years with Individuals with moderate to severe immunocompromised conditions,Child. & ado. with chronic conditions,1,2024
ISL,2025-01-01,policy_vacc,YES,Older adults,4,2024
ISL,2025-01-01,policy_vacc,NO,Adults,4,2024
ISL,2025-01-01,policy_vacc,YES,Adults with chronic conditions,4,2024
ISL,2025-01-01,policy_vacc,YES,Pregnant women,4,2024
ISL,2025-01-01,policy_vacc,YES,Health and care workers,4,2024
ISL,2025-01-01,policy_vacc,NO,Children & adolescents,4,2024
ISL,2025-01-01,policy_vacc,YES,Child. & ado. with chronic conditions,4,2024
ISL,2025-01-01,policy_revacc,YES,Older adults,4,2024
ISL,2025-01-01,policy_revacc,YES,Adults with chronic conditions,4,2024
ISL,2025-01-01,policy_revacc,YES,Pregnant women,4,2024
ISL,2025-01-01,policy_revacc,YES,Health and care workers,4,2024
ISL,2025-01-01,policy_revacc,YES,Child. & ado. with chronic conditions,4,2024
ISL,2025-01-01,policy_comment,60+ - issued yearly,Older adults,4,2024
ISL,2025-01-01,policy_comment,Generally yearly or twice a year at doctor's discretion - guidance issued yearly,Adults with chronic conditions,4,2024
ISL,2025-01-01,policy_comment,If pregnant >12wks when vaccine available,Pregnant women,4,2024
ISL,2025-01-01,policy_comment,"Available to HCW when vaccine changes, not emphatically recommended in 2024",Health and care workers,4,2024
ISL,2025-01-01,policy_comment,Generally yearly or twice a year at doctor's discretion - guidance issued yearly,Child. & ado. with chronic conditions,4,2024
ISL,2025-01-01,policy_revacc_interval,12_MONTHS,Older adults,4,2024
ISL,2025-01-01,policy_revacc_interval,OTHER,Adults with chronic conditions,4,2024
ISL,2025-01-01,policy_revacc_interval,OTHER,Pregnant women,4,2024
ISL,2025-01-01,policy_revacc_interval,OTHER,Health and care workers,4,2024
ISL,2025-01-01,policy_revacc_interval,OTHER,Child. & ado. with chronic conditions,4,2024
ISL,2025-01-01,policy_comment,,Adults,4,2024
ISL,2025-01-01,policy_comment,,Children & adolescents,4,2024
ISL,2025-01-01,policy_comment,,Older adults with chronic conditions,4,2024
ISL,2025-01-01,policy_comment,,Other groups,4,2024
ISL,2025-01-01,policy_revacc,,Adults,4,2024
ISL,2025-01-01,policy_revacc,,Children & adolescents,4,2024
ISL,2025-01-01,policy_revacc,,Older adults with chronic conditions,4,2024
ISL,2025-01-01,policy_revacc,,Other groups,4,2024
ISL,2025-01-01,policy_revacc_interval,,Adults,4,2024
ISL,2025-01-01,policy_revacc_interval,,Children & adolescents,4,2024
ISL,2025-01-01,policy_revacc_interval,,Older adults with chronic conditions,4,2024
ISL,2025-01-01,policy_revacc_interval,,Other groups,4,2024
ISL,2025-01-01,policy_vacc,,Older adults with chronic conditions,4,2024
ISL,2025-01-01,policy_vacc,,Other groups,4,2024
JAM,2025-01-01,policy_comment,,Child. & ado. with chronic conditions,4,2024
JAM,2025-01-01,policy_comment,,Children & adolescents,4,2024
JAM,2025-01-01,policy_comment,,Older adults,4,2024
JAM,2025-01-01,policy_comment,,Older adults with chronic conditions,4,2024
JAM,2025-01-01,policy_comment,,Other groups,4,2024
JAM,2025-01-01,policy_revacc_interval,,Children & adolescents,4,2024
JAM,2025-01-01,policy_revacc_interval,,Other groups,4,2024
JAM,2024-04-01,date_product_start,2021-08-21T00:00:00Z,PFI-COMIRNATY-1,1,2024
JAM,2024-04-01,date_product_start,2023-04-26T09:00:00Z,PFI-CBOOB1-2,1,2024
JAM,2024-04-01,date_product_start,2021-12-13T00:00:00Z,BIB-INAC-SARS2-1,1,2024
JAM,2024-04-01,date_product_start,2021-03-10T00:00:00Z,ASZ-AZD1222-1,1,2024
JAM,2024-04-01,date_product_start,2021-07-14T00:00:00Z,JAP-AD26-COV-2.5-1,1,2024
JAM,2024-04-01,date_product_start,2021-03-10T00:00:00Z,SII-COVISHIELD-1,1,2024
JAM,2024-04-01,status_product_use,NO,PFI-COMIRNATY-1,1,2024
JAM,2024-04-01,status_product_use,YES,PFI-CBOOB1-2,1,2024
JAM,2024-04-01,status_product_use,NO,BIB-INAC-SARS2-1,1,2024
JAM,2024-04-01,status_product_use,NO,ASZ-AZD1222-1,1,2024
JAM,2024-04-01,status_product_use,NO,JAP-AD26-COV-2.5-1,1,2024
JAM,2024-04-01,status_product_use,NO,SII-COVISHIELD-1,1,2024
JAM,2024-04-01,comment,None,PFI-COMIRNATY-1,1,2024
JAM,2024-04-01,comment,None,PFI-CBOOB1-2,1,2024
JAM,2024-04-01,comment,None,BIB-INAC-SARS2-1,1,2024
JAM,2024-04-01,comment,None,ASZ-AZD1222-1,1,2024
JAM,2024-04-01,comment,None,JAP-AD26-COV-2.5-1,1,2024
JAM,2024-04-01,comment,None,SII-COVISHIELD-1,1,2024
JAM,2024-04-01,policy_vacc,YES,Adults,1,2024
JAM,2024-04-01,policy_vacc,YES,Adults with chronic conditions,1,2024
JAM,2024-04-01,policy_vacc,YES,Older adults,1,2024
JAM,2024-04-01,policy_vacc,YES,Older adults with chronic conditions,1,2024
JAM,2024-04-01,policy_vacc,YES,Pregnant women,1,2024
JAM,2024-04-01,policy_vacc,YES,Health and care workers,1,2024
JAM,2024-04-01,policy_vacc,YES,Children & adolescents,1,2024
JAM,2024-04-01,policy_vacc,YES,Child. & ado. with chronic conditions,1,2024
JAM,2024-04-01,policy_revacc,NO,Adults,1,2024
JAM,2024-04-01,policy_revacc,YES,Adults with chronic conditions,1,2024
JAM,2024-04-01,policy_revacc,YES,Older adults,1,2024
JAM,2024-04-01,policy_revacc,YES,Older adults with chronic conditions,1,2024
JAM,2024-04-01,policy_revacc,YES,Pregnant women,1,2024
JAM,2024-04-01,policy_revacc,YES,Health and care workers,1,2024
JAM,2024-04-01,policy_revacc,NO,Children & adolescents,1,2024
JAM,2024-04-01,policy_revacc,NO,Child. & ado. with chronic conditions,1,2024
JAM,2024-04-01,policy_revacc_interval,12 months,Adults with chronic conditions,1,2024
JAM,2024-04-01,policy_revacc_interval,6-12 months,Older adults,1,2024
JAM,2024-04-01,policy_revacc_interval,6-12 months,Older adults with chronic conditions,1,2024
JAM,2024-04-01,policy_revacc_interval,Single dose in each pregnancy,Pregnant women,1,2024
JAM,2024-04-01,policy_revacc_interval,12 months,Health and care workers,1,2024
JAM,2024-04-01,policy_comment,As per WHO interim recommendations 10 November 2023,Adults,1,2024
JAM,2024-04-01,policy_comment,As per WHO interim recommendations 10 November 2023,Adults with chronic conditions,1,2024
JAM,2024-04-01,policy_comment,As per WHO interim recommendations 10 November 2023,Older adults,1,2024
JAM,2024-04-01,policy_comment,As per WHO interim recommendations 10 November 2023,Older adults with chronic conditions,1,2024
JAM,2024-04-01,policy_comment,As per WHO interim recommendations 10 November 2023,Pregnant women,1,2024
JAM,2024-04-01,policy_comment,As per WHO interim recommendations 10 November 2023,Health and care workers,1,2024
JAM,2024-04-01,policy_comment,Children 12-17 years,Children & adolescents,1,2024
JAM,2024-04-01,policy_comment,Children 12-17 years,Child. & ado. with chronic conditions,1,2024
JAM,2025-01-01,policy_revacc_interval,12_MONTHS,Older adults,4,2024
JAM,2025-01-01,policy_revacc_interval,6_MONTHS,Older adults with chronic conditions,4,2024
JAM,2025-01-01,policy_revacc_interval,OTHER,Adults,4,2024
JAM,2025-01-01,policy_revacc_interval,OTHER,Adults with chronic conditions,4,2024
JAM,2025-01-01,policy_revacc_interval,OTHER,Pregnant women,4,2024
JAM,2025-01-01,policy_revacc_interval,12_MONTHS,Health and care workers,4,2024
JAM,2025-01-01,policy_revacc_interval,6_MONTHS,Child. & ado. with chronic conditions,4,2024
JAM,2025-01-01,policy_comment,Not recommended for healthy adults,Adults,4,2024
JAM,2025-01-01,policy_comment,"6-12 month interval for immunocompromised, based on discretion",Adults with chronic conditions,4,2024
JAM,2025-01-01,policy_comment,Boosters are administered each time a woman gets pregnant,Pregnant women,4,2024
JAM,2025-01-01,policy_comment,Those with direct patient contact,Health and care workers,4,2024
JAM,2025-01-01,policy_revacc,YES,Older adults,4,2024
JAM,2025-01-01,policy_revacc,YES,Older adults with chronic conditions,4,2024
JAM,2025-01-01,policy_revacc,YES,Adults,4,2024
JAM,2025-01-01,policy_revacc,YES,Adults with chronic conditions,4,2024
JAM,2025-01-01,policy_revacc,YES,Pregnant women,4,2024
JAM,2025-01-01,policy_revacc,YES,Health and care workers,4,2024
JAM,2025-01-01,policy_revacc,NO,Children & adolescents,4,2024
JAM,2025-01-01,policy_revacc,NO,Child. & ado. with chronic conditions,4,2024
JAM,2025-01-01,policy_revacc,NO,Other groups,4,2024
JAM,2025-01-01,policy_vacc,YES,Older adults,4,2024
JAM,2025-01-01,policy_vacc,YES,Older adults with chronic conditions,4,2024
JAM,2025-01-01,policy_vacc,YES,Adults,4,2024
JAM,2025-01-01,policy_vacc,YES,Adults with chronic conditions,4,2024
JAM,2025-01-01,policy_vacc,YES,Pregnant women,4,2024
JAM,2025-01-01,policy_vacc,YES,Health and care workers,4,2024
JAM,2025-01-01,policy_vacc,NO,Children & adolescents,4,2024
JAM,2025-01-01,policy_vacc,YES,Child. & ado. with chronic conditions,4,2024
JAM,2025-01-01,policy_vacc,NO,Other groups,4,2024
TKM,2025-01-01,policy_vacc,NO,Adults,4,2024
TKM,2025-01-01,policy_vacc,NO,Adults with chronic conditions,4,2024
TKM,2025-01-01,policy_vacc,NO,Children & adolescents,4,2024
TKM,2025-01-01,policy_vacc,NO,Pregnant women,4,2024
TKM,2025-01-01,policy_vacc,NO,Health and care workers,4,2024
TKM,2025-01-01,policy_vacc,NO,Child. & ado. with chronic conditions,4,2024
TKM,2025-01-01,policy_vacc,NO,Other groups,4,2024
TKM,2025-01-01,policy_vacc,NO,Older adults,4,2024
TKM,2025-01-01,policy_vacc,NO,Older adults with chronic conditions,4,2024
TKM,2025-01-01,policy_comment,,Adults,4,2024
TKM,2025-01-01,policy_comment,,Adults with chronic conditions,4,2024
TKM,2025-01-01,policy_comment,,Child. & ado. with chronic conditions,4,2024
TKM,2025-01-01,policy_comment,,Children & adolescents,4,2024
TKM,2025-01-01,policy_comment,,Health and care workers,4,2024
TKM,2025-01-01,policy_comment,,Older adults,4,2024
TKM,2025-01-01,policy_comment,,Older adults with chronic conditions,4,2024
TKM,2025-01-01,policy_comment,,Other groups,4,2024
TKM,2025-01-01,policy_comment,,Pregnant women,4,2024
TKM,2025-01-01,policy_revacc,,Adults,4,2024
TKM,2025-01-01,policy_revacc,,Adults with chronic conditions,4,2024
TKM,2025-01-01,policy_revacc,,Child. & ado. with chronic conditions,4,2024
TKM,2025-01-01,policy_revacc,,Children & adolescents,4,2024
TKM,2025-01-01,policy_revacc,,Health and care workers,4,2024
TKM,2025-01-01,policy_revacc,,Older adults,4,2024
TKM,2025-01-01,policy_revacc,,Older adults with chronic conditions,4,2024
TKM,2025-01-01,policy_revacc,,Other groups,4,2024
TKM,2025-01-01,policy_revacc,,Pregnant women,4,2024
TKM,2025-01-01,policy_revacc_interval,,Adults,4,2024
TKM,2025-01-01,policy_revacc_interval,,Adults with chronic conditions,4,2024
TKM,2025-01-01,policy_revacc_interval,,Child. & ado. with chronic conditions,4,2024
TKM,2025-01-01,policy_revacc_interval,,Children & adolescents,4,2024
TKM,2025-01-01,policy_revacc_interval,,Health and care workers,4,2024
TKM,2025-01-01,policy_revacc_interval,,Older adults,4,2024
TKM,2025-01-01,policy_revacc_interval,,Older adults with chronic conditions,4,2024
TKM,2025-01-01,policy_revacc_interval,,Other groups,4,2024
TKM,2025-01-01,policy_revacc_interval,,Pregnant women,4,2024
SMR,2024-04-01,date_product_start,2021-12-21T00:00:00Z,GRI-SPUTNIKLT-1,1,2024
SMR,2024-04-01,date_product_start,2022-10-20T00:00:00Z,PFI-CBOOB1-2,1,2024
SMR,2024-04-01,date_product_start,2022-01-20T00:00:00Z,PFI-CBOO,1,2024
SMR,2024-04-01,date_product_start,2023-10-30T00:00:00Z,PFI-COXBB-1,1,2024
SMR,2024-04-01,date_product_start,2021-03-03T00:00:00Z,PFI-COMIRNATY-1,1,2024
SMR,2024-04-01,date_product_start,2021-03-01T00:00:00Z,GRI-SPUTNIKV-1,1,2024
SMR,2024-04-01,status_product_use,NO,GRI-SPUTNIKLT-1,1,2024
SMR,2024-04-01,status_product_use,NO,PFI-CBOOB1-2,1,2024
SMR,2024-04-01,status_product_use,NO,PFI-CBOO,1,2024
SMR,2024-04-01,status_product_use,YES,PFI-COXBB-1,1,2024
SMR,2024-04-01,status_product_use,NO,PFI-COMIRNATY-1,1,2024
SMR,2024-04-01,status_product_use,NO,GRI-SPUTNIKV-1,1,2024
SMR,2024-04-01,comment,There is no NRA in San Marino. Vaccine was approved by EMA,PFI-COMIRNATY-1,1,2024
SMR,2024-04-01,comment,"There is no NRA in San Marino. There was an agreement with the Italian government to be able to receive vaccines in proportion to those that arrived in Italy. Because of the delay in delivering vaccines to Italy our Foreign and Health Ministry  have turned to other suppliers. As there was no NRA, the parliament enacted a law that defined the rules for the use of vaccines approved by third country regulators other than Ema and Aifa.",GRI-SPUTNIKV-1,1,2024
SMR,2024-04-01,policy_vacc,YES,Older adults,1,2024
SMR,2024-04-01,policy_vacc,YES,Older adults with chronic conditions,1,2024
SMR,2024-04-01,policy_vacc,NO,Adults,1,2024
SMR,2024-04-01,policy_vacc,YES,Adults with chronic conditions,1,2024
SMR,2024-04-01,policy_vacc,NO,Pregnant women,1,2024
SMR,2024-04-01,policy_vacc,NO,Health and care workers,1,2024
SMR,2024-04-01,policy_vacc,NO,Children & adolescents,1,2024
SMR,2024-04-01,policy_vacc,NO,Child. & ado. with chronic conditions,1,2024
SMR,2024-04-01,policy_vacc,YES,Other groups,1,2024
SMR,2024-04-01,policy_revacc,YES,Older adults,1,2024
SMR,2024-04-01,policy_revacc,YES,Older adults with chronic conditions,1,2024
SMR,2024-04-01,policy_revacc,NO,Adults,1,2024
SMR,2024-04-01,policy_revacc,YES,Adults with chronic conditions,1,2024
SMR,2024-04-01,policy_revacc,NO,Pregnant women,1,2024
SMR,2024-04-01,policy_revacc,NO,Health and care workers,1,2024
SMR,2024-04-01,policy_revacc,NO,Children & adolescents,1,2024
SMR,2024-04-01,policy_revacc,NO,Child. & ado. with chronic conditions,1,2024
SMR,2024-04-01,policy_revacc,YES,Other groups,1,2024
SMR,2024-04-01,policy_revacc_interval,1 year,Older adults,1,2024
SMR,2024-04-01,policy_revacc_interval,1 year,Older adults with chronic conditions,1,2024
SMR,2024-04-01,policy_revacc_interval,1 year,Adults with chronic conditions,1,2024
SMR,2024-04-01,policy_revacc_interval,1 year,Other groups,1,2024
SMR,2024-10-01,policy_revacc_interval,1 year,Other groups,3,2024
SMR,2024-10-01,policy_revacc_interval,1 year,Older adults,3,2024
SMR,2024-10-01,policy_revacc_interval,1 year,Older adults with chronic conditions,3,2024
SMR,2024-10-01,policy_revacc_interval,1 year,Adults with chronic conditions,3,2024
SMR,2024-10-01,policy_vacc,YES,Other groups,3,2024
SMR,2024-10-01,policy_vacc,YES,Older adults,3,2024
SMR,2024-10-01,policy_vacc,YES,Older adults with chronic conditions,3,2024
SMR,2024-10-01,policy_vacc,NO,Adults,3,2024
SMR,2024-10-01,policy_vacc,YES,Adults with chronic conditions,3,2024
SMR,2024-10-01,policy_vacc,NO,Pregnant women,3,2024
SMR,2024-10-01,policy_vacc,NO,Health and care workers,3,2024
SMR,2024-10-01,policy_vacc,NO,Children & adolescents,3,2024
SMR,2024-10-01,policy_vacc,NO,Child. & ado. with chronic conditions,3,2024
SMR,2024-10-01,policy_revacc,YES,Other groups,3,2024
SMR,2024-10-01,policy_revacc,YES,Older adults,3,2024
SMR,2024-10-01,policy_revacc,YES,Older adults with chronic conditions,3,2024
SMR,2024-10-01,policy_revacc,NO,Adults,3,2024
SMR,2024-10-01,policy_revacc,YES,Adults with chronic conditions,3,2024
SMR,2024-10-01,policy_revacc,NO,Pregnant women,3,2024
SMR,2024-10-01,policy_revacc,NO,Health and care workers,3,2024
SMR,2024-10-01,policy_revacc,NO,Children & adolescents,3,2024
SMR,2024-10-01,policy_revacc,NO,Child. & ado. with chronic conditions,3,2024
SMR,2024-07-01,comment,There is no NRA in San Marino. Vaccine was approved by EMA,PFI-COMIRNATY-1,2,2024
SMR,2024-07-01,comment,"There is no NRA in San Marino. There was an agreement with the Italian government to be able to receive vaccines in proportion to those that arrived in Italy. Because of the delay in delivering vaccines to Italy our Foreign and Health Ministry  have turned to other suppliers. As there was no NRA, the parliament enacted a law that defined the rules for the use of vaccines approved by third country regulators other than Ema and Aifa.",GRI-SPUTNIKV-1,2,2024
SMR,2024-07-01,status_product_use,NO,GRI-SPUTNIKLT-1,2,2024
SMR,2024-07-01,status_product_use,NO,PFI-CBOOB1-2,2,2024
SMR,2024-07-01,status_product_use,NO,PFI-CBOO,2,2024
SMR,2024-07-01,status_product_use,YES,PFI-COXBB-1,2,2024
SMR,2024-07-01,status_product_use,NO,PFI-COMIRNATY-1,2,2024
SMR,2024-07-01,status_product_use,NO,GRI-SPUTNIKV-1,2,2024
SMR,2024-07-01,date_product_start,2021-12-21T00:00:00Z,GRI-SPUTNIKLT-1,2,2024
SMR,2024-07-01,date_product_start,2022-10-20T00:00:00Z,PFI-CBOOB1-2,2,2024
SMR,2024-07-01,date_product_start,2022-01-20T00:00:00Z,PFI-CBOO,2,2024
SMR,2024-07-01,date_product_start,2023-10-30T00:00:00Z,PFI-COXBB-1,2,2024
SMR,2024-07-01,date_product_start,2021-03-03T00:00:00Z,PFI-COMIRNATY-1,2,2024
SMR,2024-07-01,date_product_start,2021-03-01T00:00:00Z,GRI-SPUTNIKV-1,2,2024
SMR,2024-07-01,policy_revacc_interval,1 year,Older adults,2,2024
SMR,2024-07-01,policy_revacc_interval,1 year,Older adults with chronic conditions,2,2024
SMR,2024-07-01,policy_revacc_interval,1 year,Adults with chronic conditions,2,2024
SMR,2024-07-01,policy_revacc_interval,1 year,Other groups,2,2024
SMR,2024-07-01,policy_vacc,YES,Older adults,2,2024
SMR,2024-07-01,policy_vacc,YES,Older adults with chronic conditions,2,2024
SMR,2024-07-01,policy_vacc,NO,Adults,2,2024
SMR,2024-07-01,policy_vacc,YES,Adults with chronic conditions,2,2024
SMR,2024-07-01,policy_vacc,NO,Pregnant women,2,2024
SMR,2024-07-01,policy_vacc,NO,Health and care workers,2,2024
SMR,2024-07-01,policy_vacc,NO,Children & adolescents,2,2024
SMR,2024-07-01,policy_vacc,NO,Child. & ado. with chronic conditions,2,2024
SMR,2024-07-01,policy_vacc,YES,Other groups,2,2024
SMR,2024-07-01,policy_revacc,YES,Older adults,2,2024
SMR,2024-07-01,policy_revacc,YES,Older adults with chronic conditions,2,2024
SMR,2024-07-01,policy_revacc,NO,Adults,2,2024
SMR,2024-07-01,policy_revacc,YES,Adults with chronic conditions,2,2024
SMR,2024-07-01,policy_revacc,NO,Pregnant women,2,2024
SMR,2024-07-01,policy_revacc,NO,Health and care workers,2,2024
SMR,2024-07-01,policy_revacc,NO,Children & adolescents,2,2024
SMR,2024-07-01,policy_revacc,NO,Child. & ado. with chronic conditions,2,2024
SMR,2024-07-01,policy_revacc,YES,Other groups,2,2024
SMR,2025-01-01,policy_comment,,Adults,4,2024
SMR,2025-01-01,policy_comment,,Adults with chronic conditions,4,2024
SMR,2025-01-01,policy_comment,,Child. & ado. with chronic conditions,4,2024
SMR,2025-01-01,policy_comment,,Children & adolescents,4,2024
SMR,2025-01-01,policy_comment,,Health and care workers,4,2024
SMR,2025-01-01,policy_comment,,Older adults,4,2024
SMR,2025-01-01,policy_comment,,Older adults with chronic conditions,4,2024
SMR,2025-01-01,policy_comment,,Other groups,4,2024
SMR,2025-01-01,policy_comment,,Pregnant women,4,2024
SMR,2025-01-01,policy_revacc,,Adults,4,2024
SMR,2025-01-01,policy_revacc,,Child. & ado. with chronic conditions,4,2024
SMR,2025-01-01,policy_revacc,,Children & adolescents,4,2024
SMR,2025-01-01,policy_revacc,,Health and care workers,4,2024
SMR,2025-01-01,policy_revacc,,Older adults,4,2024
SMR,2025-01-01,policy_revacc,,Other groups,4,2024
SMR,2025-01-01,policy_revacc,,Pregnant women,4,2024
SMR,2025-01-01,policy_revacc_interval,,Adults,4,2024
SMR,2025-01-01,policy_revacc_interval,,Adults with chronic conditions,4,2024
SMR,2025-01-01,policy_revacc_interval,,Child. & ado. with chronic conditions,4,2024
SMR,2025-01-01,policy_revacc_interval,,Children & adolescents,4,2024
SMR,2025-01-01,policy_revacc_interval,,Health and care workers,4,2024
SMR,2025-01-01,policy_revacc_interval,,Older adults,4,2024
SMR,2025-01-01,policy_revacc_interval,,Other groups,4,2024
SMR,2025-01-01,policy_revacc_interval,,Pregnant women,4,2024
SMR,2025-01-01,policy_vacc,YES,Older adults with chronic conditions,4,2024
SMR,2025-01-01,policy_vacc,NO,Adults,4,2024
SMR,2025-01-01,policy_vacc,NO,Adults with chronic conditions,4,2024
SMR,2025-01-01,policy_vacc,NO,Pregnant women,4,2024
SMR,2025-01-01,policy_vacc,NO,Health and care workers,4,2024
SMR,2025-01-01,policy_vacc,NO,Children & adolescents,4,2024
SMR,2025-01-01,policy_vacc,NO,Child. & ado. with chronic conditions,4,2024
SMR,2025-01-01,policy_vacc,NO,Other groups,4,2024
SMR,2025-01-01,policy_vacc,NO,Older adults,4,2024
SMR,2025-01-01,policy_revacc,YES,Older adults with chronic conditions,4,2024
SMR,2025-01-01,policy_revacc,NO,Adults with chronic conditions,4,2024
SMR,2025-01-01,policy_revacc_interval,12_MONTHS,Older adults with chronic conditions,4,2024
SMR,2024-10-01,date_product_start,2021-12-21T00:00:00Z,GRI-SPUTNIKLT-1,3,2024
SMR,2024-10-01,date_product_start,2022-10-20T00:00:00Z,PFI-CBOOB1-2,3,2024
SMR,2024-10-01,date_product_start,2022-01-20T00:00:00Z,PFI-CBOO,3,2024
SMR,2024-10-01,date_product_start,2023-10-30T00:00:00Z,PFI-COXBB-1,3,2024
SMR,2024-10-01,date_product_start,2021-03-03T00:00:00Z,PFI-COMIRNATY-1,3,2024
SMR,2024-10-01,date_product_start,2021-03-01T00:00:00Z,GRI-SPUTNIKV-1,3,2024
SMR,2024-10-01,status_product_use,NO,GRI-SPUTNIKLT-1,3,2024
SMR,2024-10-01,status_product_use,NO,PFI-CBOOB1-2,3,2024
SMR,2024-10-01,status_product_use,NO,PFI-CBOO,3,2024
SMR,2024-10-01,status_product_use,YES,PFI-COXBB-1,3,2024
SMR,2024-10-01,status_product_use,NO,PFI-COMIRNATY-1,3,2024
SMR,2024-10-01,status_product_use,NO,GRI-SPUTNIKV-1,3,2024
SMR,2024-10-01,comment,There is no NRA in San Marino. Vaccine was approved by EMA,PFI-COMIRNATY-1,3,2024
SMR,2024-10-01,comment,"There is no NRA in San Marino. There was an agreement with the Italian government to be able to receive vaccines in proportion to those that arrived in Italy. Because of the delay in delivering vaccines to Italy our Foreign and Health Ministry  have turned to other suppliers. As there was no NRA, the parliament enacted a law that defined the rules for the use of vaccines approved by third country regulators other than Ema and Aifa.",GRI-SPUTNIKV-1,3,2024
KIR,2025-01-01,policy_comment,,Adults,4,2024
KIR,2025-01-01,policy_comment,,Adults with chronic conditions,4,2024
KIR,2025-01-01,policy_comment,,Child. & ado. with chronic conditions,4,2024
KIR,2025-01-01,policy_comment,,Children & adolescents,4,2024
KIR,2025-01-01,policy_comment,,Health and care workers,4,2024
KIR,2025-01-01,policy_comment,,Older adults,4,2024
KIR,2025-01-01,policy_comment,,Older adults with chronic conditions,4,2024
KIR,2025-01-01,policy_comment,,Other groups,4,2024
KIR,2025-01-01,policy_comment,,Pregnant women,4,2024
KIR,2025-01-01,policy_revacc,,Adults,4,2024
KIR,2025-01-01,policy_revacc,,Adults with chronic conditions,4,2024
KIR,2025-01-01,policy_revacc,,Child. & ado. with chronic conditions,4,2024
KIR,2025-01-01,policy_revacc,,Children & adolescents,4,2024
KIR,2025-01-01,policy_revacc,,Health and care workers,4,2024
KIR,2025-01-01,policy_revacc,,Older adults,4,2024
KIR,2025-01-01,policy_revacc,,Older adults with chronic conditions,4,2024
KIR,2025-01-01,policy_revacc,,Other groups,4,2024
KIR,2025-01-01,policy_revacc,,Pregnant women,4,2024
KIR,2025-01-01,policy_revacc_interval,,Adults,4,2024
KIR,2025-01-01,policy_revacc_interval,,Adults with chronic conditions,4,2024
KIR,2025-01-01,policy_revacc_interval,,Child. & ado. with chronic conditions,4,2024
KIR,2025-01-01,policy_revacc_interval,,Children & adolescents,4,2024
KIR,2025-01-01,policy_revacc_interval,,Health and care workers,4,2024
KIR,2025-01-01,policy_revacc_interval,,Older adults,4,2024
KIR,2025-01-01,policy_revacc_interval,,Older adults with chronic conditions,4,2024
KIR,2025-01-01,policy_revacc_interval,,Other groups,4,2024
KIR,2025-01-01,policy_revacc_interval,,Pregnant women,4,2024
KIR,2025-01-01,policy_vacc,,Adults,4,2024
KIR,2025-01-01,policy_vacc,,Adults with chronic conditions,4,2024
KIR,2025-01-01,policy_vacc,,Child. & ado. with chronic conditions,4,2024
KIR,2025-01-01,policy_vacc,,Children & adolescents,4,2024
KIR,2025-01-01,policy_vacc,,Health and care workers,4,2024
KIR,2025-01-01,policy_vacc,,Older adults,4,2024
KIR,2025-01-01,policy_vacc,,Older adults with chronic conditions,4,2024
KIR,2025-01-01,policy_vacc,,Other groups,4,2024
KIR,2025-01-01,policy_vacc,,Pregnant women,4,2024
POL,2025-01-01,policy_comment,,Adults,4,2024
POL,2025-01-01,policy_comment,,Adults with chronic conditions,4,2024
POL,2025-01-01,policy_comment,,Child. & ado. with chronic conditions,4,2024
POL,2025-01-01,policy_comment,,Children & adolescents,4,2024
POL,2025-01-01,policy_comment,,Health and care workers,4,2024
POL,2025-01-01,policy_comment,,Older adults,4,2024
POL,2025-01-01,policy_comment,,Older adults with chronic conditions,4,2024
POL,2025-01-01,policy_comment,,Other groups,4,2024
POL,2025-01-01,policy_comment,,Pregnant women,4,2024
POL,2025-01-01,policy_revacc,,Adults,4,2024
POL,2025-01-01,policy_revacc,,Adults with chronic conditions,4,2024
POL,2025-01-01,policy_revacc,,Child. & ado. with chronic conditions,4,2024
POL,2025-01-01,policy_revacc,,Children & adolescents,4,2024
POL,2025-01-01,policy_revacc,,Health and care workers,4,2024
POL,2025-01-01,policy_revacc,,Older adults,4,2024
POL,2025-01-01,policy_revacc,,Older adults with chronic conditions,4,2024
POL,2025-01-01,policy_revacc,,Other groups,4,2024
POL,2025-01-01,policy_revacc,,Pregnant women,4,2024
POL,2025-01-01,policy_revacc_interval,,Adults,4,2024
POL,2025-01-01,policy_revacc_interval,,Adults with chronic conditions,4,2024
POL,2025-01-01,policy_revacc_interval,,Child. & ado. with chronic conditions,4,2024
POL,2025-01-01,policy_revacc_interval,,Children & adolescents,4,2024
POL,2025-01-01,policy_revacc_interval,,Health and care workers,4,2024
POL,2025-01-01,policy_revacc_interval,,Older adults,4,2024
POL,2025-01-01,policy_revacc_interval,,Older adults with chronic conditions,4,2024
POL,2025-01-01,policy_revacc_interval,,Other groups,4,2024
POL,2025-01-01,policy_revacc_interval,,Pregnant women,4,2024
POL,2025-01-01,policy_vacc,,Adults,4,2024
POL,2025-01-01,policy_vacc,,Adults with chronic conditions,4,2024
POL,2025-01-01,policy_vacc,,Child. & ado. with chronic conditions,4,2024
POL,2025-01-01,policy_vacc,,Children & adolescents,4,2024
POL,2025-01-01,policy_vacc,,Health and care workers,4,2024
POL,2025-01-01,policy_vacc,,Older adults,4,2024
POL,2025-01-01,policy_vacc,,Older adults with chronic conditions,4,2024
POL,2025-01-01,policy_vacc,,Other groups,4,2024
POL,2025-01-01,policy_vacc,,Pregnant women,4,2024
LTU,2025-01-01,policy_comment,,Adults,4,2024
LTU,2025-01-01,policy_comment,,Adults with chronic conditions,4,2024
LTU,2025-01-01,policy_comment,,Child. & ado. with chronic conditions,4,2024
LTU,2025-01-01,policy_comment,,Children & adolescents,4,2024
LTU,2025-01-01,policy_comment,,Health and care workers,4,2024
LTU,2025-01-01,policy_comment,,Older adults,4,2024
LTU,2025-01-01,policy_comment,,Older adults with chronic conditions,4,2024
LTU,2025-01-01,policy_comment,,Other groups,4,2024
LTU,2025-01-01,policy_comment,,Pregnant women,4,2024
LTU,2025-01-01,policy_revacc_interval,,Other groups,4,2024
LTU,2025-01-01,policy_vacc,,Adults,4,2024
LTU,2025-01-01,policy_vacc,,Older adults,4,2024
LTU,2025-01-01,policy_vacc,,Older adults with chronic conditions,4,2024
LTU,2024-04-01,date_product_start,2023-09-15T00:00:00Z,PFI-COXBB-1,1,2024
LTU,2024-04-01,status_product_use,YES,PFI-COXBB-1,1,2024
LTU,2024-04-01,policy_vacc,YES,Older adults,1,2024
LTU,2024-04-01,policy_vacc,YES,Older adults with chronic conditions,1,2024
LTU,2024-04-01,policy_vacc,YES,Adults,1,2024
LTU,2024-04-01,policy_vacc,YES,Adults with chronic conditions,1,2024
LTU,2024-04-01,policy_vacc,YES,Pregnant women,1,2024
LTU,2024-04-01,policy_vacc,YES,Health and care workers,1,2024
LTU,2024-04-01,policy_vacc,YES,Children & adolescents,1,2024
LTU,2024-04-01,policy_vacc,YES,Child. & ado. with chronic conditions,1,2024
LTU,2024-04-01,policy_vacc,YES,Other groups,1,2024
LTU,2024-04-01,policy_revacc,YES,Older adults,1,2024
LTU,2024-04-01,policy_revacc,YES,Older adults with chronic conditions,1,2024
LTU,2024-04-01,policy_revacc,YES,Adults,1,2024
LTU,2024-04-01,policy_revacc,YES,Adults with chronic conditions,1,2024
LTU,2024-04-01,policy_revacc,YES,Pregnant women,1,2024
LTU,2024-04-01,policy_revacc,YES,Health and care workers,1,2024
LTU,2024-04-01,policy_revacc,YES,Children & adolescents,1,2024
LTU,2024-04-01,policy_revacc,YES,Child. & ado. with chronic conditions,1,2024
LTU,2024-04-01,policy_revacc,YES,Other groups,1,2024
LTU,2024-04-01,policy_revacc_interval,once a year,Older adults,1,2024
LTU,2024-04-01,policy_revacc_interval,once a year,Older adults with chronic conditions,1,2024
LTU,2024-04-01,policy_revacc_interval,once a year,Adults,1,2024
LTU,2024-04-01,policy_revacc_interval,once a year,Adults with chronic conditions,1,2024
LTU,2024-04-01,policy_revacc_interval,once a year,Children & adolescents,1,2024
LTU,2024-04-01,policy_revacc_interval,once a year,Child. & ado. with chronic conditions,1,2024
LTU,2024-04-01,policy_revacc_interval,once a year,Other groups,1,2024
LTU,2024-04-01,date_product_start,2020-12-27T00:00:00Z,PFI-COMIRNATY-1,1,2024
LTU,2024-04-01,date_product_start,2024-01-04T00:00:00Z,NOV-COVAX-1,1,2024
LTU,2024-04-01,date_product_start,2022-11-18T00:00:00Z,PFI-CBOOB1-2,1,2024
LTU,2024-04-01,date_product_start,2022-09-05T00:00:00Z,PFI-CBOOB1-1,1,2024
LTU,2024-04-01,date_product_start,2021-02-08T00:00:00Z,ASZ-AZD1222-1,1,2024
LTU,2024-04-01,date_product_start,2021-04-13T00:00:00Z,JAP-AD26-COV-2.5-1,1,2024
LTU,2024-04-01,date_product_start,2021-01-12T00:00:00Z,MOC-MRNA-1273-1,1,2024
LTU,2024-04-01,status_product_use,NO,PFI-COMIRNATY-1,1,2024
LTU,2024-04-01,status_product_use,NO,NOV-COVAX-1,1,2024
LTU,2024-04-01,status_product_use,NO,PFI-CBOOB1-2,1,2024
LTU,2024-04-01,status_product_use,NO,PFI-CBOOB1-1,1,2024
LTU,2024-04-01,status_product_use,NO,ASZ-AZD1222-1,1,2024
LTU,2024-04-01,status_product_use,NO,JAP-AD26-COV-2.5-1,1,2024
LTU,2024-04-01,status_product_use,NO,MOC-MRNA-1273-1,1,2024
LTU,2025-01-01,policy_revacc,YES,Older adults,4,2024
LTU,2025-01-01,policy_revacc,YES,Older adults with chronic conditions,4,2024
LTU,2025-01-01,policy_revacc,YES,Adults,4,2024
LTU,2025-01-01,policy_revacc,YES,Adults with chronic conditions,4,2024
LTU,2025-01-01,policy_revacc,YES,Pregnant women,4,2024
LTU,2025-01-01,policy_revacc,YES,Health and care workers,4,2024
LTU,2025-01-01,policy_revacc,YES,Children & adolescents,4,2024
LTU,2025-01-01,policy_revacc,YES,Child. & ado. with chronic conditions,4,2024
LTU,2025-01-01,policy_revacc,NO,Other groups,4,2024
LTU,2025-01-01,policy_vacc,NO,Adults with chronic conditions,4,2024
LTU,2025-01-01,policy_vacc,NO,Pregnant women,4,2024
LTU,2025-01-01,policy_vacc,NO,Health and care workers,4,2024
LTU,2025-01-01,policy_vacc,NO,Children & adolescents,4,2024
LTU,2025-01-01,policy_vacc,NO,Child. & ado. with chronic conditions,4,2024
LTU,2025-01-01,policy_vacc,NO,Other groups,4,2024
LTU,2025-01-01,policy_revacc_interval,12_MONTHS,Older adults,4,2024
LTU,2025-01-01,policy_revacc_interval,12_MONTHS,Older adults with chronic conditions,4,2024
LTU,2025-01-01,policy_revacc_interval,12_MONTHS,Adults,4,2024
LTU,2025-01-01,policy_revacc_interval,12_MONTHS,Adults with chronic conditions,4,2024
LTU,2025-01-01,policy_revacc_interval,12_MONTHS,Pregnant women,4,2024
LTU,2025-01-01,policy_revacc_interval,12_MONTHS,Health and care workers,4,2024
LTU,2025-01-01,policy_revacc_interval,12_MONTHS,Children & adolescents,4,2024
LTU,2025-01-01,policy_revacc_interval,12_MONTHS,Child. & ado. with chronic conditions,4,2024
LSO,2024-10-01,policy_revacc_interval,6 months after the dose,Pregnant women,3,2024
LSO,2024-10-01,policy_revacc_interval,6 months after the dose,Health and care workers,3,2024
LSO,2024-10-01,policy_revacc_interval,6 months after the dose,Children & adolescents,3,2024
LSO,2024-10-01,policy_revacc_interval,6 months after the dose,Child. & ado. with chronic conditions,3,2024
LSO,2024-10-01,policy_revacc_interval,6 months after the first dose,Older adults,3,2024
LSO,2024-10-01,policy_revacc_interval,6 months after the first dose,Older adults with chronic conditions,3,2024
LSO,2024-10-01,policy_revacc_interval,6 months after the first dose,Adults,3,2024
LSO,2024-10-01,policy_revacc_interval,6 months after the dose,Adults with chronic conditions,3,2024
LSO,2024-10-01,policy_revacc,YES,Pregnant women,3,2024
LSO,2024-10-01,policy_revacc,YES,Health and care workers,3,2024
LSO,2024-10-01,policy_revacc,YES,Children & adolescents,3,2024
LSO,2024-10-01,policy_revacc,YES,Child. & ado. with chronic conditions,3,2024
LSO,2024-10-01,policy_revacc,NO,Other groups,3,2024
LSO,2024-10-01,policy_revacc,YES,Older adults,3,2024
LSO,2024-10-01,policy_revacc,YES,Older adults with chronic conditions,3,2024
LSO,2024-10-01,policy_revacc,YES,Adults,3,2024
LSO,2024-10-01,policy_revacc,YES,Adults with chronic conditions,3,2024
LSO,2024-10-01,policy_vacc,YES,Pregnant women,3,2024
LSO,2024-10-01,policy_vacc,YES,Health and care workers,3,2024
LSO,2024-10-01,policy_vacc,YES,Children & adolescents,3,2024
LSO,2024-10-01,policy_vacc,YES,Child. & ado. with chronic conditions,3,2024
LSO,2024-10-01,policy_vacc,NO,Other groups,3,2024
LSO,2024-10-01,policy_vacc,YES,Older adults,3,2024
LSO,2024-10-01,policy_vacc,YES,Older adults with chronic conditions,3,2024
LSO,2024-10-01,policy_vacc,YES,Adults,3,2024
LSO,2024-10-01,policy_vacc,YES,Adults with chronic conditions,3,2024
LSO,2024-10-01,status_product_use,YES,PFI-CBOO,3,2024
LSO,2024-10-01,status_product_use,YES,JAP-AD26-COV-2.5-1,3,2024
LSO,2024-10-01,comment,Vaccine  uptake very low,PFI-CBOO,3,2024
LSO,2024-10-01,comment,Vaccine uptake very low,JAP-AD26-COV-2.5-1,3,2024
LSO,2025-01-01,policy_comment,,Adults,4,2024
LSO,2025-01-01,policy_comment,,Adults with chronic conditions,4,2024
LSO,2025-01-01,policy_comment,,Child. & ado. with chronic conditions,4,2024
LSO,2025-01-01,policy_comment,,Children & adolescents,4,2024
LSO,2025-01-01,policy_comment,,Health and care workers,4,2024
LSO,2025-01-01,policy_comment,,Older adults,4,2024
LSO,2025-01-01,policy_comment,,Older adults with chronic conditions,4,2024
LSO,2025-01-01,policy_comment,,Other groups,4,2024
LSO,2025-01-01,policy_comment,,Pregnant women,4,2024
LSO,2025-01-01,policy_revacc,,Adults,4,2024
LSO,2025-01-01,policy_revacc,,Adults with chronic conditions,4,2024
LSO,2025-01-01,policy_revacc,,Child. & ado. with chronic conditions,4,2024
LSO,2025-01-01,policy_revacc,,Children & adolescents,4,2024
LSO,2025-01-01,policy_revacc,,Health and care workers,4,2024
LSO,2025-01-01,policy_revacc,,Older adults,4,2024
LSO,2025-01-01,policy_revacc,,Older adults with chronic conditions,4,2024
LSO,2025-01-01,policy_revacc,,Other groups,4,2024
LSO,2025-01-01,policy_revacc,,Pregnant women,4,2024
LSO,2025-01-01,policy_revacc_interval,,Adults,4,2024
LSO,2025-01-01,policy_revacc_interval,,Adults with chronic conditions,4,2024
LSO,2025-01-01,policy_revacc_interval,,Child. & ado. with chronic conditions,4,2024
LSO,2025-01-01,policy_revacc_interval,,Children & adolescents,4,2024
LSO,2025-01-01,policy_revacc_interval,,Health and care workers,4,2024
LSO,2025-01-01,policy_revacc_interval,,Older adults,4,2024
LSO,2025-01-01,policy_revacc_interval,,Older adults with chronic conditions,4,2024
LSO,2025-01-01,policy_revacc_interval,,Other groups,4,2024
LSO,2025-01-01,policy_revacc_interval,,Pregnant women,4,2024
LSO,2025-01-01,policy_vacc,,Adults,4,2024
LSO,2025-01-01,policy_vacc,,Adults with chronic conditions,4,2024
LSO,2025-01-01,policy_vacc,,Child. & ado. with chronic conditions,4,2024
LSO,2025-01-01,policy_vacc,,Children & adolescents,4,2024
LSO,2025-01-01,policy_vacc,,Health and care workers,4,2024
LSO,2025-01-01,policy_vacc,,Older adults,4,2024
LSO,2025-01-01,policy_vacc,,Older adults with chronic conditions,4,2024
LSO,2025-01-01,policy_vacc,,Other groups,4,2024
LSO,2025-01-01,policy_vacc,,Pregnant women,4,2024
CHN,2025-01-01,policy_comment,,Adults,4,2024
CHN,2025-01-01,policy_comment,,Adults with chronic conditions,4,2024
CHN,2025-01-01,policy_comment,,Child. & ado. with chronic conditions,4,2024
CHN,2025-01-01,policy_comment,,Children & adolescents,4,2024
CHN,2025-01-01,policy_comment,,Health and care workers,4,2024
CHN,2025-01-01,policy_comment,,Older adults,4,2024
CHN,2025-01-01,policy_comment,,Older adults with chronic conditions,4,2024
CHN,2025-01-01,policy_comment,,Other groups,4,2024
CHN,2025-01-01,policy_comment,,Pregnant women,4,2024
CHN,2025-01-01,policy_revacc,,Adults,4,2024
CHN,2025-01-01,policy_revacc,,Adults with chronic conditions,4,2024
CHN,2025-01-01,policy_revacc,,Child. & ado. with chronic conditions,4,2024
CHN,2025-01-01,policy_revacc,,Children & adolescents,4,2024
CHN,2025-01-01,policy_revacc,,Health and care workers,4,2024
CHN,2025-01-01,policy_revacc,,Older adults,4,2024
CHN,2025-01-01,policy_revacc,,Older adults with chronic conditions,4,2024
CHN,2025-01-01,policy_revacc,,Other groups,4,2024
CHN,2025-01-01,policy_revacc,,Pregnant women,4,2024
CHN,2025-01-01,policy_revacc_interval,,Adults,4,2024
CHN,2025-01-01,policy_revacc_interval,,Adults with chronic conditions,4,2024
CHN,2025-01-01,policy_revacc_interval,,Child. & ado. with chronic conditions,4,2024
CHN,2025-01-01,policy_revacc_interval,,Children & adolescents,4,2024
CHN,2025-01-01,policy_revacc_interval,,Health and care workers,4,2024
CHN,2025-01-01,policy_revacc_interval,,Older adults,4,2024
CHN,2025-01-01,policy_revacc_interval,,Older adults with chronic conditions,4,2024
CHN,2025-01-01,policy_revacc_interval,,Other groups,4,2024
CHN,2025-01-01,policy_revacc_interval,,Pregnant women,4,2024
CHN,2025-01-01,policy_vacc,,Adults,4,2024
CHN,2025-01-01,policy_vacc,,Adults with chronic conditions,4,2024
CHN,2025-01-01,policy_vacc,,Child. & ado. with chronic conditions,4,2024
CHN,2025-01-01,policy_vacc,,Children & adolescents,4,2024
CHN,2025-01-01,policy_vacc,,Health and care workers,4,2024
CHN,2025-01-01,policy_vacc,,Older adults,4,2024
CHN,2025-01-01,policy_vacc,,Older adults with chronic conditions,4,2024
CHN,2025-01-01,policy_vacc,,Other groups,4,2024
CHN,2025-01-01,policy_vacc,,Pregnant women,4,2024
BOL,2025-01-01,policy_comment,,Adults with chronic conditions,4,2024
BOL,2025-01-01,policy_comment,,Child. & ado. with chronic conditions,4,2024
BOL,2025-01-01,policy_comment,,Children & adolescents,4,2024
BOL,2025-01-01,policy_comment,,Health and care workers,4,2024
BOL,2025-01-01,policy_comment,,Older adults,4,2024
BOL,2025-01-01,policy_comment,,Older adults with chronic conditions,4,2024
BOL,2025-01-01,policy_comment,,Other groups,4,2024
BOL,2025-01-01,policy_comment,,Pregnant women,4,2024
BOL,2025-01-01,policy_comment,Este grupo se vacuna acorde a disponibilidad,Adults,4,2024
BOL,2025-01-01,policy_revacc_interval,12_MONTHS,Older adults,4,2024
BOL,2025-01-01,policy_revacc_interval,12_MONTHS,Older adults with chronic conditions,4,2024
BOL,2025-01-01,policy_revacc_interval,12_MONTHS,Adults,4,2024
BOL,2025-01-01,policy_revacc_interval,12_MONTHS,Adults with chronic conditions,4,2024
BOL,2025-01-01,policy_revacc_interval,12_MONTHS,Pregnant women,4,2024
BOL,2025-01-01,policy_revacc_interval,12_MONTHS,Health and care workers,4,2024
BOL,2025-01-01,policy_revacc_interval,12_MONTHS,Children & adolescents,4,2024
BOL,2025-01-01,policy_revacc_interval,12_MONTHS,Child. & ado. with chronic conditions,4,2024
BOL,2025-01-01,policy_revacc_interval,12_MONTHS,Other groups,4,2024
BOL,2025-01-01,policy_revacc,YES,Older adults,4,2024
BOL,2025-01-01,policy_revacc,YES,Older adults with chronic conditions,4,2024
BOL,2025-01-01,policy_revacc,NO,Adults,4,2024
BOL,2025-01-01,policy_revacc,YES,Adults with chronic conditions,4,2024
BOL,2025-01-01,policy_revacc,YES,Pregnant women,4,2024
BOL,2025-01-01,policy_revacc,YES,Health and care workers,4,2024
BOL,2025-01-01,policy_revacc,YES,Children & adolescents,4,2024
BOL,2025-01-01,policy_revacc,YES,Child. & ado. with chronic conditions,4,2024
BOL,2025-01-01,policy_revacc,YES,Other groups,4,2024
BOL,2025-01-01,policy_vacc,YES,Older adults,4,2024
BOL,2025-01-01,policy_vacc,YES,Older adults with chronic conditions,4,2024
BOL,2025-01-01,policy_vacc,YES,Adults,4,2024
BOL,2025-01-01,policy_vacc,YES,Adults with chronic conditions,4,2024
BOL,2025-01-01,policy_vacc,YES,Pregnant women,4,2024
BOL,2025-01-01,policy_vacc,YES,Health and care workers,4,2024
BOL,2025-01-01,policy_vacc,YES,Children & adolescents,4,2024
BOL,2025-01-01,policy_vacc,YES,Child. & ado. with chronic conditions,4,2024
BOL,2025-01-01,policy_vacc,YES,Other groups,4,2024
LVA,2025-01-01,policy_vacc,YES,Older adults,4,2024
LVA,2025-01-01,policy_vacc,YES,Older adults with chronic conditions,4,2024
LVA,2025-01-01,policy_vacc,NO,Adults,4,2024
LVA,2025-01-01,policy_vacc,NO,Adults with chronic conditions,4,2024
LVA,2025-01-01,policy_vacc,YES,Pregnant women,4,2024
LVA,2025-01-01,policy_vacc,NO,Health and care workers,4,2024
LVA,2025-01-01,policy_vacc,NO,Children & adolescents,4,2024
LVA,2025-01-01,policy_vacc,NO,Child. & ado. with chronic conditions,4,2024
LVA,2025-01-01,policy_vacc,YES,Other groups,4,2024
LVA,2025-01-01,policy_revacc,YES,Older adults,4,2024
LVA,2025-01-01,policy_revacc,YES,Older adults with chronic conditions,4,2024
LVA,2025-01-01,policy_revacc,NO,Adults,4,2024
LVA,2025-01-01,policy_revacc,NO,Adults with chronic conditions,4,2024
LVA,2025-01-01,policy_revacc,YES,Pregnant women,4,2024
LVA,2025-01-01,policy_revacc,NO,Health and care workers,4,2024
LVA,2025-01-01,policy_revacc,NO,Children & adolescents,4,2024
LVA,2025-01-01,policy_revacc,NO,Child. & ado. with chronic conditions,4,2024
LVA,2025-01-01,policy_revacc,YES,Other groups,4,2024
LVA,2024-07-01,date_product_start,2022-02-24T00:00:00Z,NOV-COVAX-1,2,2024
LVA,2024-07-01,date_product_start,2023-12-07T00:00:00Z,NOV-NOXBB-1,2,2024
LVA,2024-07-01,date_product_start,2023-09-04T00:00:00Z,PFI-COXBB-1,2,2024
LVA,2024-07-01,date_product_start,2023-02-14T00:00:00Z,SPG-SARS-COV2-SU-1,2,2024
LVA,2024-07-01,date_product_start,2022-09-07T00:00:00Z,MOC-SBOOB1-1,2,2024
LVA,2024-07-01,date_product_start,2023-01-24T00:00:00Z,MOC-SBOOB1-2,2,2024
LVA,2024-07-01,date_product_start,2022-09-06T00:00:00Z,PFI-CBOOB1-1,2,2024
LVA,2024-07-01,date_product_start,2022-09-23T00:00:00Z,PFI-CBOOB1-2,2,2024
LVA,2024-07-01,date_product_start,2021-04-12T00:00:00Z,JAP-AD26-COV-2.5-1,2,2024
LVA,2024-07-01,date_product_start,2021-01-29T00:00:00Z,MOC-MRNA-1273-1,2,2024
LVA,2024-07-01,date_product_start,2020-12-28T00:00:00Z,PFI-COMIRNATY-1,2,2024
LVA,2024-07-01,date_product_start,2021-02-05T00:00:00Z,ASZ-AZD1222-1,2,2024
LVA,2024-07-01,status_product_use,NO,NOV-COVAX-1,2,2024
LVA,2024-07-01,status_product_use,NO,NOV-NOXBB-1,2,2024
LVA,2024-07-01,status_product_use,YES,PFI-COXBB-1,2,2024
LVA,2024-07-01,status_product_use,NO,SPG-SARS-COV2-SU-1,2,2024
LVA,2024-07-01,status_product_use,NO,MOC-SBOOB1-1,2,2024
LVA,2024-07-01,status_product_use,NO,MOC-SBOOB1-2,2,2024
LVA,2024-07-01,status_product_use,NO,PFI-CBOOB1-1,2,2024
LVA,2024-07-01,status_product_use,NO,PFI-CBOOB1-2,2,2024
LVA,2024-07-01,status_product_use,NO,JAP-AD26-COV-2.5-1,2,2024
LVA,2024-07-01,status_product_use,NO,MOC-MRNA-1273-1,2,2024
LVA,2024-07-01,status_product_use,YES,PFI-COMIRNATY-1,2,2024
LVA,2024-07-01,status_product_use,NO,ASZ-AZD1222-1,2,2024
LVA,2025-01-01,policy_comment,,Adults,4,2024
LVA,2025-01-01,policy_comment,,Adults with chronic conditions,4,2024
LVA,2025-01-01,policy_comment,,Child. & ado. with chronic conditions,4,2024
LVA,2025-01-01,policy_comment,,Children & adolescents,4,2024
LVA,2025-01-01,policy_comment,,Health and care workers,4,2024
LVA,2025-01-01,policy_comment,,Older adults,4,2024
LVA,2025-01-01,policy_comment,,Older adults with chronic conditions,4,2024
LVA,2025-01-01,policy_comment,,Pregnant women,4,2024
LVA,2025-01-01,policy_revacc_interval,,Adults,4,2024
LVA,2025-01-01,policy_revacc_interval,,Adults with chronic conditions,4,2024
LVA,2025-01-01,policy_revacc_interval,,Child. & ado. with chronic conditions,4,2024
LVA,2025-01-01,policy_revacc_interval,,Children & adolescents,4,2024
LVA,2025-01-01,policy_revacc_interval,,Health and care workers,4,2024
LVA,2024-07-01,policy_revacc_interval,12,Older adults,2,2024
LVA,2024-07-01,policy_revacc_interval,12,Older adults with chronic conditions,2,2024
LVA,2024-07-01,policy_revacc_interval,12,Adults,2,2024
LVA,2024-07-01,policy_revacc_interval,12,Adults with chronic conditions,2,2024
LVA,2024-07-01,policy_revacc_interval,12,Pregnant women,2,2024
LVA,2024-07-01,policy_revacc_interval,12,Health and care workers,2,2024
LVA,2024-07-01,policy_revacc_interval,12,Child. & ado. with chronic conditions,2,2024
LVA,2024-07-01,policy_revacc,YES,Older adults,2,2024
LVA,2024-07-01,policy_revacc,YES,Older adults with chronic conditions,2,2024
LVA,2024-07-01,policy_revacc,YES,Adults,2,2024
LVA,2024-07-01,policy_revacc,YES,Adults with chronic conditions,2,2024
LVA,2024-07-01,policy_revacc,YES,Pregnant women,2,2024
LVA,2024-07-01,policy_revacc,YES,Health and care workers,2,2024
LVA,2024-07-01,policy_revacc,NO,Children & adolescents,2,2024
LVA,2024-07-01,policy_revacc,YES,Child. & ado. with chronic conditions,2,2024
LVA,2024-07-01,policy_vacc,YES,Older adults,2,2024
LVA,2024-07-01,policy_vacc,YES,Older adults with chronic conditions,2,2024
LVA,2024-07-01,policy_vacc,YES,Adults,2,2024
LVA,2024-07-01,policy_vacc,YES,Adults with chronic conditions,2,2024
LVA,2024-07-01,policy_vacc,YES,Pregnant women,2,2024
LVA,2024-07-01,policy_vacc,YES,Health and care workers,2,2024
LVA,2024-07-01,policy_vacc,NO,Children & adolescents,2,2024
LVA,2024-07-01,policy_vacc,YES,Child. & ado. with chronic conditions,2,2024
LVA,2025-01-01,policy_revacc_interval,12_MONTHS,Older adults,4,2024
LVA,2025-01-01,policy_revacc_interval,12_MONTHS,Older adults with chronic conditions,4,2024
LVA,2025-01-01,policy_revacc_interval,12_MONTHS,Pregnant women,4,2024
LVA,2025-01-01,policy_revacc_interval,12_MONTHS,Other groups,4,2024
LVA,2025-01-01,policy_comment,Immunosuppressed individuals,Other groups,4,2024
SYC,2025-01-01,policy_comment,,Adults,4,2024
SYC,2025-01-01,policy_comment,,Adults with chronic conditions,4,2024
SYC,2025-01-01,policy_comment,,Child. & ado. with chronic conditions,4,2024
SYC,2025-01-01,policy_comment,,Children & adolescents,4,2024
SYC,2025-01-01,policy_comment,,Health and care workers,4,2024
SYC,2025-01-01,policy_comment,,Older adults,4,2024
SYC,2025-01-01,policy_comment,,Older adults with chronic conditions,4,2024
SYC,2025-01-01,policy_comment,,Other groups,4,2024
SYC,2025-01-01,policy_comment,,Pregnant women,4,2024
SYC,2025-01-01,policy_revacc,,Adults,4,2024
SYC,2025-01-01,policy_revacc,,Adults with chronic conditions,4,2024
SYC,2025-01-01,policy_revacc,,Child. & ado. with chronic conditions,4,2024
SYC,2025-01-01,policy_revacc,,Children & adolescents,4,2024
SYC,2025-01-01,policy_revacc,,Health and care workers,4,2024
SYC,2025-01-01,policy_revacc,,Older adults,4,2024
SYC,2025-01-01,policy_revacc,,Older adults with chronic conditions,4,2024
SYC,2025-01-01,policy_revacc,,Other groups,4,2024
SYC,2025-01-01,policy_revacc,,Pregnant women,4,2024
SYC,2025-01-01,policy_revacc_interval,,Adults,4,2024
SYC,2025-01-01,policy_revacc_interval,,Adults with chronic conditions,4,2024
SYC,2025-01-01,policy_revacc_interval,,Child. & ado. with chronic conditions,4,2024
SYC,2025-01-01,policy_revacc_interval,,Children & adolescents,4,2024
SYC,2025-01-01,policy_revacc_interval,,Health and care workers,4,2024
SYC,2025-01-01,policy_revacc_interval,,Older adults,4,2024
SYC,2025-01-01,policy_revacc_interval,,Older adults with chronic conditions,4,2024
SYC,2025-01-01,policy_revacc_interval,,Other groups,4,2024
SYC,2025-01-01,policy_revacc_interval,,Pregnant women,4,2024
SYC,2025-01-01,policy_vacc,,Adults,4,2024
SYC,2025-01-01,policy_vacc,,Adults with chronic conditions,4,2024
SYC,2025-01-01,policy_vacc,,Child. & ado. with chronic conditions,4,2024
SYC,2025-01-01,policy_vacc,,Children & adolescents,4,2024
SYC,2025-01-01,policy_vacc,,Health and care workers,4,2024
SYC,2025-01-01,policy_vacc,,Older adults,4,2024
SYC,2025-01-01,policy_vacc,,Older adults with chronic conditions,4,2024
SYC,2025-01-01,policy_vacc,,Other groups,4,2024
SYC,2025-01-01,policy_vacc,,Pregnant women,4,2024
MCO,2025-01-01,policy_comment,,Adults,4,2024
MCO,2025-01-01,policy_comment,,Adults with chronic conditions,4,2024
MCO,2025-01-01,policy_comment,,Child. & ado. with chronic conditions,4,2024
MCO,2025-01-01,policy_comment,,Children & adolescents,4,2024
MCO,2025-01-01,policy_comment,,Health and care workers,4,2024
MCO,2025-01-01,policy_comment,,Older adults,4,2024
MCO,2025-01-01,policy_comment,,Older adults with chronic conditions,4,2024
MCO,2025-01-01,policy_comment,,Other groups,4,2024
MCO,2025-01-01,policy_comment,,Pregnant women,4,2024
MCO,2025-01-01,policy_revacc_interval,,Adults,4,2024
MCO,2025-01-01,policy_revacc_interval,,Child. & ado. with chronic conditions,4,2024
MCO,2025-01-01,policy_revacc_interval,,Children & adolescents,4,2024
MCO,2025-01-01,policy_revacc_interval,,Health and care workers,4,2024
MCO,2025-01-01,policy_revacc_interval,,Other groups,4,2024
MCO,2025-01-01,policy_revacc,YES,Older adults,4,2024
MCO,2025-01-01,policy_revacc,YES,Older adults with chronic conditions,4,2024
MCO,2025-01-01,policy_revacc,NO,Adults,4,2024
MCO,2025-01-01,policy_revacc,YES,Adults with chronic conditions,4,2024
MCO,2025-01-01,policy_revacc,YES,Pregnant women,4,2024
MCO,2025-01-01,policy_revacc,NO,Health and care workers,4,2024
MCO,2025-01-01,policy_revacc,NO,Children & adolescents,4,2024
MCO,2025-01-01,policy_revacc,NO,Child. & ado. with chronic conditions,4,2024
MCO,2025-01-01,policy_revacc,NO,Other groups,4,2024
MCO,2025-01-01,policy_revacc_interval,12_MONTHS,Older adults,4,2024
MCO,2025-01-01,policy_revacc_interval,12_MONTHS,Older adults with chronic conditions,4,2024
MCO,2025-01-01,policy_revacc_interval,12_MONTHS,Adults with chronic conditions,4,2024
MCO,2025-01-01,policy_revacc_interval,12_MONTHS,Pregnant women,4,2024
MCO,2025-01-01,policy_vacc,YES,Older adults,4,2024
MCO,2025-01-01,policy_vacc,YES,Older adults with chronic conditions,4,2024
MCO,2025-01-01,policy_vacc,NO,Adults,4,2024
MCO,2025-01-01,policy_vacc,YES,Adults with chronic conditions,4,2024
MCO,2025-01-01,policy_vacc,YES,Pregnant women,4,2024
MCO,2025-01-01,policy_vacc,NO,Health and care workers,4,2024
MCO,2025-01-01,policy_vacc,NO,Children & adolescents,4,2024
MCO,2025-01-01,policy_vacc,NO,Child. & ado. with chronic conditions,4,2024
MCO,2025-01-01,policy_vacc,NO,Other groups,4,2024
ALB,2024-10-01,policy_vacc,YES,Older adults,3,2024
ALB,2024-10-01,policy_vacc,YES,Older adults with chronic conditions,3,2024
ALB,2024-10-01,policy_vacc,YES,Adults,3,2024
ALB,2024-10-01,policy_vacc,YES,Health and care workers,3,2024
ALB,2024-10-01,policy_vacc,YES,Adults with chronic conditions,3,2024
ALB,2024-10-01,policy_vacc,YES,Pregnant women,3,2024
ALB,2024-10-01,policy_vacc,NO,Children & adolescents,3,2024
ALB,2024-10-01,policy_vacc,YES,Child. & ado. with chronic conditions,3,2024
ALB,2024-10-01,policy_revacc,YES,Older adults,3,2024
ALB,2024-10-01,policy_revacc,YES,Older adults with chronic conditions,3,2024
ALB,2024-10-01,policy_revacc,YES,Adults,3,2024
ALB,2024-10-01,policy_revacc,YES,Health and care workers,3,2024
ALB,2024-10-01,policy_revacc,YES,Adults with chronic conditions,3,2024
ALB,2024-10-01,policy_revacc,YES,Pregnant women,3,2024
ALB,2024-10-01,policy_revacc,YES,Child. & ado. with chronic conditions,3,2024
ALB,2024-10-01,policy_revacc_interval,every year,Older adults,3,2024
ALB,2024-10-01,policy_revacc_interval,every year,Older adults with chronic conditions,3,2024
ALB,2024-10-01,policy_revacc_interval,every year,Adults,3,2024
ALB,2024-10-01,policy_revacc_interval,every year,Health and care workers,3,2024
ALB,2024-10-01,policy_revacc_interval,every year,Adults with chronic conditions,3,2024
ALB,2024-10-01,policy_revacc_interval,during pregnanncy,Pregnant women,3,2024
ALB,2024-10-01,policy_revacc_interval,every year,Child. & ado. with chronic conditions,3,2024
ALB,2024-10-01,status_product_use,NO,PFI-CBOOB1-2,3,2024
ALB,2025-01-01,policy_comment,,Adults,4,2024
ALB,2025-01-01,policy_comment,,Adults with chronic conditions,4,2024
ALB,2025-01-01,policy_comment,,Child. & ado. with chronic conditions,4,2024
ALB,2025-01-01,policy_comment,,Children & adolescents,4,2024
ALB,2025-01-01,policy_comment,,Health and care workers,4,2024
ALB,2025-01-01,policy_comment,,Older adults,4,2024
ALB,2025-01-01,policy_comment,,Older adults with chronic conditions,4,2024
ALB,2025-01-01,policy_comment,,Other groups,4,2024
ALB,2025-01-01,policy_comment,,Pregnant women,4,2024
ALB,2025-01-01,policy_revacc,,Child. & ado. with chronic conditions,4,2024
ALB,2025-01-01,policy_revacc,,Other groups,4,2024
ALB,2025-01-01,policy_revacc_interval,,Child. & ado. with chronic conditions,4,2024
ALB,2025-01-01,policy_revacc_interval,,Children & adolescents,4,2024
ALB,2025-01-01,policy_revacc_interval,,Other groups,4,2024
ALB,2025-01-01,policy_revacc_interval,,Pregnant women,4,2024
ALB,2025-01-01,policy_vacc,,Other groups,4,2024
ALB,2024-07-01,policy_revacc_interval,every year,Older adults,2,2024
ALB,2024-07-01,policy_revacc_interval,every year,Older adults with chronic conditions,2,2024
ALB,2024-07-01,policy_revacc_interval,every year,Adults,2,2024
ALB,2024-07-01,policy_revacc_interval,every year,Adults with chronic conditions,2,2024
ALB,2024-07-01,policy_revacc_interval,during pregnanncy,Pregnant women,2,2024
ALB,2024-07-01,policy_revacc_interval,every year,Health and care workers,2,2024
ALB,2024-07-01,policy_revacc_interval,every year,Child. & ado. with chronic conditions,2,2024
ALB,2024-07-01,policy_vacc,YES,Older adults,2,2024
ALB,2024-07-01,policy_vacc,YES,Older adults with chronic conditions,2,2024
ALB,2024-07-01,policy_vacc,YES,Adults,2,2024
ALB,2024-07-01,policy_vacc,YES,Adults with chronic conditions,2,2024
ALB,2024-07-01,policy_vacc,YES,Pregnant women,2,2024
ALB,2024-07-01,policy_vacc,YES,Health and care workers,2,2024
ALB,2024-07-01,policy_vacc,NO,Children & adolescents,2,2024
ALB,2024-07-01,policy_vacc,YES,Child. & ado. with chronic conditions,2,2024
ALB,2024-07-01,policy_revacc,YES,Older adults,2,2024
ALB,2024-07-01,policy_revacc,YES,Older adults with chronic conditions,2,2024
ALB,2024-07-01,policy_revacc,YES,Adults,2,2024
ALB,2024-07-01,policy_revacc,YES,Adults with chronic conditions,2,2024
ALB,2024-07-01,policy_revacc,YES,Pregnant women,2,2024
ALB,2024-07-01,policy_revacc,YES,Health and care workers,2,2024
ALB,2024-07-01,policy_revacc,YES,Child. & ado. with chronic conditions,2,2024
ALB,2025-01-01,policy_revacc_interval,12_MONTHS,Older adults with chronic conditions,4,2024
ALB,2025-01-01,policy_revacc_interval,6_MONTHS,Adults,4,2024
ALB,2025-01-01,policy_revacc_interval,6_MONTHS,Adults with chronic conditions,4,2024
ALB,2025-01-01,policy_revacc_interval,12_MONTHS,Health and care workers,4,2024
ALB,2025-01-01,policy_revacc_interval,12_MONTHS,Older adults,4,2024
ALB,2025-01-01,policy_revacc,YES,Older adults with chronic conditions,4,2024
ALB,2025-01-01,policy_revacc,YES,Adults,4,2024
ALB,2025-01-01,policy_revacc,YES,Adults with chronic conditions,4,2024
ALB,2025-01-01,policy_revacc,YES,Pregnant women,4,2024
ALB,2025-01-01,policy_revacc,YES,Health and care workers,4,2024
ALB,2025-01-01,policy_revacc,NO,Children & adolescents,4,2024
ALB,2025-01-01,policy_revacc,YES,Older adults,4,2024
ALB,2025-01-01,policy_vacc,YES,Older adults with chronic conditions,4,2024
ALB,2025-01-01,policy_vacc,YES,Adults,4,2024
ALB,2025-01-01,policy_vacc,YES,Adults with chronic conditions,4,2024
ALB,2025-01-01,policy_vacc,YES,Pregnant women,4,2024
ALB,2025-01-01,policy_vacc,YES,Health and care workers,4,2024
ALB,2025-01-01,policy_vacc,NO,Children & adolescents,4,2024
ALB,2025-01-01,policy_vacc,NO,Child. & ado. with chronic conditions,4,2024
ALB,2025-01-01,policy_vacc,YES,Older adults,4,2024
CHL,2024-04-01,date_product_start,2023-11-20T00:00:00Z,MOC-SXBB-1,1,2024
CHL,2024-04-01,date_product_start,2024-01-01T00:00:00Z,PFI-COXBB-1,1,2024
CHL,2024-04-01,date_product_start,2021-05-27T00:00:00Z,ASZ-AZD1222-R1,1,2024
CHL,2024-04-01,date_product_start,2022-02-02T11:23:56Z,MOC-MRNA-1273-1,1,2024
CHL,2024-04-01,date_product_start,2021-05-24T00:00:00Z,PFI-COMIRNATY-1,1,2024
CHL,2024-04-01,date_product_start,2021-02-03T00:00:00Z,SIN-CORONAVAC-1,1,2024
CHL,2024-04-01,date_product_start,2021-06-03T00:00:00Z,CAB-AD5-NCOV19-1,1,2024
CHL,2024-04-01,date_product_start,2022-10-10T00:00:00Z,PFI-CBOOB1-1,1,2024
CHL,2024-04-01,comment,Se autoriza mediante Resolución Exenta N° 1558 del 17-11-2023,MOC-SXBB-1,1,2024
CHL,2024-04-01,comment,Se autoriza mediante Resolución Exenta N° 1558 del 17-11-2023,PFI-COXBB-1,1,2024
CHL,2024-04-01,comment,"Autorizada para uso de emergencia para mayores de 18 años, en Chile se indico administrar solo a los hombres mayores de 18 años y hasta 44 años 11 meses 30 días.",ASZ-AZD1222-R1,1,2024
CHL,2024-04-01,comment,Se trata de un ensayo clínico puntual realizado por la U. Católica de Chile,JAP-AD26-COV-2.5-1,1,2024
CHL,2024-04-01,comment,Autorizada para uso en emergencia a personas mayores de 12 años,MOC-MRNA-1273-1,1,2024
CHL,2024-04-01,comment,Primera vacuna aprobada y autorizado para uso de emergencia en mayores de 16 años en Chile.,PFI-COMIRNATY-1,1,2024
CHL,2024-04-01,comment,"Autorizada para uso de emergencia para mayores de 18 años en Chile. Actualmente, también autorizada para uso infantil y adolescente entre 6 y 17 años.",SIN-CORONAVAC-1,1,2024
CHL,2024-04-01,comment,Autorizada para uso de emergencia para personas entre 18 a 60 años en Chile.,CAB-AD5-NCOV19-1,1,2024
CHL,2024-04-01,comment,"ISP autoriza su uso en emergencia el 30-09-2022 en personas de 12 y más años, mediante Resolución Exenta N° 4306",PFI-CBOOB1-1,1,2024
CHL,2024-04-01,status_product_use,YES,MOC-SXBB-1,1,2024
CHL,2024-04-01,status_product_use,YES,PFI-COXBB-1,1,2024
CHL,2024-04-01,status_product_use,NO,ASZ-AZD1222-R1,1,2024
CHL,2024-04-01,status_product_use,NO,JAP-AD26-COV-2.5-1,1,2024
CHL,2024-04-01,status_product_use,NO,MOC-MRNA-1273-1,1,2024
CHL,2024-04-01,status_product_use,NO,PFI-COMIRNATY-1,1,2024
CHL,2024-04-01,status_product_use,NO,SIN-CORONAVAC-1,1,2024
CHL,2024-04-01,status_product_use,NO,CAB-AD5-NCOV19-1,1,2024
CHL,2024-04-01,status_product_use,NO,PFI-CBOOB1-1,1,2024
CHL,2024-07-01,date_product_start,2022-10-10T00:00:00Z,PFI-CBOOB1-1,2,2024
CHL,2024-07-01,date_product_start,2023-11-20T00:00:00Z,MOC-SXBB-1,2,2024
CHL,2024-07-01,date_product_start,2024-01-01T00:00:00Z,PFI-COXBB-1,2,2024
CHL,2024-07-01,date_product_start,2021-05-27T00:00:00Z,ASZ-AZD1222-R1,2,2024
CHL,2024-07-01,date_product_start,2022-02-02T11:23:56Z,MOC-MRNA-1273-1,2,2024
CHL,2024-07-01,date_product_start,2021-05-24T00:00:00Z,PFI-COMIRNATY-1,2,2024
CHL,2024-07-01,date_product_start,2021-02-03T00:00:00Z,SIN-CORONAVAC-1,2,2024
CHL,2024-07-01,date_product_start,2021-06-03T00:00:00Z,CAB-AD5-NCOV19-1,2,2024
CHL,2024-07-01,status_product_use,NO,PFI-CBOOB1-1,2,2024
CHL,2024-07-01,status_product_use,YES,MOC-SXBB-1,2,2024
CHL,2024-07-01,status_product_use,YES,PFI-COXBB-1,2,2024
CHL,2024-07-01,status_product_use,NO,ASZ-AZD1222-R1,2,2024
CHL,2024-07-01,status_product_use,NO,JAP-AD26-COV-2.5-1,2,2024
CHL,2024-07-01,status_product_use,NO,MOC-MRNA-1273-1,2,2024
CHL,2024-07-01,status_product_use,NO,PFI-COMIRNATY-1,2,2024
CHL,2024-07-01,status_product_use,NO,SIN-CORONAVAC-1,2,2024
CHL,2024-07-01,status_product_use,NO,CAB-AD5-NCOV19-1,2,2024
CHL,2024-07-01,comment,"ISP autoriza su uso en emergencia el 30-09-2022 en personas de 12 y más años, mediante Resolución Exenta N° 4306",PFI-CBOOB1-1,2,2024
CHL,2024-07-01,comment,Se autoriza mediante Resolución Exenta N° 1558 del 17-11-2023,MOC-SXBB-1,2,2024
CHL,2024-07-01,comment,Se autoriza mediante Resolución Exenta N° 1558 del 17-11-2023,PFI-COXBB-1,2,2024
CHL,2024-07-01,comment,"Autorizada para uso de emergencia para mayores de 18 años, en Chile se indico administrar solo a los hombres mayores de 18 años y hasta 44 años 11 meses 30 días.",ASZ-AZD1222-R1,2,2024
CHL,2024-07-01,comment,Se trata de un ensayo clínico puntual realizado por la U. Católica de Chile,JAP-AD26-COV-2.5-1,2,2024
CHL,2024-07-01,comment,Autorizada para uso en emergencia a personas mayores de 12 años,MOC-MRNA-1273-1,2,2024
CHL,2024-07-01,comment,Primera vacuna aprobada y autorizado para uso de emergencia en mayores de 16 años en Chile.,PFI-COMIRNATY-1,2,2024
CHL,2024-07-01,comment,"Autorizada para uso de emergencia para mayores de 18 años en Chile. Actualmente, también autorizada para uso infantil y adolescente entre 6 y 17 años.",SIN-CORONAVAC-1,2,2024
CHL,2024-07-01,comment,Autorizada para uso de emergencia para personas entre 18 a 60 años en Chile.,CAB-AD5-NCOV19-1,2,2024
CHL,2024-04-01,policy_vacc,YES,Older adults,1,2024
CHL,2024-04-01,policy_vacc,YES,Adults with chronic conditions,1,2024
CHL,2024-04-01,policy_vacc,YES,Pregnant women,1,2024
CHL,2024-04-01,policy_vacc,YES,Health and care workers,1,2024
CHL,2024-04-01,policy_vacc,YES,Children & adolescents,1,2024
CHL,2024-04-01,policy_vacc,YES,Child. & ado. with chronic conditions,1,2024
CHL,2024-04-01,policy_vacc,YES,Other groups,1,2024
CHL,2024-04-01,policy_comment,Se autoriza a personas de 60 años y más.,Older adults,1,2024
CHL,2024-04-01,policy_comment,"Desde los 12 años hasta los 59 años de edad, puesto que después la vacuna es universal.",Adults with chronic conditions,1,2024
CHL,2024-04-01,policy_comment,A partir de los 6 meses y hasta los 11 años de edad si no está vacunado con esquema primario completo de COVID-1,Children & adolescents,1,2024
CHL,2024-04-01,policy_comment,Se prioriza a inmunocomprometidos para refuerzo,Child. & ado. with chronic conditions,1,2024
CHL,2024-04-01,policy_comment,Pequeños grupos sin población conocida,Other groups,1,2024
CHL,2024-10-01,policy_comment,Se autoriza a personas de 60 años y más.,Older adults,3,2024
CHL,2024-10-01,policy_comment,"Desde los 12 años hasta los 59 años de edad, puesto que después la vacuna es universal.",Adults with chronic conditions,3,2024
CHL,2024-10-01,policy_comment,A partir de los 6 meses y hasta los 11 años de edad si no está vacunado con esquema primario completo de COVID-1,Children & adolescents,3,2024
CHL,2024-10-01,policy_comment,Se prioriza a inmunocomprometidos para refuerzo,Child. & ado. with chronic conditions,3,2024
CHL,2024-10-01,policy_comment,Pequeños grupos sin población conocida,Other groups,3,2024
CHL,2024-07-01,policy_vacc,YES,Older adults,2,2024
CHL,2024-07-01,policy_vacc,YES,Adults with chronic conditions,2,2024
CHL,2024-07-01,policy_vacc,YES,Pregnant women,2,2024
CHL,2024-07-01,policy_vacc,YES,Health and care workers,2,2024
CHL,2024-07-01,policy_vacc,YES,Children & adolescents,2,2024
CHL,2024-07-01,policy_vacc,YES,Child. & ado. with chronic conditions,2,2024
CHL,2024-07-01,policy_vacc,YES,Other groups,2,2024
CHL,2024-07-01,policy_comment,Se autoriza a personas de 60 años y más.,Older adults,2,2024
CHL,2024-07-01,policy_comment,"Desde los 12 años hasta los 59 años de edad, puesto que después la vacuna es universal.",Adults with chronic conditions,2,2024
CHL,2024-07-01,policy_comment,A partir de los 6 meses y hasta los 11 años de edad si no está vacunado con esquema primario completo de COVID-1,Children & adolescents,2,2024
CHL,2024-07-01,policy_comment,Se prioriza a inmunocomprometidos para refuerzo,Child. & ado. with chronic conditions,2,2024
CHL,2024-07-01,policy_comment,Pequeños grupos sin población conocida,Other groups,2,2024
CHL,2024-10-01,policy_vacc,YES,Older adults,3,2024
CHL,2024-10-01,policy_vacc,YES,Adults with chronic conditions,3,2024
CHL,2024-10-01,policy_vacc,YES,Pregnant women,3,2024
CHL,2024-10-01,policy_vacc,YES,Health and care workers,3,2024
CHL,2024-10-01,policy_vacc,YES,Children & adolescents,3,2024
CHL,2024-10-01,policy_vacc,YES,Child. & ado. with chronic conditions,3,2024
CHL,2024-10-01,policy_vacc,YES,Other groups,3,2024
CHL,2025-01-01,policy_comment,,Adults,4,2024
CHL,2025-01-01,policy_comment,,Child. & ado. with chronic conditions,4,2024
CHL,2025-01-01,policy_comment,,Children & adolescents,4,2024
CHL,2025-01-01,policy_comment,,Older adults with chronic conditions,4,2024
CHL,2025-01-01,policy_comment,,Other groups,4,2024
CHL,2025-01-01,policy_revacc,,Adults,4,2024
CHL,2025-01-01,policy_revacc,,Child. & ado. with chronic conditions,4,2024
CHL,2025-01-01,policy_revacc,,Children & adolescents,4,2024
CHL,2025-01-01,policy_revacc,,Older adults with chronic conditions,4,2024
CHL,2025-01-01,policy_revacc,,Other groups,4,2024
CHL,2025-01-01,policy_revacc_interval,,Adults,4,2024
CHL,2025-01-01,policy_revacc_interval,,Adults with chronic conditions,4,2024
CHL,2025-01-01,policy_revacc_interval,,Child. & ado. with chronic conditions,4,2024
CHL,2025-01-01,policy_revacc_interval,,Children & adolescents,4,2024
CHL,2025-01-01,policy_revacc_interval,,Health and care workers,4,2024
CHL,2025-01-01,policy_revacc_interval,,Older adults,4,2024
CHL,2025-01-01,policy_revacc_interval,,Older adults with chronic conditions,4,2024
CHL,2025-01-01,policy_revacc_interval,,Other groups,4,2024
CHL,2025-01-01,policy_revacc_interval,,Pregnant women,4,2024
CHL,2025-01-01,policy_vacc,,Adults,4,2024
CHL,2025-01-01,policy_vacc,,Child. & ado. with chronic conditions,4,2024
CHL,2025-01-01,policy_vacc,,Older adults with chronic conditions,4,2024
CHL,2025-01-01,policy_vacc,,Other groups,4,2024
CHL,2025-01-01,policy_comment,60 años y más,Older adults,4,2024
CHL,2025-01-01,policy_comment,6 meses a 59 años,Adults with chronic conditions,4,2024
CHL,2025-01-01,policy_comment,semana 28 de gestación,Pregnant women,4,2024
CHL,2025-01-01,policy_comment,públicos y privados,Health and care workers,4,2024
CHL,2025-01-01,policy_vacc,YES,Older adults,4,2024
CHL,2025-01-01,policy_vacc,YES,Adults with chronic conditions,4,2024
CHL,2025-01-01,policy_vacc,YES,Pregnant women,4,2024
CHL,2025-01-01,policy_vacc,YES,Health and care workers,4,2024
CHL,2025-01-01,policy_vacc,NO,Children & adolescents,4,2024
CHL,2025-01-01,policy_revacc,YES,Older adults,4,2024
CHL,2025-01-01,policy_revacc,YES,Adults with chronic conditions,4,2024
CHL,2025-01-01,policy_revacc,YES,Pregnant women,4,2024
CHL,2025-01-01,policy_revacc,YES,Health and care workers,4,2024
CHL,2024-10-01,date_product_start,2022-10-10T00:00:00Z,PFI-CBOOB1-1,3,2024
CHL,2024-10-01,date_product_start,2023-11-20T00:00:00Z,MOC-SXBB-1,3,2024
CHL,2024-10-01,date_product_start,2024-01-01T00:00:00Z,PFI-COXBB-1,3,2024
CHL,2024-10-01,date_product_start,2021-05-27T00:00:00Z,ASZ-AZD1222-R1,3,2024
CHL,2024-10-01,date_product_start,2022-02-02T11:23:56Z,MOC-MRNA-1273-1,3,2024
CHL,2024-10-01,date_product_start,2021-05-24T00:00:00Z,PFI-COMIRNATY-1,3,2024
CHL,2024-10-01,date_product_start,2021-02-03T00:00:00Z,SIN-CORONAVAC-1,3,2024
CHL,2024-10-01,date_product_start,2021-06-03T00:00:00Z,CAB-AD5-NCOV19-1,3,2024
CHL,2024-10-01,comment,"ISP autoriza su uso en emergencia el 30-09-2022 en personas de 12 y más años, mediante Resolución Exenta N° 4306",PFI-CBOOB1-1,3,2024
CHL,2024-10-01,comment,Se autoriza mediante Resolución Exenta N° 1558 del 17-11-2023,MOC-SXBB-1,3,2024
CHL,2024-10-01,comment,Se autoriza mediante Resolución Exenta N° 1558 del 17-11-2023,PFI-COXBB-1,3,2024
CHL,2024-10-01,comment,"Autorizada para uso de emergencia para mayores de 18 años, en Chile se indico administrar solo a los hombres mayores de 18 años y hasta 44 años 11 meses 30 días.",ASZ-AZD1222-R1,3,2024
CHL,2024-10-01,comment,Se trata de un ensayo clínico puntual realizado por la U. Católica de Chile,JAP-AD26-COV-2.5-1,3,2024
CHL,2024-10-01,comment,Autorizada para uso en emergencia a personas mayores de 12 años,MOC-MRNA-1273-1,3,2024
CHL,2024-10-01,comment,Primera vacuna aprobada y autorizado para uso de emergencia en mayores de 16 años en Chile.,PFI-COMIRNATY-1,3,2024
CHL,2024-10-01,comment,"Autorizada para uso de emergencia para mayores de 18 años en Chile. Actualmente, también autorizada para uso infantil y adolescente entre 6 y 17 años.",SIN-CORONAVAC-1,3,2024
CHL,2024-10-01,comment,Autorizada para uso de emergencia para personas entre 18 a 60 años en Chile.,CAB-AD5-NCOV19-1,3,2024
CHL,2024-10-01,status_product_use,NO,PFI-CBOOB1-1,3,2024
CHL,2024-10-01,status_product_use,YES,MOC-SXBB-1,3,2024
CHL,2024-10-01,status_product_use,YES,PFI-COXBB-1,3,2024
CHL,2024-10-01,status_product_use,NO,ASZ-AZD1222-R1,3,2024
CHL,2024-10-01,status_product_use,NO,JAP-AD26-COV-2.5-1,3,2024
CHL,2024-10-01,status_product_use,NO,MOC-MRNA-1273-1,3,2024
CHL,2024-10-01,status_product_use,NO,PFI-COMIRNATY-1,3,2024
CHL,2024-10-01,status_product_use,NO,SIN-CORONAVAC-1,3,2024
CHL,2024-10-01,status_product_use,NO,CAB-AD5-NCOV19-1,3,2024
KWT,2025-01-01,policy_comment,,Adults,4,2024
KWT,2025-01-01,policy_comment,,Adults with chronic conditions,4,2024
KWT,2025-01-01,policy_comment,,Child. & ado. with chronic conditions,4,2024
KWT,2025-01-01,policy_comment,,Children & adolescents,4,2024
KWT,2025-01-01,policy_comment,,Health and care workers,4,2024
KWT,2025-01-01,policy_comment,,Older adults,4,2024
KWT,2025-01-01,policy_comment,,Older adults with chronic conditions,4,2024
KWT,2025-01-01,policy_comment,,Pregnant women,4,2024
KWT,2025-01-01,policy_revacc_interval,,Adults,4,2024
KWT,2025-01-01,policy_revacc_interval,,Children & adolescents,4,2024
KWT,2025-01-01,policy_comment,"Other groups (e.g: Food handlers, public service workers)",Other groups,4,2024
KWT,2025-01-01,policy_vacc,YES,Older adults,4,2024
KWT,2025-01-01,policy_vacc,YES,Older adults with chronic conditions,4,2024
KWT,2025-01-01,policy_vacc,YES,Adults,4,2024
KWT,2025-01-01,policy_vacc,YES,Health and care workers,4,2024
KWT,2025-01-01,policy_vacc,YES,Children & adolescents,4,2024
KWT,2025-01-01,policy_vacc,YES,Child. & ado. with chronic conditions,4,2024
KWT,2025-01-01,policy_vacc,YES,Pregnant women,4,2024
KWT,2025-01-01,policy_vacc,YES,Other groups,4,2024
KWT,2025-01-01,policy_vacc,YES,Adults with chronic conditions,4,2024
KWT,2025-01-01,policy_revacc_interval,OTHER,Older adults,4,2024
KWT,2025-01-01,policy_revacc_interval,OTHER,Older adults with chronic conditions,4,2024
KWT,2025-01-01,policy_revacc_interval,OTHER,Health and care workers,4,2024
KWT,2025-01-01,policy_revacc_interval,OTHER,Child. & ado. with chronic conditions,4,2024
KWT,2025-01-01,policy_revacc_interval,OTHER,Pregnant women,4,2024
KWT,2025-01-01,policy_revacc_interval,OTHER,Other groups,4,2024
KWT,2025-01-01,policy_revacc_interval,OTHER,Adults with chronic conditions,4,2024
KWT,2025-01-01,policy_revacc,YES,Older adults,4,2024
KWT,2025-01-01,policy_revacc,YES,Older adults with chronic conditions,4,2024
KWT,2025-01-01,policy_revacc,NO,Adults,4,2024
KWT,2025-01-01,policy_revacc,YES,Health and care workers,4,2024
KWT,2025-01-01,policy_revacc,NO,Children & adolescents,4,2024
KWT,2025-01-01,policy_revacc,YES,Child. & ado. with chronic conditions,4,2024
KWT,2025-01-01,policy_revacc,YES,Pregnant women,4,2024
KWT,2025-01-01,policy_revacc,YES,Other groups,4,2024
KWT,2025-01-01,policy_revacc,YES,Adults with chronic conditions,4,2024
KWT,2024-04-01,policy_vacc,YES,Older adults,1,2024
KWT,2024-04-01,policy_vacc,YES,Older adults with chronic conditions,1,2024
KWT,2024-04-01,policy_vacc,YES,Adults,1,2024
KWT,2024-04-01,policy_vacc,YES,Adults with chronic conditions,1,2024
KWT,2024-04-01,policy_vacc,YES,Pregnant women,1,2024
KWT,2024-04-01,policy_vacc,YES,Health and care workers,1,2024
KWT,2024-04-01,policy_vacc,YES,Children & adolescents,1,2024
KWT,2024-04-01,policy_vacc,YES,Child. & ado. with chronic conditions,1,2024
KWT,2024-04-01,policy_revacc,YES,Older adults,1,2024
KWT,2024-04-01,policy_revacc,YES,Older adults with chronic conditions,1,2024
KWT,2024-04-01,policy_revacc,YES,Adults,1,2024
KWT,2024-04-01,policy_revacc,YES,Adults with chronic conditions,1,2024
KWT,2024-04-01,policy_revacc,YES,Pregnant women,1,2024
KWT,2024-04-01,policy_revacc,YES,Health and care workers,1,2024
KWT,2024-04-01,policy_revacc,YES,Children & adolescents,1,2024
KWT,2024-04-01,policy_revacc,YES,Child. & ado. with chronic conditions,1,2024
KWT,2024-04-01,status_product_use,YES,MOC-SXBB-1,1,2024
KWT,2024-04-01,date_product_start,2023-11-01T00:00:00Z,MOC-SXBB-1,1,2024
BLZ,2024-04-01,date_product_start,2024-01-26T00:00:00Z,PFI-CBOOB1-2,1,2024
BLZ,2024-04-01,status_product_use,YES,PFI-CBOOB1-2,1,2024
BLZ,2024-04-01,comment,"4,800 Pfizer donated by the US Embassy",PFI-CBOOB1-2,1,2024
BLZ,2024-04-01,policy_vacc,YES,Older adults,1,2024
BLZ,2024-04-01,policy_vacc,YES,Older adults with chronic conditions,1,2024
BLZ,2024-04-01,policy_vacc,YES,Adults,1,2024
BLZ,2024-04-01,policy_vacc,YES,Adults with chronic conditions,1,2024
BLZ,2024-04-01,policy_vacc,YES,Pregnant women,1,2024
BLZ,2024-04-01,policy_vacc,YES,Health and care workers,1,2024
BLZ,2024-04-01,policy_vacc,YES,Children & adolescents,1,2024
BLZ,2024-04-01,policy_vacc,YES,Child. & ado. with chronic conditions,1,2024
BLZ,2024-04-01,policy_revacc,YES,Older adults,1,2024
BLZ,2024-04-01,policy_revacc,YES,Older adults with chronic conditions,1,2024
BLZ,2024-04-01,policy_revacc,NO,Adults,1,2024
BLZ,2024-04-01,policy_revacc,YES,Adults with chronic conditions,1,2024
BLZ,2024-04-01,policy_revacc,YES,Pregnant women,1,2024
BLZ,2024-04-01,policy_revacc,YES,Health and care workers,1,2024
BLZ,2024-04-01,policy_revacc,NO,Children & adolescents,1,2024
BLZ,2024-04-01,policy_revacc,YES,Child. & ado. with chronic conditions,1,2024
BLZ,2024-04-01,policy_comment,Not routinely recommended,Adults,1,2024
BLZ,2024-04-01,policy_revacc_interval,6 -12 months,Older adults,1,2024
BLZ,2024-04-01,policy_revacc_interval,6- 12 months,Older adults with chronic conditions,1,2024
BLZ,2024-04-01,policy_revacc_interval,6-12 months,Adults with chronic conditions,1,2024
BLZ,2024-04-01,policy_revacc_interval,single dose in each Pregnancy,Pregnant women,1,2024
BLZ,2024-04-01,policy_revacc_interval,6- 12 months,Health and care workers,1,2024
BLZ,2024-04-01,policy_revacc_interval,6-12 months,Child. & ado. with chronic conditions,1,2024
BLZ,2024-10-01,policy_revacc,YES,Pregnant women,3,2024
BLZ,2024-10-01,policy_revacc,YES,Health and care workers,3,2024
BLZ,2024-10-01,policy_revacc,NO,Children & adolescents,3,2024
BLZ,2024-10-01,policy_revacc,YES,Child. & ado. with chronic conditions,3,2024
BLZ,2024-10-01,policy_revacc,YES,Older adults,3,2024
BLZ,2024-10-01,policy_revacc,YES,Older adults with chronic conditions,3,2024
BLZ,2024-10-01,policy_revacc,NO,Adults,3,2024
BLZ,2024-10-01,policy_revacc,YES,Adults with chronic conditions,3,2024
BLZ,2024-10-01,policy_vacc,YES,Pregnant women,3,2024
BLZ,2024-10-01,policy_vacc,YES,Health and care workers,3,2024
BLZ,2024-10-01,policy_vacc,YES,Children & adolescents,3,2024
BLZ,2024-10-01,policy_vacc,YES,Child. & ado. with chronic conditions,3,2024
BLZ,2024-10-01,policy_vacc,YES,Older adults,3,2024
BLZ,2024-10-01,policy_vacc,YES,Older adults with chronic conditions,3,2024
BLZ,2024-10-01,policy_vacc,YES,Adults,3,2024
BLZ,2024-10-01,policy_vacc,YES,Adults with chronic conditions,3,2024
BLZ,2024-10-01,policy_revacc_interval,single dose in each Pregnancy,Pregnant women,3,2024
BLZ,2024-10-01,policy_revacc_interval,6- 12 months,Health and care workers,3,2024
BLZ,2024-10-01,policy_revacc_interval,6-12 months,Child. & ado. with chronic conditions,3,2024
BLZ,2024-10-01,policy_revacc_interval,6 -12 months,Older adults,3,2024
BLZ,2024-10-01,policy_revacc_interval,6- 12 months,Older adults with chronic conditions,3,2024
BLZ,2024-10-01,policy_revacc_interval,6-12 months,Adults with chronic conditions,3,2024
BLZ,2024-10-01,policy_comment,Not routinely recommended,Adults,3,2024
BLZ,2024-07-01,policy_vacc,YES,Older adults,2,2024
BLZ,2024-07-01,policy_vacc,YES,Older adults with chronic conditions,2,2024
BLZ,2024-07-01,policy_vacc,YES,Adults,2,2024
BLZ,2024-07-01,policy_vacc,YES,Adults with chronic conditions,2,2024
BLZ,2024-07-01,policy_vacc,YES,Pregnant women,2,2024
BLZ,2024-07-01,policy_vacc,YES,Health and care workers,2,2024
BLZ,2024-07-01,policy_vacc,YES,Children & adolescents,2,2024
BLZ,2024-07-01,policy_vacc,YES,Child. & ado. with chronic conditions,2,2024
BLZ,2024-07-01,policy_revacc,YES,Older adults,2,2024
BLZ,2024-07-01,policy_revacc,YES,Older adults with chronic conditions,2,2024
BLZ,2024-07-01,policy_revacc,NO,Adults,2,2024
BLZ,2024-07-01,policy_revacc,YES,Adults with chronic conditions,2,2024
BLZ,2024-07-01,policy_revacc,YES,Pregnant women,2,2024
BLZ,2024-07-01,policy_revacc,YES,Health and care workers,2,2024
BLZ,2024-07-01,policy_revacc,NO,Children & adolescents,2,2024
BLZ,2024-07-01,policy_revacc,YES,Child. & ado. with chronic conditions,2,2024
BLZ,2024-07-01,policy_revacc_interval,6 -12 months,Older adults,2,2024
BLZ,2024-07-01,policy_revacc_interval,6- 12 months,Older adults with chronic conditions,2,2024
BLZ,2024-07-01,policy_revacc_interval,6-12 months,Adults with chronic conditions,2,2024
BLZ,2024-07-01,policy_revacc_interval,single dose in each Pregnancy,Pregnant women,2,2024
BLZ,2024-07-01,policy_revacc_interval,6- 12 months,Health and care workers,2,2024
BLZ,2024-07-01,policy_revacc_interval,6-12 months,Child. & ado. with chronic conditions,2,2024
BLZ,2024-07-01,policy_comment,Not routinely recommended,Adults,2,2024
BLZ,2024-07-01,date_product_start,2024-01-26T00:00:00Z,PFI-CBOOB1-2,2,2024
BLZ,2024-07-01,status_product_use,YES,PFI-CBOOB1-2,2,2024
BLZ,2024-07-01,comment,"4,800 Pfizer donated by the US Embassy",PFI-CBOOB1-2,2,2024
BLZ,2025-01-01,policy_comment,Not routinely recommended,Adults,4,2024
BLZ,2025-01-01,policy_comment,Single dose in each pregnancy,Pregnant women,4,2024
BLZ,2025-01-01,policy_revacc_interval,6_MONTHS,Adults with chronic conditions,4,2024
BLZ,2025-01-01,policy_revacc_interval,6_MONTHS,Older adults,4,2024
BLZ,2025-01-01,policy_revacc_interval,6_MONTHS,Health and care workers,4,2024
BLZ,2025-01-01,policy_revacc_interval,6_MONTHS,Older adults with chronic conditions,4,2024
BLZ,2025-01-01,policy_revacc_interval,OTHER,Pregnant women,4,2024
BLZ,2025-01-01,policy_vacc,YES,Adults,4,2024
BLZ,2025-01-01,policy_vacc,YES,Adults with chronic conditions,4,2024
BLZ,2025-01-01,policy_vacc,YES,Older adults,4,2024
BLZ,2025-01-01,policy_vacc,YES,Health and care workers,4,2024
BLZ,2025-01-01,policy_vacc,YES,Children & adolescents,4,2024
BLZ,2025-01-01,policy_vacc,YES,Child. & ado. with chronic conditions,4,2024
BLZ,2025-01-01,policy_vacc,YES,Older adults with chronic conditions,4,2024
BLZ,2025-01-01,policy_vacc,YES,Pregnant women,4,2024
BLZ,2025-01-01,policy_revacc,NO,Adults,4,2024
BLZ,2025-01-01,policy_revacc,YES,Adults with chronic conditions,4,2024
BLZ,2025-01-01,policy_revacc,YES,Older adults,4,2024
BLZ,2025-01-01,policy_revacc,YES,Health and care workers,4,2024
BLZ,2025-01-01,policy_revacc,NO,Children & adolescents,4,2024
BLZ,2025-01-01,policy_revacc,NO,Child. & ado. with chronic conditions,4,2024
BLZ,2025-01-01,policy_revacc,YES,Older adults with chronic conditions,4,2024
BLZ,2025-01-01,policy_revacc,YES,Pregnant women,4,2024
BLZ,2025-01-01,policy_comment,,Adults with chronic conditions,4,2024
BLZ,2025-01-01,policy_comment,,Child. & ado. with chronic conditions,4,2024
BLZ,2025-01-01,policy_comment,,Children & adolescents,4,2024
BLZ,2025-01-01,policy_comment,,Health and care workers,4,2024
BLZ,2025-01-01,policy_comment,,Older adults,4,2024
BLZ,2025-01-01,policy_comment,,Older adults with chronic conditions,4,2024
BLZ,2025-01-01,policy_comment,,Other groups,4,2024
BLZ,2025-01-01,policy_revacc,,Other groups,4,2024
BLZ,2025-01-01,policy_revacc_interval,,Adults,4,2024
BLZ,2025-01-01,policy_revacc_interval,,Child. & ado. with chronic conditions,4,2024
BLZ,2025-01-01,policy_revacc_interval,,Children & adolescents,4,2024
BLZ,2025-01-01,policy_revacc_interval,,Other groups,4,2024
BLZ,2025-01-01,policy_vacc,,Other groups,4,2024
BLZ,2024-10-01,date_product_start,2024-01-26T00:00:00Z,PFI-CBOOB1-2,3,2024
BLZ,2024-10-01,status_product_use,YES,PFI-CBOOB1-2,3,2024
BLZ,2024-10-01,comment,"4,800 Pfizer donated by the US Embassy",PFI-CBOOB1-2,3,2024
SSD,2025-01-01,policy_revacc_interval,6_MONTHS,Older adults,4,2024
SSD,2025-01-01,policy_revacc_interval,6_MONTHS,Health and care workers,4,2024
SSD,2025-01-01,policy_revacc_interval,6_MONTHS,Older adults with chronic conditions,4,2024
SSD,2025-01-01,policy_revacc_interval,6_MONTHS,Adults,4,2024
SSD,2025-01-01,policy_revacc_interval,6_MONTHS,Adults with chronic conditions,4,2024
SSD,2025-01-01,policy_revacc_interval,6_MONTHS,Pregnant women,4,2024
SSD,2025-01-01,policy_vacc,YES,Older adults,4,2024
SSD,2025-01-01,policy_vacc,YES,Health and care workers,4,2024
SSD,2025-01-01,policy_vacc,YES,Older adults with chronic conditions,4,2024
SSD,2025-01-01,policy_vacc,YES,Adults,4,2024
SSD,2025-01-01,policy_vacc,YES,Adults with chronic conditions,4,2024
SSD,2025-01-01,policy_vacc,YES,Pregnant women,4,2024
SSD,2025-01-01,policy_revacc,YES,Older adults,4,2024
SSD,2025-01-01,policy_revacc,YES,Health and care workers,4,2024
SSD,2025-01-01,policy_revacc,YES,Older adults with chronic conditions,4,2024
SSD,2025-01-01,policy_revacc,YES,Adults,4,2024
SSD,2025-01-01,policy_revacc,YES,Adults with chronic conditions,4,2024
SSD,2025-01-01,policy_revacc,YES,Pregnant women,4,2024
SSD,2025-01-01,policy_comment,,Adults,4,2024
SSD,2025-01-01,policy_comment,,Adults with chronic conditions,4,2024
SSD,2025-01-01,policy_comment,,Child. & ado. with chronic conditions,4,2024
SSD,2025-01-01,policy_comment,,Children & adolescents,4,2024
SSD,2025-01-01,policy_comment,,Health and care workers,4,2024
SSD,2025-01-01,policy_comment,,Older adults,4,2024
SSD,2025-01-01,policy_comment,,Older adults with chronic conditions,4,2024
SSD,2025-01-01,policy_comment,,Other groups,4,2024
SSD,2025-01-01,policy_comment,,Pregnant women,4,2024
SSD,2025-01-01,policy_revacc,,Child. & ado. with chronic conditions,4,2024
SSD,2025-01-01,policy_revacc,,Children & adolescents,4,2024
SSD,2025-01-01,policy_revacc,,Other groups,4,2024
SSD,2025-01-01,policy_revacc_interval,,Child. & ado. with chronic conditions,4,2024
SSD,2025-01-01,policy_revacc_interval,,Children & adolescents,4,2024
SSD,2025-01-01,policy_revacc_interval,,Other groups,4,2024
SSD,2025-01-01,policy_vacc,,Child. & ado. with chronic conditions,4,2024
SSD,2025-01-01,policy_vacc,,Children & adolescents,4,2024
SSD,2025-01-01,policy_vacc,,Other groups,4,2024
CPV,2025-01-01,policy_comment,,Adults,4,2024
CPV,2025-01-01,policy_comment,,Adults with chronic conditions,4,2024
CPV,2025-01-01,policy_comment,,Child. & ado. with chronic conditions,4,2024
CPV,2025-01-01,policy_comment,,Children & adolescents,4,2024
CPV,2025-01-01,policy_comment,,Health and care workers,4,2024
CPV,2025-01-01,policy_comment,,Older adults,4,2024
CPV,2025-01-01,policy_comment,,Older adults with chronic conditions,4,2024
CPV,2025-01-01,policy_comment,,Other groups,4,2024
CPV,2025-01-01,policy_comment,,Pregnant women,4,2024
CPV,2025-01-01,policy_revacc,,Adults,4,2024
CPV,2025-01-01,policy_revacc,,Adults with chronic conditions,4,2024
CPV,2025-01-01,policy_revacc,,Child. & ado. with chronic conditions,4,2024
CPV,2025-01-01,policy_revacc,,Children & adolescents,4,2024
CPV,2025-01-01,policy_revacc,,Health and care workers,4,2024
CPV,2025-01-01,policy_revacc,,Older adults,4,2024
CPV,2025-01-01,policy_revacc,,Older adults with chronic conditions,4,2024
CPV,2025-01-01,policy_revacc,,Other groups,4,2024
CPV,2025-01-01,policy_revacc,,Pregnant women,4,2024
CPV,2025-01-01,policy_revacc_interval,,Adults,4,2024
CPV,2025-01-01,policy_revacc_interval,,Adults with chronic conditions,4,2024
CPV,2025-01-01,policy_revacc_interval,,Child. & ado. with chronic conditions,4,2024
CPV,2025-01-01,policy_revacc_interval,,Children & adolescents,4,2024
CPV,2025-01-01,policy_revacc_interval,,Health and care workers,4,2024
CPV,2025-01-01,policy_revacc_interval,,Older adults,4,2024
CPV,2025-01-01,policy_revacc_interval,,Older adults with chronic conditions,4,2024
CPV,2025-01-01,policy_revacc_interval,,Other groups,4,2024
CPV,2025-01-01,policy_revacc_interval,,Pregnant women,4,2024
CPV,2025-01-01,policy_vacc,,Adults,4,2024
CPV,2025-01-01,policy_vacc,,Adults with chronic conditions,4,2024
CPV,2025-01-01,policy_vacc,,Child. & ado. with chronic conditions,4,2024
CPV,2025-01-01,policy_vacc,,Children & adolescents,4,2024
CPV,2025-01-01,policy_vacc,,Health and care workers,4,2024
CPV,2025-01-01,policy_vacc,,Older adults,4,2024
CPV,2025-01-01,policy_vacc,,Older adults with chronic conditions,4,2024
CPV,2025-01-01,policy_vacc,,Other groups,4,2024
CPV,2025-01-01,policy_vacc,,Pregnant women,4,2024
CRI,2025-01-01,policy_revacc,YES,Older adults,4,2024
CRI,2025-01-01,policy_revacc,YES,Older adults with chronic conditions,4,2024
CRI,2025-01-01,policy_revacc,YES,Adults,4,2024
CRI,2025-01-01,policy_revacc,YES,Adults with chronic conditions,4,2024
CRI,2025-01-01,policy_revacc,YES,Pregnant women,4,2024
CRI,2025-01-01,policy_revacc,YES,Health and care workers,4,2024
CRI,2025-01-01,policy_revacc,YES,Children & adolescents,4,2024
CRI,2025-01-01,policy_revacc,YES,Child. & ado. with chronic conditions,4,2024
CRI,2025-01-01,policy_revacc,YES,Other groups,4,2024
CRI,2025-01-01,policy_vacc,YES,Older adults,4,2024
CRI,2025-01-01,policy_vacc,YES,Older adults with chronic conditions,4,2024
CRI,2025-01-01,policy_vacc,YES,Adults,4,2024
CRI,2025-01-01,policy_vacc,YES,Adults with chronic conditions,4,2024
CRI,2025-01-01,policy_vacc,YES,Pregnant women,4,2024
CRI,2025-01-01,policy_vacc,YES,Health and care workers,4,2024
CRI,2025-01-01,policy_vacc,YES,Children & adolescents,4,2024
CRI,2025-01-01,policy_vacc,YES,Child. & ado. with chronic conditions,4,2024
CRI,2025-01-01,policy_vacc,YES,Other groups,4,2024
CRI,2025-01-01,policy_comment,Vacunación no es obligatoria,Older adults,4,2024
CRI,2025-01-01,policy_comment,Vacunación no es obligatoria,Older adults with chronic conditions,4,2024
CRI,2025-01-01,policy_comment,Vacunación no es obligatoria,Adults,4,2024
CRI,2025-01-01,policy_comment,Vacunación no es obligatoria,Adults with chronic conditions,4,2024
CRI,2025-01-01,policy_comment,Vacunación no es obligatoria,Pregnant women,4,2024
CRI,2025-01-01,policy_comment,Vacunación no es obligatoria,Health and care workers,4,2024
CRI,2025-01-01,policy_comment,Vacunación no es obligatoria,Children & adolescents,4,2024
CRI,2025-01-01,policy_comment,Vacunación no es obligatoria,Child. & ado. with chronic conditions,4,2024
CRI,2025-01-01,policy_comment,Vacunación no es obligatoria,Other groups,4,2024
CRI,2025-01-01,policy_revacc_interval,12_MONTHS,Older adults,4,2024
CRI,2025-01-01,policy_revacc_interval,12_MONTHS,Older adults with chronic conditions,4,2024
CRI,2025-01-01,policy_revacc_interval,12_MONTHS,Adults,4,2024
CRI,2025-01-01,policy_revacc_interval,12_MONTHS,Adults with chronic conditions,4,2024
CRI,2025-01-01,policy_revacc_interval,12_MONTHS,Pregnant women,4,2024
CRI,2025-01-01,policy_revacc_interval,12_MONTHS,Health and care workers,4,2024
CRI,2025-01-01,policy_revacc_interval,12_MONTHS,Children & adolescents,4,2024
CRI,2025-01-01,policy_revacc_interval,12_MONTHS,Child. & ado. with chronic conditions,4,2024
CRI,2025-01-01,policy_revacc_interval,12_MONTHS,Other groups,4,2024
CRI,2024-10-01,comment,La vacunación NO es obligatoria para ningún rango de edad o comorbilidad. No hay aceptación por parte de la población,MOC-SXBB-1,3,2024
CRI,2024-10-01,comment,solo en 2021,ASZ-AZD1222-1,3,2024
CRI,2024-10-01,comment,una única donación,MOC-MRNA-1273-1,3,2024
CRI,2024-10-01,date_product_start,2024-04-20T00:00:00Z,MOC-SXBB-1,3,2024
CRI,2024-10-01,date_product_start,2023-05-22T10:01:00Z,PFI-CBOOB1-2,3,2024
CRI,2024-10-01,date_product_start,2021-04-19T00:00:00Z,ASZ-AZD1222-1,3,2024
CRI,2024-10-01,date_product_start,2022-02-22T00:00:00Z,MOC-MRNA-1273-1,3,2024
CRI,2024-10-01,date_product_start,2020-12-24T00:00:00Z,PFI-COMIRNATY-1,3,2024
CRI,2024-10-01,status_product_use,YES,MOC-SXBB-1,3,2024
CRI,2024-10-01,status_product_use,NO,PFI-CBOOB1-2,3,2024
CRI,2024-10-01,status_product_use,NO,ASZ-AZD1222-1,3,2024
CRI,2024-10-01,status_product_use,NO,MOC-MRNA-1273-1,3,2024
CRI,2024-10-01,status_product_use,NO,PFI-COMIRNATY-1,3,2024
CRI,2024-10-01,policy_comment,Vacuna Moderna XBB1.5,Older adults,3,2024
CRI,2024-10-01,policy_comment,Vacuna Moderna XBB1.5,Older adults with chronic conditions,3,2024
CRI,2024-10-01,policy_comment,Vacuna Moderna XBB1.5,Adults,3,2024
CRI,2024-10-01,policy_comment,Vacuna Moderna XBB1.5,Adults with chronic conditions,3,2024
CRI,2024-10-01,policy_comment,Vacuna Moderna XBB1.5,Pregnant women,3,2024
CRI,2024-10-01,policy_comment,Vacuna Moderna XBB1.5,Health and care workers,3,2024
CRI,2024-10-01,policy_comment,Vacuna Moderna XBB1.5,Children & adolescents,3,2024
CRI,2024-10-01,policy_comment,Vacuna Moderna XBB1.5,Child. & ado. with chronic conditions,3,2024
CRI,2024-10-01,policy_comment,Vacuna Moderna XBB1.5,Other groups,3,2024
CRI,2024-10-01,policy_revacc,YES,Older adults,3,2024
CRI,2024-10-01,policy_revacc,YES,Older adults with chronic conditions,3,2024
CRI,2024-10-01,policy_revacc,YES,Adults,3,2024
CRI,2024-10-01,policy_revacc,YES,Adults with chronic conditions,3,2024
CRI,2024-10-01,policy_revacc,YES,Pregnant women,3,2024
CRI,2024-10-01,policy_revacc,YES,Health and care workers,3,2024
CRI,2024-10-01,policy_revacc,YES,Children & adolescents,3,2024
CRI,2024-10-01,policy_revacc,YES,Child. & ado. with chronic conditions,3,2024
CRI,2024-10-01,policy_revacc,YES,Other groups,3,2024
CRI,2024-10-01,policy_vacc,YES,Older adults,3,2024
CRI,2024-10-01,policy_vacc,YES,Older adults with chronic conditions,3,2024
CRI,2024-10-01,policy_vacc,YES,Adults,3,2024
CRI,2024-10-01,policy_vacc,YES,Adults with chronic conditions,3,2024
CRI,2024-10-01,policy_vacc,YES,Pregnant women,3,2024
CRI,2024-10-01,policy_vacc,YES,Health and care workers,3,2024
CRI,2024-10-01,policy_vacc,YES,Children & adolescents,3,2024
CRI,2024-10-01,policy_vacc,YES,Child. & ado. with chronic conditions,3,2024
CRI,2024-10-01,policy_vacc,YES,Other groups,3,2024
CRI,2024-10-01,policy_revacc_interval,anual,Older adults,3,2024
CRI,2024-10-01,policy_revacc_interval,anual,Older adults with chronic conditions,3,2024
CRI,2024-10-01,policy_revacc_interval,anual,Adults,3,2024
CRI,2024-10-01,policy_revacc_interval,anual,Adults with chronic conditions,3,2024
CRI,2024-10-01,policy_revacc_interval,anual,Pregnant women,3,2024
CRI,2024-10-01,policy_revacc_interval,anual,Health and care workers,3,2024
CRI,2024-10-01,policy_revacc_interval,anual,Children & adolescents,3,2024
CRI,2024-10-01,policy_revacc_interval,anual,Child. & ado. with chronic conditions,3,2024
CRI,2024-10-01,policy_revacc_interval,anual,Other groups,3,2024
CRI,2024-04-01,policy_vacc,YES,Older adults,1,2024
CRI,2024-04-01,policy_vacc,YES,Older adults with chronic conditions,1,2024
CRI,2024-04-01,policy_vacc,YES,Adults,1,2024
CRI,2024-04-01,policy_vacc,YES,Adults with chronic conditions,1,2024
CRI,2024-04-01,policy_vacc,YES,Pregnant women,1,2024
CRI,2024-04-01,policy_vacc,YES,Health and care workers,1,2024
CRI,2024-04-01,policy_vacc,YES,Children & adolescents,1,2024
CRI,2024-04-01,policy_vacc,YES,Child. & ado. with chronic conditions,1,2024
CRI,2024-04-01,policy_vacc,YES,Other groups,1,2024
CRI,2024-04-01,policy_revacc,YES,Older adults,1,2024
CRI,2024-04-01,policy_revacc,YES,Older adults with chronic conditions,1,2024
CRI,2024-04-01,policy_revacc,YES,Adults,1,2024
CRI,2024-04-01,policy_revacc,YES,Adults with chronic conditions,1,2024
CRI,2024-04-01,policy_revacc,YES,Pregnant women,1,2024
CRI,2024-04-01,policy_revacc,YES,Health and care workers,1,2024
CRI,2024-04-01,policy_revacc,YES,Children & adolescents,1,2024
CRI,2024-04-01,policy_revacc,YES,Child. & ado. with chronic conditions,1,2024
CRI,2024-04-01,policy_revacc,YES,Other groups,1,2024
CRI,2024-04-01,policy_revacc_interval,anual,Older adults,1,2024
CRI,2024-04-01,policy_revacc_interval,anual,Older adults with chronic conditions,1,2024
CRI,2024-04-01,policy_revacc_interval,anual,Adults,1,2024
CRI,2024-04-01,policy_revacc_interval,anual,Adults with chronic conditions,1,2024
CRI,2024-04-01,policy_revacc_interval,anual,Pregnant women,1,2024
CRI,2024-04-01,policy_revacc_interval,anual,Health and care workers,1,2024
CRI,2024-04-01,policy_revacc_interval,anual,Children & adolescents,1,2024
CRI,2024-04-01,policy_revacc_interval,anual,Child. & ado. with chronic conditions,1,2024
CRI,2024-04-01,policy_revacc_interval,anual,Other groups,1,2024
CRI,2024-04-01,policy_comment,"Actualmente en espera de ingreso de vacuna XBB 1.5, disponible vacuna bivalente para completar esquemas",Older adults,1,2024
CRI,2024-04-01,policy_comment,"Actualmente en espera de ingreso de vacuna XBB 1.5, disponible vacuna bivalente para completar esquemas",Older adults with chronic conditions,1,2024
CRI,2024-04-01,policy_comment,"Actualmente en espera de ingreso de vacuna XBB 1.5, disponible vacuna bivalente para completar esquemas",Adults,1,2024
CRI,2024-04-01,policy_comment,"Actualmente en espera de ingreso de vacuna XBB 1.5, disponible vacuna bivalente para completar esquemas",Adults with chronic conditions,1,2024
CRI,2024-04-01,policy_comment,"Actualmente en espera de ingreso de vacuna XBB 1.5, disponible vacuna bivalente para completar esquemas",Pregnant women,1,2024
CRI,2024-04-01,policy_comment,"Actualmente en espera de ingreso de vacuna XBB 1.5, disponible vacuna bivalente para completar esquemas",Health and care workers,1,2024
CRI,2024-04-01,policy_comment,"Actualmente en espera de ingreso de vacuna XBB 1.5, disponible vacuna bivalente para completar esquemas",Children & adolescents,1,2024
CRI,2024-04-01,policy_comment,"Actualmente en espera de ingreso de vacuna XBB 1.5, disponible vacuna bivalente para completar esquemas",Child. & ado. with chronic conditions,1,2024
CRI,2024-04-01,policy_comment,"Actualmente en espera de ingreso de vacuna XBB 1.5, disponible vacuna bivalente para completar esquemas",Other groups,1,2024
CRI,2024-04-01,comment,una única donación,MOC-MRNA-1273-1,1,2024
CRI,2024-04-01,comment,"Esquema vigente: El esquema completo puede ser de tres, cuatro o cinco dosis donde la última debe ser vacuna Bivalente",PFI-CBOOB1-2,1,2024
CRI,2024-04-01,comment,solo en 2021,ASZ-AZD1222-1,1,2024
CRI,2024-04-01,date_product_start,2022-02-22T00:00:00Z,MOC-MRNA-1273-1,1,2024
CRI,2024-04-01,date_product_start,2020-12-24T00:00:00Z,PFI-COMIRNATY-1,1,2024
CRI,2024-04-01,date_product_start,2023-05-22T10:01:00Z,PFI-CBOOB1-2,1,2024
CRI,2024-04-01,date_product_start,2021-04-19T00:00:00Z,ASZ-AZD1222-1,1,2024
CRI,2024-04-01,status_product_use,NO,MOC-MRNA-1273-1,1,2024
CRI,2024-04-01,status_product_use,NO,PFI-COMIRNATY-1,1,2024
CRI,2024-04-01,status_product_use,YES,PFI-CBOOB1-2,1,2024
CRI,2024-04-01,status_product_use,NO,ASZ-AZD1222-1,1,2024
CRI,2024-07-01,policy_vacc,YES,Older adults with chronic conditions,2,2024
CRI,2024-07-01,policy_vacc,YES,Adults,2,2024
CRI,2024-07-01,policy_vacc,YES,Adults with chronic conditions,2,2024
CRI,2024-07-01,policy_vacc,YES,Pregnant women,2,2024
CRI,2024-07-01,policy_vacc,YES,Health and care workers,2,2024
CRI,2024-07-01,policy_vacc,YES,Children & adolescents,2,2024
CRI,2024-07-01,policy_vacc,YES,Child. & ado. with chronic conditions,2,2024
CRI,2024-07-01,policy_vacc,YES,Other groups,2,2024
CRI,2024-07-01,policy_vacc,YES,Older adults,2,2024
CRI,2024-07-01,policy_revacc,YES,Older adults with chronic conditions,2,2024
CRI,2024-07-01,policy_revacc,YES,Adults,2,2024
CRI,2024-07-01,policy_revacc,YES,Adults with chronic conditions,2,2024
CRI,2024-07-01,policy_revacc,YES,Pregnant women,2,2024
CRI,2024-07-01,policy_revacc,YES,Health and care workers,2,2024
CRI,2024-07-01,policy_revacc,YES,Children & adolescents,2,2024
CRI,2024-07-01,policy_revacc,YES,Child. & ado. with chronic conditions,2,2024
CRI,2024-07-01,policy_revacc,YES,Other groups,2,2024
CRI,2024-07-01,policy_revacc,YES,Older adults,2,2024
CRI,2024-07-01,policy_revacc_interval,anual,Older adults with chronic conditions,2,2024
CRI,2024-07-01,policy_revacc_interval,anual,Adults,2,2024
CRI,2024-07-01,policy_revacc_interval,anual,Adults with chronic conditions,2,2024
CRI,2024-07-01,policy_revacc_interval,anual,Pregnant women,2,2024
CRI,2024-07-01,policy_revacc_interval,anual,Health and care workers,2,2024
CRI,2024-07-01,policy_revacc_interval,anual,Children & adolescents,2,2024
CRI,2024-07-01,policy_revacc_interval,anual,Child. & ado. with chronic conditions,2,2024
CRI,2024-07-01,policy_revacc_interval,anual,Other groups,2,2024
CRI,2024-07-01,policy_revacc_interval,anual,Older adults,2,2024
CRI,2024-07-01,policy_comment,Vacuna Moderna XBB1.5,Older adults with chronic conditions,2,2024
CRI,2024-07-01,policy_comment,Vacuna Moderna XBB1.5,Adults,2,2024
CRI,2024-07-01,policy_comment,Vacuna Moderna XBB1.5,Adults with chronic conditions,2,2024
CRI,2024-07-01,policy_comment,Vacuna Moderna XBB1.5,Pregnant women,2,2024
CRI,2024-07-01,policy_comment,Vacuna Moderna XBB1.5,Health and care workers,2,2024
CRI,2024-07-01,policy_comment,Vacuna Moderna XBB1.5,Children & adolescents,2,2024
CRI,2024-07-01,policy_comment,Vacuna Moderna XBB1.5,Child. & ado. with chronic conditions,2,2024
CRI,2024-07-01,policy_comment,Vacuna Moderna XBB1.5,Other groups,2,2024
CRI,2024-07-01,policy_comment,Vacuna Moderna XBB1.5,Older adults,2,2024
CRI,2024-07-01,date_product_start,2024-04-20T00:00:00Z,MOC-SXBB-1,2,2024
CRI,2024-07-01,date_product_start,2023-05-22T10:01:00Z,PFI-CBOOB1-2,2,2024
CRI,2024-07-01,date_product_start,2021-04-19T00:00:00Z,ASZ-AZD1222-1,2,2024
CRI,2024-07-01,date_product_start,2022-02-22T00:00:00Z,MOC-MRNA-1273-1,2,2024
CRI,2024-07-01,date_product_start,2020-12-24T00:00:00Z,PFI-COMIRNATY-1,2,2024
CRI,2024-07-01,status_product_use,YES,MOC-SXBB-1,2,2024
CRI,2024-07-01,status_product_use,NO,PFI-CBOOB1-2,2,2024
CRI,2024-07-01,status_product_use,NO,ASZ-AZD1222-1,2,2024
CRI,2024-07-01,status_product_use,NO,MOC-MRNA-1273-1,2,2024
CRI,2024-07-01,status_product_use,NO,PFI-COMIRNATY-1,2,2024
CRI,2024-07-01,comment,La vacunación NO es obligatoria para ningún rango de edad o comorbilidad. No hay aceptación por parte de la población,MOC-SXBB-1,2,2024
CRI,2024-07-01,comment,solo en 2021,ASZ-AZD1222-1,2,2024
CRI,2024-07-01,comment,una única donación,MOC-MRNA-1273-1,2,2024
PAN,2024-07-01,comment,De 6 meses en adelante,PFI-CBOOB1-2,2,2024
PAN,2024-07-01,status_product_use,NO,PFI-COMIRNATY-1,2,2024
PAN,2024-07-01,status_product_use,YES,PFI-CBOOB1-2,2,2024
PAN,2024-07-01,status_product_use,YES,ASZ-AZD1222-1,2,2024
PAN,2024-07-01,status_product_use,YES,PFI-COXBB-1,2,2024
PAN,2024-07-01,date_product_start,2021-01-20T00:00:00Z,PFI-COMIRNATY-1,2,2024
PAN,2024-07-01,date_product_start,2023-01-12T00:00:00Z,PFI-CBOOB1-2,2,2024
PAN,2024-07-01,date_product_start,2021-04-22T00:00:00Z,ASZ-AZD1222-1,2,2024
PAN,2024-07-01,date_product_start,2024-01-17T00:00:00Z,PFI-COXBB-1,2,2024
PAN,2024-07-01,policy_revacc_interval,12 meses,Older adults,2,2024
PAN,2024-07-01,policy_revacc_interval,6 meses,Older adults with chronic conditions,2,2024
PAN,2024-07-01,policy_revacc_interval,12 meses,Adults,2,2024
PAN,2024-07-01,policy_revacc_interval,6 meses,Adults with chronic conditions,2,2024
PAN,2024-07-01,policy_revacc_interval,12 meses,Pregnant women,2,2024
PAN,2024-07-01,policy_revacc_interval,12 meses,Health and care workers,2,2024
PAN,2024-07-01,policy_revacc_interval,12 meses,Children & adolescents,2,2024
PAN,2024-07-01,policy_revacc_interval,6 meses,Child. & ado. with chronic conditions,2,2024
PAN,2024-07-01,policy_revacc,YES,Older adults,2,2024
PAN,2024-07-01,policy_revacc,YES,Older adults with chronic conditions,2,2024
PAN,2024-07-01,policy_revacc,YES,Adults,2,2024
PAN,2024-07-01,policy_revacc,YES,Adults with chronic conditions,2,2024
PAN,2024-07-01,policy_revacc,YES,Pregnant women,2,2024
PAN,2024-07-01,policy_revacc,YES,Health and care workers,2,2024
PAN,2024-07-01,policy_revacc,YES,Children & adolescents,2,2024
PAN,2024-07-01,policy_revacc,YES,Child. & ado. with chronic conditions,2,2024
PAN,2024-07-01,policy_vacc,YES,Older adults,2,2024
PAN,2024-07-01,policy_vacc,YES,Older adults with chronic conditions,2,2024
PAN,2024-07-01,policy_vacc,YES,Adults,2,2024
PAN,2024-07-01,policy_vacc,YES,Adults with chronic conditions,2,2024
PAN,2024-07-01,policy_vacc,YES,Pregnant women,2,2024
PAN,2024-07-01,policy_vacc,YES,Health and care workers,2,2024
PAN,2024-07-01,policy_vacc,YES,Children & adolescents,2,2024
PAN,2024-07-01,policy_vacc,YES,Child. & ado. with chronic conditions,2,2024
PAN,2025-01-01,policy_comment,,Adults,4,2024
PAN,2025-01-01,policy_comment,,Adults with chronic conditions,4,2024
PAN,2025-01-01,policy_comment,,Child. & ado. with chronic conditions,4,2024
PAN,2025-01-01,policy_comment,,Children & adolescents,4,2024
PAN,2025-01-01,policy_comment,,Health and care workers,4,2024
PAN,2025-01-01,policy_comment,,Older adults,4,2024
PAN,2025-01-01,policy_comment,,Older adults with chronic conditions,4,2024
PAN,2025-01-01,policy_comment,,Other groups,4,2024
PAN,2025-01-01,policy_comment,,Pregnant women,4,2024
PAN,2024-04-01,date_product_start,2024-01-17T00:00:00Z,PFI-COXBB-1,1,2024
PAN,2024-04-01,date_product_start,2021-01-20T00:00:00Z,PFI-COMIRNATY-1,1,2024
PAN,2024-04-01,date_product_start,2023-01-12T00:00:00Z,PFI-CBOOB1-2,1,2024
PAN,2024-04-01,date_product_start,2021-04-22T00:00:00Z,ASZ-AZD1222-1,1,2024
PAN,2024-04-01,status_product_use,YES,PFI-COXBB-1,1,2024
PAN,2024-04-01,status_product_use,NO,PFI-COMIRNATY-1,1,2024
PAN,2024-04-01,status_product_use,YES,PFI-CBOOB1-2,1,2024
PAN,2024-04-01,status_product_use,YES,ASZ-AZD1222-1,1,2024
PAN,2024-04-01,comment,De 6 meses en adelante,PFI-CBOOB1-2,1,2024
PAN,2024-04-01,policy_vacc,YES,Older adults,1,2024
PAN,2024-04-01,policy_vacc,YES,Older adults with chronic conditions,1,2024
PAN,2024-04-01,policy_vacc,YES,Adults,1,2024
PAN,2024-04-01,policy_vacc,YES,Adults with chronic conditions,1,2024
PAN,2024-04-01,policy_vacc,YES,Pregnant women,1,2024
PAN,2024-04-01,policy_vacc,YES,Health and care workers,1,2024
PAN,2024-04-01,policy_vacc,YES,Children & adolescents,1,2024
PAN,2024-04-01,policy_vacc,YES,Child. & ado. with chronic conditions,1,2024
PAN,2024-04-01,policy_revacc,YES,Older adults,1,2024
PAN,2024-04-01,policy_revacc,YES,Older adults with chronic conditions,1,2024
PAN,2024-04-01,policy_revacc,YES,Adults,1,2024
PAN,2024-04-01,policy_revacc,YES,Adults with chronic conditions,1,2024
PAN,2024-04-01,policy_revacc,YES,Pregnant women,1,2024
PAN,2024-04-01,policy_revacc,YES,Health and care workers,1,2024
PAN,2024-04-01,policy_revacc,YES,Children & adolescents,1,2024
PAN,2024-04-01,policy_revacc,YES,Child. & ado. with chronic conditions,1,2024
PAN,2024-04-01,policy_revacc_interval,12 meses,Older adults,1,2024
PAN,2024-04-01,policy_revacc_interval,6 meses,Older adults with chronic conditions,1,2024
PAN,2024-04-01,policy_revacc_interval,12 meses,Adults,1,2024
PAN,2024-04-01,policy_revacc_interval,6 meses,Adults with chronic conditions,1,2024
PAN,2024-04-01,policy_revacc_interval,12 meses,Pregnant women,1,2024
PAN,2024-04-01,policy_revacc_interval,12 meses,Health and care workers,1,2024
PAN,2024-04-01,policy_revacc_interval,12 meses,Children & adolescents,1,2024
PAN,2024-04-01,policy_revacc_interval,6 meses,Child. & ado. with chronic conditions,1,2024
PAN,2024-10-01,policy_vacc,YES,Older adults with chronic conditions,3,2024
PAN,2024-10-01,policy_vacc,YES,Adults,3,2024
PAN,2024-10-01,policy_vacc,YES,Adults with chronic conditions,3,2024
PAN,2024-10-01,policy_vacc,YES,Pregnant women,3,2024
PAN,2024-10-01,policy_vacc,YES,Health and care workers,3,2024
PAN,2024-10-01,policy_vacc,YES,Children & adolescents,3,2024
PAN,2024-10-01,policy_vacc,YES,Child. & ado. with chronic conditions,3,2024
PAN,2024-10-01,policy_vacc,YES,Older adults,3,2024
PAN,2024-10-01,policy_revacc,YES,Older adults with chronic conditions,3,2024
PAN,2024-10-01,policy_revacc,YES,Adults,3,2024
PAN,2024-10-01,policy_revacc,YES,Adults with chronic conditions,3,2024
PAN,2024-10-01,policy_revacc,YES,Pregnant women,3,2024
PAN,2024-10-01,policy_revacc,YES,Health and care workers,3,2024
PAN,2024-10-01,policy_revacc,YES,Children & adolescents,3,2024
PAN,2024-10-01,policy_revacc,YES,Child. & ado. with chronic conditions,3,2024
PAN,2024-10-01,policy_revacc,YES,Older adults,3,2024
PAN,2024-10-01,policy_revacc_interval,6 meses,Older adults with chronic conditions,3,2024
PAN,2024-10-01,policy_revacc_interval,12 meses,Adults,3,2024
PAN,2024-10-01,policy_revacc_interval,6 meses,Adults with chronic conditions,3,2024
PAN,2024-10-01,policy_revacc_interval,12 meses,Pregnant women,3,2024
PAN,2024-10-01,policy_revacc_interval,12 meses,Health and care workers,3,2024
PAN,2024-10-01,policy_revacc_interval,12 meses,Children & adolescents,3,2024
PAN,2024-10-01,policy_revacc_interval,6 meses,Child. & ado. with chronic conditions,3,2024
PAN,2024-10-01,policy_revacc_interval,12 meses,Older adults,3,2024
PAN,2024-10-01,date_product_start,2021-01-20T00:00:00Z,PFI-COMIRNATY-1,3,2024
PAN,2024-10-01,date_product_start,2023-01-12T00:00:00Z,PFI-CBOOB1-2,3,2024
PAN,2024-10-01,date_product_start,2021-04-22T00:00:00Z,ASZ-AZD1222-1,3,2024
PAN,2024-10-01,date_product_start,2024-01-17T00:00:00Z,PFI-COXBB-1,3,2024
PAN,2024-10-01,status_product_use,NO,PFI-COMIRNATY-1,3,2024
PAN,2024-10-01,status_product_use,YES,PFI-CBOOB1-2,3,2024
PAN,2024-10-01,status_product_use,NO,ASZ-AZD1222-1,3,2024
PAN,2024-10-01,status_product_use,YES,PFI-COXBB-1,3,2024
PAN,2024-10-01,comment,De 6 meses en adelante,PFI-CBOOB1-2,3,2024
PAN,2025-01-01,policy_vacc,YES,Older adults,4,2024
PAN,2025-01-01,policy_vacc,YES,Older adults with chronic conditions,4,2024
PAN,2025-01-01,policy_vacc,YES,Adults,4,2024
PAN,2025-01-01,policy_vacc,YES,Adults with chronic conditions,4,2024
PAN,2025-01-01,policy_vacc,YES,Pregnant women,4,2024
PAN,2025-01-01,policy_vacc,YES,Health and care workers,4,2024
PAN,2025-01-01,policy_vacc,YES,Children & adolescents,4,2024
PAN,2025-01-01,policy_vacc,YES,Child. & ado. with chronic conditions,4,2024
PAN,2025-01-01,policy_vacc,YES,Other groups,4,2024
PAN,2025-01-01,policy_revacc,YES,Older adults,4,2024
PAN,2025-01-01,policy_revacc,YES,Older adults with chronic conditions,4,2024
PAN,2025-01-01,policy_revacc,YES,Adults,4,2024
PAN,2025-01-01,policy_revacc,YES,Adults with chronic conditions,4,2024
PAN,2025-01-01,policy_revacc,YES,Pregnant women,4,2024
PAN,2025-01-01,policy_revacc,YES,Health and care workers,4,2024
PAN,2025-01-01,policy_revacc,YES,Children & adolescents,4,2024
PAN,2025-01-01,policy_revacc,YES,Child. & ado. with chronic conditions,4,2024
PAN,2025-01-01,policy_revacc,YES,Other groups,4,2024
PAN,2025-01-01,policy_revacc_interval,12_MONTHS,Older adults,4,2024
PAN,2025-01-01,policy_revacc_interval,6_MONTHS,Older adults with chronic conditions,4,2024
PAN,2025-01-01,policy_revacc_interval,12_MONTHS,Adults,4,2024
PAN,2025-01-01,policy_revacc_interval,6_MONTHS,Adults with chronic conditions,4,2024
PAN,2025-01-01,policy_revacc_interval,12_MONTHS,Pregnant women,4,2024
PAN,2025-01-01,policy_revacc_interval,12_MONTHS,Health and care workers,4,2024
PAN,2025-01-01,policy_revacc_interval,12_MONTHS,Children & adolescents,4,2024
PAN,2025-01-01,policy_revacc_interval,6_MONTHS,Child. & ado. with chronic conditions,4,2024
PAN,2025-01-01,policy_revacc_interval,12_MONTHS,Other groups,4,2024
BIH,2025-01-01,policy_comment,,Adults,4,2024
BIH,2025-01-01,policy_comment,,Adults with chronic conditions,4,2024
BIH,2025-01-01,policy_comment,,Child. & ado. with chronic conditions,4,2024
BIH,2025-01-01,policy_comment,,Children & adolescents,4,2024
BIH,2025-01-01,policy_comment,,Health and care workers,4,2024
BIH,2025-01-01,policy_comment,,Older adults,4,2024
BIH,2025-01-01,policy_comment,,Older adults with chronic conditions,4,2024
BIH,2025-01-01,policy_comment,,Other groups,4,2024
BIH,2025-01-01,policy_comment,,Pregnant women,4,2024
BIH,2025-01-01,policy_revacc,,Adults,4,2024
BIH,2025-01-01,policy_revacc,,Adults with chronic conditions,4,2024
BIH,2025-01-01,policy_revacc,,Child. & ado. with chronic conditions,4,2024
BIH,2025-01-01,policy_revacc,,Children & adolescents,4,2024
BIH,2025-01-01,policy_revacc,,Health and care workers,4,2024
BIH,2025-01-01,policy_revacc,,Older adults,4,2024
BIH,2025-01-01,policy_revacc,,Older adults with chronic conditions,4,2024
BIH,2025-01-01,policy_revacc,,Other groups,4,2024
BIH,2025-01-01,policy_revacc,,Pregnant women,4,2024
BIH,2025-01-01,policy_revacc_interval,,Adults,4,2024
BIH,2025-01-01,policy_revacc_interval,,Adults with chronic conditions,4,2024
BIH,2025-01-01,policy_revacc_interval,,Child. & ado. with chronic conditions,4,2024
BIH,2025-01-01,policy_revacc_interval,,Children & adolescents,4,2024
BIH,2025-01-01,policy_revacc_interval,,Health and care workers,4,2024
BIH,2025-01-01,policy_revacc_interval,,Older adults,4,2024
BIH,2025-01-01,policy_revacc_interval,,Older adults with chronic conditions,4,2024
BIH,2025-01-01,policy_revacc_interval,,Other groups,4,2024
BIH,2025-01-01,policy_revacc_interval,,Pregnant women,4,2024
BIH,2025-01-01,policy_vacc,,Adults,4,2024
BIH,2025-01-01,policy_vacc,,Adults with chronic conditions,4,2024
BIH,2025-01-01,policy_vacc,,Child. & ado. with chronic conditions,4,2024
BIH,2025-01-01,policy_vacc,,Children & adolescents,4,2024
BIH,2025-01-01,policy_vacc,,Health and care workers,4,2024
BIH,2025-01-01,policy_vacc,,Older adults,4,2024
BIH,2025-01-01,policy_vacc,,Older adults with chronic conditions,4,2024
BIH,2025-01-01,policy_vacc,,Other groups,4,2024
BIH,2025-01-01,policy_vacc,,Pregnant women,4,2024
SRB,2025-01-01,policy_comment,,Adults,4,2024
SRB,2025-01-01,policy_comment,,Adults with chronic conditions,4,2024
SRB,2025-01-01,policy_comment,,Child. & ado. with chronic conditions,4,2024
SRB,2025-01-01,policy_comment,,Children & adolescents,4,2024
SRB,2025-01-01,policy_comment,,Health and care workers,4,2024
SRB,2025-01-01,policy_comment,,Older adults,4,2024
SRB,2025-01-01,policy_comment,,Older adults with chronic conditions,4,2024
SRB,2025-01-01,policy_comment,,Other groups,4,2024
SRB,2025-01-01,policy_comment,,Pregnant women,4,2024
SRB,2025-01-01,policy_revacc,,Other groups,4,2024
SRB,2025-01-01,policy_revacc_interval,,Adults,4,2024
SRB,2025-01-01,policy_revacc_interval,,Child. & ado. with chronic conditions,4,2024
SRB,2025-01-01,policy_revacc_interval,,Children & adolescents,4,2024
SRB,2025-01-01,policy_revacc_interval,,Other groups,4,2024
SRB,2025-01-01,policy_revacc_interval,,Pregnant women,4,2024
SRB,2025-01-01,policy_vacc,,Adults,4,2024
SRB,2025-01-01,policy_vacc,,Adults with chronic conditions,4,2024
SRB,2025-01-01,policy_vacc,,Child. & ado. with chronic conditions,4,2024
SRB,2025-01-01,policy_vacc,,Children & adolescents,4,2024
SRB,2025-01-01,policy_vacc,,Health and care workers,4,2024
SRB,2025-01-01,policy_vacc,,Older adults,4,2024
SRB,2025-01-01,policy_vacc,,Older adults with chronic conditions,4,2024
SRB,2025-01-01,policy_vacc,,Other groups,4,2024
SRB,2025-01-01,policy_vacc,,Pregnant women,4,2024
SRB,2025-01-01,policy_revacc,YES,Older adults,4,2024
SRB,2025-01-01,policy_revacc,YES,Older adults with chronic conditions,4,2024
SRB,2025-01-01,policy_revacc,NO,Adults,4,2024
SRB,2025-01-01,policy_revacc,YES,Adults with chronic conditions,4,2024
SRB,2025-01-01,policy_revacc,NO,Pregnant women,4,2024
SRB,2025-01-01,policy_revacc,YES,Health and care workers,4,2024
SRB,2025-01-01,policy_revacc,NO,Children & adolescents,4,2024
SRB,2025-01-01,policy_revacc,NO,Child. & ado. with chronic conditions,4,2024
SRB,2025-01-01,policy_revacc_interval,12_MONTHS,Older adults,4,2024
SRB,2025-01-01,policy_revacc_interval,6_MONTHS,Older adults with chronic conditions,4,2024
SRB,2025-01-01,policy_revacc_interval,6_MONTHS,Adults with chronic conditions,4,2024
SRB,2025-01-01,policy_revacc_interval,12_MONTHS,Health and care workers,4,2024
COK,2025-01-01,policy_comment,,Adults,4,2024
COK,2025-01-01,policy_comment,,Adults with chronic conditions,4,2024
COK,2025-01-01,policy_comment,,Child. & ado. with chronic conditions,4,2024
COK,2025-01-01,policy_comment,,Children & adolescents,4,2024
COK,2025-01-01,policy_comment,,Health and care workers,4,2024
COK,2025-01-01,policy_comment,,Older adults,4,2024
COK,2025-01-01,policy_comment,,Older adults with chronic conditions,4,2024
COK,2025-01-01,policy_comment,,Other groups,4,2024
COK,2025-01-01,policy_comment,,Pregnant women,4,2024
COK,2025-01-01,policy_revacc,,Adults,4,2024
COK,2025-01-01,policy_revacc,,Adults with chronic conditions,4,2024
COK,2025-01-01,policy_revacc,,Child. & ado. with chronic conditions,4,2024
COK,2025-01-01,policy_revacc,,Children & adolescents,4,2024
COK,2025-01-01,policy_revacc,,Health and care workers,4,2024
COK,2025-01-01,policy_revacc,,Older adults,4,2024
COK,2025-01-01,policy_revacc,,Older adults with chronic conditions,4,2024
COK,2025-01-01,policy_revacc,,Other groups,4,2024
COK,2025-01-01,policy_revacc,,Pregnant women,4,2024
COK,2025-01-01,policy_revacc_interval,,Adults,4,2024
COK,2025-01-01,policy_revacc_interval,,Adults with chronic conditions,4,2024
COK,2025-01-01,policy_revacc_interval,,Child. & ado. with chronic conditions,4,2024
COK,2025-01-01,policy_revacc_interval,,Children & adolescents,4,2024
COK,2025-01-01,policy_revacc_interval,,Health and care workers,4,2024
COK,2025-01-01,policy_revacc_interval,,Older adults,4,2024
COK,2025-01-01,policy_revacc_interval,,Older adults with chronic conditions,4,2024
COK,2025-01-01,policy_revacc_interval,,Other groups,4,2024
COK,2025-01-01,policy_revacc_interval,,Pregnant women,4,2024
COK,2025-01-01,policy_vacc,,Adults,4,2024
COK,2025-01-01,policy_vacc,,Adults with chronic conditions,4,2024
COK,2025-01-01,policy_vacc,,Child. & ado. with chronic conditions,4,2024
COK,2025-01-01,policy_vacc,,Children & adolescents,4,2024
COK,2025-01-01,policy_vacc,,Health and care workers,4,2024
COK,2025-01-01,policy_vacc,,Older adults,4,2024
COK,2025-01-01,policy_vacc,,Older adults with chronic conditions,4,2024
COK,2025-01-01,policy_vacc,,Other groups,4,2024
COK,2025-01-01,policy_vacc,,Pregnant women,4,2024
CUB,2025-01-01,policy_comment,,Adults,4,2024
CUB,2025-01-01,policy_comment,,Adults with chronic conditions,4,2024
CUB,2025-01-01,policy_comment,,Child. & ado. with chronic conditions,4,2024
CUB,2025-01-01,policy_comment,,Children & adolescents,4,2024
CUB,2025-01-01,policy_comment,,Health and care workers,4,2024
CUB,2025-01-01,policy_comment,,Older adults,4,2024
CUB,2025-01-01,policy_comment,,Older adults with chronic conditions,4,2024
CUB,2025-01-01,policy_comment,,Other groups,4,2024
CUB,2025-01-01,policy_comment,,Pregnant women,4,2024
CUB,2025-01-01,policy_revacc,,Adults,4,2024
CUB,2025-01-01,policy_revacc,,Adults with chronic conditions,4,2024
CUB,2025-01-01,policy_revacc,,Child. & ado. with chronic conditions,4,2024
CUB,2025-01-01,policy_revacc,,Children & adolescents,4,2024
CUB,2025-01-01,policy_revacc,,Health and care workers,4,2024
CUB,2025-01-01,policy_revacc,,Older adults,4,2024
CUB,2025-01-01,policy_revacc,,Older adults with chronic conditions,4,2024
CUB,2025-01-01,policy_revacc,,Other groups,4,2024
CUB,2025-01-01,policy_revacc,,Pregnant women,4,2024
CUB,2025-01-01,policy_revacc_interval,,Adults,4,2024
CUB,2025-01-01,policy_revacc_interval,,Adults with chronic conditions,4,2024
CUB,2025-01-01,policy_revacc_interval,,Child. & ado. with chronic conditions,4,2024
CUB,2025-01-01,policy_revacc_interval,,Children & adolescents,4,2024
CUB,2025-01-01,policy_revacc_interval,,Health and care workers,4,2024
CUB,2025-01-01,policy_revacc_interval,,Older adults,4,2024
CUB,2025-01-01,policy_revacc_interval,,Older adults with chronic conditions,4,2024
CUB,2025-01-01,policy_revacc_interval,,Other groups,4,2024
CUB,2025-01-01,policy_revacc_interval,,Pregnant women,4,2024
CUB,2025-01-01,policy_vacc,,Adults,4,2024
CUB,2025-01-01,policy_vacc,,Adults with chronic conditions,4,2024
CUB,2025-01-01,policy_vacc,,Child. & ado. with chronic conditions,4,2024
CUB,2025-01-01,policy_vacc,,Children & adolescents,4,2024
CUB,2025-01-01,policy_vacc,,Health and care workers,4,2024
CUB,2025-01-01,policy_vacc,,Older adults,4,2024
CUB,2025-01-01,policy_vacc,,Older adults with chronic conditions,4,2024
CUB,2025-01-01,policy_vacc,,Other groups,4,2024
CUB,2025-01-01,policy_vacc,,Pregnant women,4,2024
CUB,2024-10-01,date_product_start,2021-07-09T00:00:00Z,CGE-CIGB-66-1,3,2024
CUB,2024-10-01,date_product_start,2021-08-20T00:00:00Z,IFV-FINL-FR-SARS2-P-1,3,2024
CUB,2024-10-01,date_product_start,2021-08-20T00:00:00Z,IFV-FINL-FR-SARS2-1,3,2024
CUB,2024-10-01,status_product_use,YES,CGE-CIGB-66-1,3,2024
CUB,2024-10-01,status_product_use,YES,IFV-FINL-FR-SARS2-P-1,3,2024
CUB,2024-10-01,status_product_use,YES,IFV-FINL-FR-SARS2-1,3,2024
CUB,2024-10-01,policy_vacc,YES,Older adults,3,2024
CUB,2024-10-01,policy_vacc,YES,Older adults with chronic conditions,3,2024
CUB,2024-10-01,policy_vacc,YES,Adults,3,2024
CUB,2024-10-01,policy_vacc,YES,Adults with chronic conditions,3,2024
CUB,2024-10-01,policy_vacc,YES,Pregnant women,3,2024
CUB,2024-10-01,policy_vacc,YES,Health and care workers,3,2024
CUB,2024-10-01,policy_vacc,NO,Children & adolescents,3,2024
CUB,2024-10-01,policy_vacc,YES,Child. & ado. with chronic conditions,3,2024
CUB,2024-10-01,policy_revacc,YES,Older adults,3,2024
CUB,2024-10-01,policy_revacc,YES,Older adults with chronic conditions,3,2024
CUB,2024-10-01,policy_revacc,NO,Adults,3,2024
CUB,2024-10-01,policy_revacc,YES,Adults with chronic conditions,3,2024
CUB,2024-10-01,policy_revacc,YES,Pregnant women,3,2024
CUB,2024-10-01,policy_revacc,YES,Health and care workers,3,2024
CUB,2024-10-01,policy_revacc,NO,Children & adolescents,3,2024
CUB,2024-10-01,policy_revacc,YES,Child. & ado. with chronic conditions,3,2024
CUB,2024-10-01,policy_revacc_interval,1 año,Older adults,3,2024
CUB,2024-10-01,policy_revacc_interval,1 año,Older adults with chronic conditions,3,2024
CUB,2024-10-01,policy_revacc_interval,1 año,Adults with chronic conditions,3,2024
CUB,2024-10-01,policy_revacc_interval,1 año,Health and care workers,3,2024
CUB,2024-10-01,policy_revacc_interval,1 año,Child. & ado. with chronic conditions,3,2024
CUB,2024-10-01,policy_comment,Según estado de vacunacion,Pregnant women,3,2024
CUB,2024-04-01,date_product_start,2021-07-09T00:00:00Z,CGE-CIGB-66-1,1,2024
CUB,2024-04-01,date_product_start,2021-08-20T00:00:00Z,IFV-FINL-FR-SARS2-2,1,2024
CUB,2024-04-01,date_product_start,2021-08-20T00:00:00Z,IFV-FINL-FR-SARS2-1,1,2024
CUB,2024-04-01,status_product_use,YES,CGE-CIGB-66-1,1,2024
CUB,2024-04-01,status_product_use,YES,IFV-FINL-FR-SARS2-2,1,2024
CUB,2024-04-01,status_product_use,YES,IFV-FINL-FR-SARS2-1,1,2024
CUB,2024-04-01,policy_vacc,YES,Health and care workers,1,2024
CUB,2024-04-01,policy_vacc,NO,Children & adolescents,1,2024
CUB,2024-04-01,policy_vacc,YES,Child. & ado. with chronic conditions,1,2024
CUB,2024-04-01,policy_vacc,YES,Older adults,1,2024
CUB,2024-04-01,policy_vacc,YES,Older adults with chronic conditions,1,2024
CUB,2024-04-01,policy_vacc,YES,Adults,1,2024
CUB,2024-04-01,policy_vacc,YES,Adults with chronic conditions,1,2024
CUB,2024-04-01,policy_vacc,YES,Pregnant women,1,2024
CUB,2024-04-01,policy_revacc,YES,Health and care workers,1,2024
CUB,2024-04-01,policy_revacc,NO,Children & adolescents,1,2024
CUB,2024-04-01,policy_revacc,YES,Child. & ado. with chronic conditions,1,2024
CUB,2024-04-01,policy_revacc,YES,Older adults,1,2024
CUB,2024-04-01,policy_revacc,YES,Older adults with chronic conditions,1,2024
CUB,2024-04-01,policy_revacc,NO,Adults,1,2024
CUB,2024-04-01,policy_revacc,YES,Adults with chronic conditions,1,2024
CUB,2024-04-01,policy_revacc,YES,Pregnant women,1,2024
CUB,2024-04-01,policy_revacc_interval,1 año,Health and care workers,1,2024
CUB,2024-04-01,policy_revacc_interval,1 año,Child. & ado. with chronic conditions,1,2024
CUB,2024-04-01,policy_revacc_interval,1 año,Older adults,1,2024
CUB,2024-04-01,policy_revacc_interval,1 año,Older adults with chronic conditions,1,2024
CUB,2024-04-01,policy_revacc_interval,1 año,Adults with chronic conditions,1,2024
CUB,2024-04-01,policy_comment,Según estado de vacunacion,Pregnant women,1,2024
LBY,2025-01-01,policy_comment,,Adults,4,2024
LBY,2025-01-01,policy_comment,,Adults with chronic conditions,4,2024
LBY,2025-01-01,policy_comment,,Child. & ado. with chronic conditions,4,2024
LBY,2025-01-01,policy_comment,,Children & adolescents,4,2024
LBY,2025-01-01,policy_comment,,Health and care workers,4,2024
LBY,2025-01-01,policy_comment,,Older adults,4,2024
LBY,2025-01-01,policy_comment,,Older adults with chronic conditions,4,2024
LBY,2025-01-01,policy_comment,,Other groups,4,2024
LBY,2025-01-01,policy_comment,,Pregnant women,4,2024
LBY,2025-01-01,policy_revacc,,Adults,4,2024
LBY,2025-01-01,policy_revacc,,Adults with chronic conditions,4,2024
LBY,2025-01-01,policy_revacc,,Child. & ado. with chronic conditions,4,2024
LBY,2025-01-01,policy_revacc,,Children & adolescents,4,2024
LBY,2025-01-01,policy_revacc,,Health and care workers,4,2024
LBY,2025-01-01,policy_revacc,,Older adults,4,2024
LBY,2025-01-01,policy_revacc,,Older adults with chronic conditions,4,2024
LBY,2025-01-01,policy_revacc,,Other groups,4,2024
LBY,2025-01-01,policy_revacc,,Pregnant women,4,2024
LBY,2025-01-01,policy_revacc_interval,,Adults,4,2024
LBY,2025-01-01,policy_revacc_interval,,Adults with chronic conditions,4,2024
LBY,2025-01-01,policy_revacc_interval,,Child. & ado. with chronic conditions,4,2024
LBY,2025-01-01,policy_revacc_interval,,Children & adolescents,4,2024
LBY,2025-01-01,policy_revacc_interval,,Health and care workers,4,2024
LBY,2025-01-01,policy_revacc_interval,,Older adults,4,2024
LBY,2025-01-01,policy_revacc_interval,,Older adults with chronic conditions,4,2024
LBY,2025-01-01,policy_revacc_interval,,Other groups,4,2024
LBY,2025-01-01,policy_revacc_interval,,Pregnant women,4,2024
LBY,2025-01-01,policy_vacc,,Adults,4,2024
LBY,2025-01-01,policy_vacc,,Adults with chronic conditions,4,2024
LBY,2025-01-01,policy_vacc,,Child. & ado. with chronic conditions,4,2024
LBY,2025-01-01,policy_vacc,,Children & adolescents,4,2024
LBY,2025-01-01,policy_vacc,,Health and care workers,4,2024
LBY,2025-01-01,policy_vacc,,Older adults,4,2024
LBY,2025-01-01,policy_vacc,,Older adults with chronic conditions,4,2024
LBY,2025-01-01,policy_vacc,,Other groups,4,2024
LBY,2025-01-01,policy_vacc,,Pregnant women,4,2024
FJI,2025-01-01,policy_comment,,Adults,4,2024
FJI,2025-01-01,policy_comment,,Adults with chronic conditions,4,2024
FJI,2025-01-01,policy_comment,,Child. & ado. with chronic conditions,4,2024
FJI,2025-01-01,policy_comment,,Children & adolescents,4,2024
FJI,2025-01-01,policy_comment,,Health and care workers,4,2024
FJI,2025-01-01,policy_comment,,Older adults,4,2024
FJI,2025-01-01,policy_comment,,Older adults with chronic conditions,4,2024
FJI,2025-01-01,policy_comment,,Other groups,4,2024
FJI,2025-01-01,policy_comment,,Pregnant women,4,2024
FJI,2025-01-01,policy_revacc,,Older adults with chronic conditions,4,2024
FJI,2025-01-01,policy_revacc,,Other groups,4,2024
FJI,2025-01-01,policy_revacc_interval,,Children & adolescents,4,2024
FJI,2025-01-01,policy_revacc_interval,,Older adults with chronic conditions,4,2024
FJI,2025-01-01,policy_revacc_interval,,Other groups,4,2024
FJI,2025-01-01,policy_vacc,,Older adults with chronic conditions,4,2024
FJI,2025-01-01,policy_vacc,,Other groups,4,2024
FJI,2025-01-01,policy_revacc_interval,12_MONTHS,Adults,4,2024
FJI,2025-01-01,policy_revacc_interval,12_MONTHS,Adults with chronic conditions,4,2024
FJI,2025-01-01,policy_revacc_interval,OTHER,Pregnant women,4,2024
FJI,2025-01-01,policy_revacc_interval,OTHER,Child. & ado. with chronic conditions,4,2024
FJI,2025-01-01,policy_revacc_interval,12_MONTHS,Health and care workers,4,2024
FJI,2025-01-01,policy_revacc_interval,12_MONTHS,Older adults,4,2024
FJI,2025-01-01,policy_revacc,YES,Adults,4,2024
FJI,2025-01-01,policy_revacc,YES,Adults with chronic conditions,4,2024
FJI,2025-01-01,policy_revacc,YES,Pregnant women,4,2024
FJI,2025-01-01,policy_revacc,YES,Child. & ado. with chronic conditions,4,2024
FJI,2025-01-01,policy_revacc,YES,Health and care workers,4,2024
FJI,2025-01-01,policy_revacc,YES,Children & adolescents,4,2024
FJI,2025-01-01,policy_revacc,YES,Older adults,4,2024
FJI,2025-01-01,policy_vacc,YES,Adults,4,2024
FJI,2025-01-01,policy_vacc,YES,Adults with chronic conditions,4,2024
FJI,2025-01-01,policy_vacc,YES,Pregnant women,4,2024
FJI,2025-01-01,policy_vacc,YES,Child. & ado. with chronic conditions,4,2024
FJI,2025-01-01,policy_vacc,YES,Health and care workers,4,2024
FJI,2025-01-01,policy_vacc,YES,Children & adolescents,4,2024
FJI,2025-01-01,policy_vacc,YES,Older adults,4,2024
TZA,2025-01-01,policy_comment,,Adults,4,2024
TZA,2025-01-01,policy_comment,,Adults with chronic conditions,4,2024
TZA,2025-01-01,policy_comment,,Child. & ado. with chronic conditions,4,2024
TZA,2025-01-01,policy_comment,,Children & adolescents,4,2024
TZA,2025-01-01,policy_comment,,Health and care workers,4,2024
TZA,2025-01-01,policy_comment,,Older adults,4,2024
TZA,2025-01-01,policy_comment,,Older adults with chronic conditions,4,2024
TZA,2025-01-01,policy_comment,,Other groups,4,2024
TZA,2025-01-01,policy_comment,,Pregnant women,4,2024
TZA,2025-01-01,policy_revacc,,Adults,4,2024
TZA,2025-01-01,policy_revacc,,Adults with chronic conditions,4,2024
TZA,2025-01-01,policy_revacc,,Child. & ado. with chronic conditions,4,2024
TZA,2025-01-01,policy_revacc,,Children & adolescents,4,2024
TZA,2025-01-01,policy_revacc,,Health and care workers,4,2024
TZA,2025-01-01,policy_revacc,,Older adults,4,2024
TZA,2025-01-01,policy_revacc,,Older adults with chronic conditions,4,2024
TZA,2025-01-01,policy_revacc,,Other groups,4,2024
TZA,2025-01-01,policy_revacc,,Pregnant women,4,2024
TZA,2025-01-01,policy_revacc_interval,,Adults,4,2024
TZA,2025-01-01,policy_revacc_interval,,Adults with chronic conditions,4,2024
TZA,2025-01-01,policy_revacc_interval,,Child. & ado. with chronic conditions,4,2024
TZA,2025-01-01,policy_revacc_interval,,Children & adolescents,4,2024
TZA,2025-01-01,policy_revacc_interval,,Health and care workers,4,2024
TZA,2025-01-01,policy_revacc_interval,,Older adults,4,2024
TZA,2025-01-01,policy_revacc_interval,,Older adults with chronic conditions,4,2024
TZA,2025-01-01,policy_revacc_interval,,Other groups,4,2024
TZA,2025-01-01,policy_revacc_interval,,Pregnant women,4,2024
TZA,2025-01-01,policy_vacc,,Adults,4,2024
TZA,2025-01-01,policy_vacc,,Adults with chronic conditions,4,2024
TZA,2025-01-01,policy_vacc,,Child. & ado. with chronic conditions,4,2024
TZA,2025-01-01,policy_vacc,,Children & adolescents,4,2024
TZA,2025-01-01,policy_vacc,,Health and care workers,4,2024
TZA,2025-01-01,policy_vacc,,Older adults,4,2024
TZA,2025-01-01,policy_vacc,,Older adults with chronic conditions,4,2024
TZA,2025-01-01,policy_vacc,,Other groups,4,2024
TZA,2025-01-01,policy_vacc,,Pregnant women,4,2024
DOM,2024-04-01,policy_vacc,YES,Older adults,1,2024
DOM,2024-04-01,policy_vacc,YES,Adults,1,2024
DOM,2024-04-01,policy_vacc,YES,Pregnant women,1,2024
DOM,2024-04-01,policy_vacc,YES,Children & adolescents,1,2024
DOM,2025-01-01,policy_vacc,YES,Adults,4,2024
DOM,2025-01-01,policy_vacc,YES,Children & adolescents,4,2024
DOM,2025-01-01,policy_revacc,YES,Adults,4,2024
DOM,2025-01-01,policy_revacc,YES,Children & adolescents,4,2024
DOM,2024-04-01,status_product_use,YES,PFI-COXBB-1,1,2024
DOM,2024-04-01,date_product_start,2024-02-05T00:00:00Z,PFI-COXBB-1,1,2024
DOM,2025-01-01,policy_revacc_interval,12_MONTHS,Adults,4,2024
DOM,2025-01-01,policy_revacc_interval,12_MONTHS,Children & adolescents,4,2024
DOM,2025-01-01,policy_comment,,Adults,4,2024
DOM,2025-01-01,policy_comment,,Adults with chronic conditions,4,2024
DOM,2025-01-01,policy_comment,,Child. & ado. with chronic conditions,4,2024
DOM,2025-01-01,policy_comment,,Children & adolescents,4,2024
DOM,2025-01-01,policy_comment,,Health and care workers,4,2024
DOM,2025-01-01,policy_comment,,Older adults,4,2024
DOM,2025-01-01,policy_comment,,Older adults with chronic conditions,4,2024
DOM,2025-01-01,policy_comment,,Other groups,4,2024
DOM,2025-01-01,policy_comment,,Pregnant women,4,2024
DOM,2025-01-01,policy_revacc,,Adults with chronic conditions,4,2024
DOM,2025-01-01,policy_revacc,,Child. & ado. with chronic conditions,4,2024
DOM,2025-01-01,policy_revacc,,Health and care workers,4,2024
DOM,2025-01-01,policy_revacc,,Older adults,4,2024
DOM,2025-01-01,policy_revacc,,Older adults with chronic conditions,4,2024
DOM,2025-01-01,policy_revacc,,Other groups,4,2024
DOM,2025-01-01,policy_revacc,,Pregnant women,4,2024
DOM,2025-01-01,policy_revacc_interval,,Adults with chronic conditions,4,2024
DOM,2025-01-01,policy_revacc_interval,,Child. & ado. with chronic conditions,4,2024
DOM,2025-01-01,policy_revacc_interval,,Health and care workers,4,2024
DOM,2025-01-01,policy_revacc_interval,,Older adults,4,2024
DOM,2025-01-01,policy_revacc_interval,,Older adults with chronic conditions,4,2024
DOM,2025-01-01,policy_revacc_interval,,Other groups,4,2024
DOM,2025-01-01,policy_revacc_interval,,Pregnant women,4,2024
DOM,2025-01-01,policy_vacc,,Adults with chronic conditions,4,2024
DOM,2025-01-01,policy_vacc,,Child. & ado. with chronic conditions,4,2024
DOM,2025-01-01,policy_vacc,,Health and care workers,4,2024
DOM,2025-01-01,policy_vacc,,Older adults,4,2024
DOM,2025-01-01,policy_vacc,,Older adults with chronic conditions,4,2024
DOM,2025-01-01,policy_vacc,,Other groups,4,2024
DOM,2025-01-01,policy_vacc,,Pregnant women,4,2024
HRV,2025-01-01,policy_comment,,Adults,4,2024
HRV,2025-01-01,policy_comment,,Adults with chronic conditions,4,2024
HRV,2025-01-01,policy_comment,,Child. & ado. with chronic conditions,4,2024
HRV,2025-01-01,policy_comment,,Children & adolescents,4,2024
HRV,2025-01-01,policy_comment,,Older adults with chronic conditions,4,2024
HRV,2025-01-01,policy_comment,,Other groups,4,2024
HRV,2025-01-01,policy_comment,,Pregnant women,4,2024
HRV,2025-01-01,policy_revacc,,Adults,4,2024
HRV,2025-01-01,policy_revacc,,Children & adolescents,4,2024
HRV,2025-01-01,policy_revacc,,Other groups,4,2024
HRV,2025-01-01,policy_revacc_interval,,Adults,4,2024
HRV,2025-01-01,policy_revacc_interval,,Children & adolescents,4,2024
HRV,2025-01-01,policy_revacc_interval,,Other groups,4,2024
HRV,2025-01-01,policy_vacc,,Other groups,4,2024
HRV,2025-01-01,policy_revacc_interval,6_MONTHS,Older adults with chronic conditions,4,2024
HRV,2025-01-01,policy_revacc_interval,6_MONTHS,Adults with chronic conditions,4,2024
HRV,2025-01-01,policy_revacc_interval,6_MONTHS,Pregnant women,4,2024
HRV,2025-01-01,policy_revacc_interval,6_MONTHS,Health and care workers,4,2024
HRV,2025-01-01,policy_revacc_interval,6_MONTHS,Child. & ado. with chronic conditions,4,2024
HRV,2025-01-01,policy_revacc_interval,6_MONTHS,Older adults,4,2024
HRV,2025-01-01,policy_comment,"especially HCW intensive care units, wards with particularly vulnerable patients and emergency hospital admissions",Health and care workers,4,2024
HRV,2025-01-01,policy_comment,≥65,Older adults,4,2024
HRV,2025-01-01,policy_revacc,YES,Older adults with chronic conditions,4,2024
HRV,2025-01-01,policy_revacc,YES,Adults with chronic conditions,4,2024
HRV,2025-01-01,policy_revacc,YES,Pregnant women,4,2024
HRV,2025-01-01,policy_revacc,YES,Health and care workers,4,2024
HRV,2025-01-01,policy_revacc,YES,Child. & ado. with chronic conditions,4,2024
HRV,2025-01-01,policy_revacc,YES,Older adults,4,2024
HRV,2025-01-01,policy_vacc,YES,Older adults with chronic conditions,4,2024
HRV,2025-01-01,policy_vacc,NO,Adults,4,2024
HRV,2025-01-01,policy_vacc,YES,Adults with chronic conditions,4,2024
HRV,2025-01-01,policy_vacc,YES,Pregnant women,4,2024
HRV,2025-01-01,policy_vacc,YES,Health and care workers,4,2024
HRV,2025-01-01,policy_vacc,NO,Children & adolescents,4,2024
HRV,2025-01-01,policy_vacc,YES,Child. & ado. with chronic conditions,4,2024
HRV,2025-01-01,policy_vacc,YES,Older adults,4,2024
ETH,2024-10-01,policy_revacc_interval,6 months,Older adults with chronic conditions,3,2024
ETH,2024-10-01,policy_revacc_interval,6 months,Adults with chronic conditions,3,2024
ETH,2024-10-01,policy_revacc_interval,6 months,Pregnant women,3,2024
ETH,2024-10-01,policy_revacc_interval,6 months,Health and care workers,3,2024
ETH,2024-10-01,policy_revacc_interval,6 months,Child. & ado. with chronic conditions,3,2024
ETH,2024-10-01,policy_revacc_interval,6 months,Older adults,3,2024
ETH,2024-10-01,policy_revacc,YES,Older adults with chronic conditions,3,2024
ETH,2024-10-01,policy_revacc,NO,Adults,3,2024
ETH,2024-10-01,policy_revacc,YES,Adults with chronic conditions,3,2024
ETH,2024-10-01,policy_revacc,YES,Pregnant women,3,2024
ETH,2024-10-01,policy_revacc,YES,Health and care workers,3,2024
ETH,2024-10-01,policy_revacc,NO,Children & adolescents,3,2024
ETH,2024-10-01,policy_revacc,YES,Child. & ado. with chronic conditions,3,2024
ETH,2024-10-01,policy_revacc,YES,Other groups,3,2024
ETH,2024-10-01,policy_revacc,YES,Older adults,3,2024
ETH,2024-10-01,policy_vacc,YES,Older adults with chronic conditions,3,2024
ETH,2024-10-01,policy_vacc,NO,Adults,3,2024
ETH,2024-10-01,policy_vacc,YES,Adults with chronic conditions,3,2024
ETH,2024-10-01,policy_vacc,YES,Pregnant women,3,2024
ETH,2024-10-01,policy_vacc,YES,Health and care workers,3,2024
ETH,2024-10-01,policy_vacc,NO,Children & adolescents,3,2024
ETH,2024-10-01,policy_vacc,YES,Child. & ado. with chronic conditions,3,2024
ETH,2024-10-01,policy_vacc,YES,Other groups,3,2024
ETH,2024-10-01,policy_vacc,YES,Older adults,3,2024
ETH,2025-01-01,policy_vacc,YES,Older adults with chronic conditions,4,2024
ETH,2025-01-01,policy_vacc,YES,Adults,4,2024
ETH,2025-01-01,policy_vacc,YES,Adults with chronic conditions,4,2024
ETH,2025-01-01,policy_vacc,YES,Pregnant women,4,2024
ETH,2025-01-01,policy_vacc,YES,Health and care workers,4,2024
ETH,2025-01-01,policy_vacc,YES,Children & adolescents,4,2024
ETH,2025-01-01,policy_vacc,YES,Child. & ado. with chronic conditions,4,2024
ETH,2025-01-01,policy_vacc,YES,Other groups,4,2024
ETH,2025-01-01,policy_vacc,YES,Older adults,4,2024
ETH,2025-01-01,policy_revacc,YES,Older adults with chronic conditions,4,2024
ETH,2025-01-01,policy_revacc,YES,Adults,4,2024
ETH,2025-01-01,policy_revacc,YES,Adults with chronic conditions,4,2024
ETH,2025-01-01,policy_revacc,YES,Pregnant women,4,2024
ETH,2025-01-01,policy_revacc,YES,Health and care workers,4,2024
ETH,2025-01-01,policy_revacc,YES,Children & adolescents,4,2024
ETH,2025-01-01,policy_revacc,YES,Child. & ado. with chronic conditions,4,2024
ETH,2025-01-01,policy_revacc,YES,Other groups,4,2024
ETH,2025-01-01,policy_revacc,YES,Older adults,4,2024
ETH,2025-01-01,policy_revacc_interval,6_MONTHS,Older adults with chronic conditions,4,2024
ETH,2025-01-01,policy_revacc_interval,6_MONTHS,Adults,4,2024
ETH,2025-01-01,policy_revacc_interval,6_MONTHS,Adults with chronic conditions,4,2024
ETH,2025-01-01,policy_revacc_interval,6_MONTHS,Pregnant women,4,2024
ETH,2025-01-01,policy_revacc_interval,6_MONTHS,Health and care workers,4,2024
ETH,2025-01-01,policy_revacc_interval,6_MONTHS,Children & adolescents,4,2024
ETH,2025-01-01,policy_revacc_interval,6_MONTHS,Child. & ado. with chronic conditions,4,2024
ETH,2025-01-01,policy_revacc_interval,6_MONTHS,Other groups,4,2024
ETH,2025-01-01,policy_revacc_interval,6_MONTHS,Older adults,4,2024
ETH,2025-01-01,policy_comment,,Adults,4,2024
ETH,2025-01-01,policy_comment,,Adults with chronic conditions,4,2024
ETH,2025-01-01,policy_comment,,Child. & ado. with chronic conditions,4,2024
ETH,2025-01-01,policy_comment,,Children & adolescents,4,2024
ETH,2025-01-01,policy_comment,,Health and care workers,4,2024
ETH,2025-01-01,policy_comment,,Older adults,4,2024
ETH,2025-01-01,policy_comment,,Older adults with chronic conditions,4,2024
ETH,2025-01-01,policy_comment,,Other groups,4,2024
ETH,2025-01-01,policy_comment,,Pregnant women,4,2024
ETH,2024-10-01,policy_comment,Booster dose,Older adults with chronic conditions,3,2024
ETH,2024-10-01,policy_comment,Booster dose,Adults with chronic conditions,3,2024
ETH,2024-10-01,policy_comment,Booster dose,Pregnant women,3,2024
ETH,2024-10-01,policy_comment,Booster dose,Health and care workers,3,2024
ETH,2024-10-01,policy_comment,Booster dose,Child. & ado. with chronic conditions,3,2024
ETH,2024-10-01,policy_comment,"Based on country context, IDP, Refugee & under served",Other groups,3,2024
ETH,2024-10-01,policy_comment,Booster dose,Older adults,3,2024
ETH,2024-10-01,status_product_use,YES,PFI-COJN-1,3,2024
ETH,2024-10-01,status_product_use,NO,JAP-AD26-COV-2.5-1,3,2024
ETH,2024-10-01,date_product_start,2024-08-02T00:00:00Z,PFI-COJN-1,3,2024
ETH,2024-10-01,date_product_start,2024-01-01T00:00:00Z,JAP-AD26-COV-2.5-1,3,2024
TGO,2025-01-01,policy_revacc_interval,6_MONTHS,Older adults,4,2024
TGO,2025-01-01,policy_revacc_interval,6_MONTHS,Older adults with chronic conditions,4,2024
TGO,2025-01-01,policy_revacc_interval,6_MONTHS,Adults,4,2024
TGO,2025-01-01,policy_revacc_interval,6_MONTHS,Adults with chronic conditions,4,2024
TGO,2025-01-01,policy_revacc_interval,6_MONTHS,Pregnant women,4,2024
TGO,2025-01-01,policy_revacc_interval,6_MONTHS,Health and care workers,4,2024
TGO,2025-01-01,policy_revacc_interval,6_MONTHS,Other groups,4,2024
TGO,2025-01-01,policy_vacc,YES,Older adults,4,2024
TGO,2025-01-01,policy_vacc,YES,Older adults with chronic conditions,4,2024
TGO,2025-01-01,policy_vacc,YES,Adults,4,2024
TGO,2025-01-01,policy_vacc,YES,Adults with chronic conditions,4,2024
TGO,2025-01-01,policy_vacc,YES,Pregnant women,4,2024
TGO,2025-01-01,policy_vacc,YES,Health and care workers,4,2024
TGO,2025-01-01,policy_vacc,NO,Children & adolescents,4,2024
TGO,2025-01-01,policy_vacc,NO,Child. & ado. with chronic conditions,4,2024
TGO,2025-01-01,policy_vacc,YES,Other groups,4,2024
TGO,2025-01-01,policy_revacc,YES,Older adults,4,2024
TGO,2025-01-01,policy_revacc,YES,Older adults with chronic conditions,4,2024
TGO,2025-01-01,policy_revacc,YES,Adults,4,2024
TGO,2025-01-01,policy_revacc,YES,Adults with chronic conditions,4,2024
TGO,2025-01-01,policy_revacc,YES,Pregnant women,4,2024
TGO,2025-01-01,policy_revacc,YES,Health and care workers,4,2024
TGO,2025-01-01,policy_revacc,YES,Other groups,4,2024
TGO,2025-01-01,policy_comment,,Adults,4,2024
TGO,2025-01-01,policy_comment,,Adults with chronic conditions,4,2024
TGO,2025-01-01,policy_comment,,Child. & ado. with chronic conditions,4,2024
TGO,2025-01-01,policy_comment,,Children & adolescents,4,2024
TGO,2025-01-01,policy_comment,,Health and care workers,4,2024
TGO,2025-01-01,policy_comment,,Older adults,4,2024
TGO,2025-01-01,policy_comment,,Older adults with chronic conditions,4,2024
TGO,2025-01-01,policy_comment,,Other groups,4,2024
TGO,2025-01-01,policy_comment,,Pregnant women,4,2024
TGO,2025-01-01,policy_revacc,,Child. & ado. with chronic conditions,4,2024
TGO,2025-01-01,policy_revacc,,Children & adolescents,4,2024
TGO,2025-01-01,policy_revacc_interval,,Child. & ado. with chronic conditions,4,2024
TGO,2025-01-01,policy_revacc_interval,,Children & adolescents,4,2024
SWZ,2025-01-01,policy_comment,,Adults,4,2024
SWZ,2025-01-01,policy_comment,,Adults with chronic conditions,4,2024
SWZ,2025-01-01,policy_comment,,Child. & ado. with chronic conditions,4,2024
SWZ,2025-01-01,policy_comment,,Health and care workers,4,2024
SWZ,2025-01-01,policy_comment,,Older adults,4,2024
SWZ,2025-01-01,policy_comment,,Older adults with chronic conditions,4,2024
SWZ,2025-01-01,policy_comment,,Other groups,4,2024
SWZ,2025-01-01,policy_comment,,Pregnant women,4,2024
SWZ,2025-01-01,policy_revacc_interval,,Adults,4,2024
SWZ,2025-01-01,policy_revacc_interval,,Adults with chronic conditions,4,2024
SWZ,2025-01-01,policy_revacc_interval,,Child. & ado. with chronic conditions,4,2024
SWZ,2025-01-01,policy_revacc_interval,,Health and care workers,4,2024
SWZ,2025-01-01,policy_revacc_interval,,Older adults,4,2024
SWZ,2025-01-01,policy_revacc_interval,,Older adults with chronic conditions,4,2024
SWZ,2025-01-01,policy_revacc_interval,,Other groups,4,2024
SWZ,2025-01-01,policy_revacc_interval,,Pregnant women,4,2024
SWZ,2025-01-01,policy_vacc,YES,Child. & ado. with chronic conditions,4,2024
SWZ,2025-01-01,policy_vacc,YES,Other groups,4,2024
SWZ,2025-01-01,policy_vacc,YES,Older adults,4,2024
SWZ,2025-01-01,policy_vacc,YES,Older adults with chronic conditions,4,2024
SWZ,2025-01-01,policy_vacc,YES,Adults,4,2024
SWZ,2025-01-01,policy_vacc,YES,Adults with chronic conditions,4,2024
SWZ,2025-01-01,policy_vacc,YES,Pregnant women,4,2024
SWZ,2025-01-01,policy_vacc,YES,Health and care workers,4,2024
SWZ,2025-01-01,policy_vacc,YES,Children & adolescents,4,2024
SWZ,2025-01-01,policy_revacc,NO,Child. & ado. with chronic conditions,4,2024
SWZ,2025-01-01,policy_revacc,NO,Other groups,4,2024
SWZ,2025-01-01,policy_revacc,NO,Older adults,4,2024
SWZ,2025-01-01,policy_revacc,NO,Older adults with chronic conditions,4,2024
SWZ,2025-01-01,policy_revacc,NO,Adults,4,2024
SWZ,2025-01-01,policy_revacc,NO,Adults with chronic conditions,4,2024
SWZ,2025-01-01,policy_revacc,NO,Pregnant women,4,2024
SWZ,2025-01-01,policy_revacc,NO,Health and care workers,4,2024
SWZ,2025-01-01,policy_revacc,YES,Children & adolescents,4,2024
SWZ,2025-01-01,policy_revacc_interval,6_MONTHS,Children & adolescents,4,2024
SWZ,2025-01-01,policy_comment,No additional information,Children & adolescents,4,2024
GIN,2025-01-01,policy_revacc_interval,6_MONTHS,Older adults with chronic conditions,4,2024
GIN,2025-01-01,policy_revacc_interval,6_MONTHS,Adults,4,2024
GIN,2025-01-01,policy_revacc_interval,6_MONTHS,Older adults,4,2024
GIN,2025-01-01,policy_revacc_interval,6_MONTHS,Health and care workers,4,2024
GIN,2025-01-01,policy_revacc_interval,6_MONTHS,Adults with chronic conditions,4,2024
GIN,2025-01-01,policy_revacc_interval,6_MONTHS,Children & adolescents,4,2024
GIN,2025-01-01,policy_revacc_interval,6_MONTHS,Child. & ado. with chronic conditions,4,2024
GIN,2025-01-01,policy_revacc_interval,6_MONTHS,Other groups,4,2024
GIN,2025-01-01,policy_comment,,Adults,4,2024
GIN,2025-01-01,policy_comment,,Adults with chronic conditions,4,2024
GIN,2025-01-01,policy_comment,,Child. & ado. with chronic conditions,4,2024
GIN,2025-01-01,policy_comment,,Children & adolescents,4,2024
GIN,2025-01-01,policy_comment,,Health and care workers,4,2024
GIN,2025-01-01,policy_comment,,Older adults,4,2024
GIN,2025-01-01,policy_comment,,Older adults with chronic conditions,4,2024
GIN,2025-01-01,policy_comment,,Other groups,4,2024
GIN,2025-01-01,policy_comment,,Pregnant women,4,2024
GIN,2025-01-01,policy_revacc,,Pregnant women,4,2024
GIN,2025-01-01,policy_revacc_interval,,Pregnant women,4,2024
GIN,2025-01-01,policy_revacc,YES,Older adults with chronic conditions,4,2024
GIN,2025-01-01,policy_revacc,YES,Adults,4,2024
GIN,2025-01-01,policy_revacc,YES,Older adults,4,2024
GIN,2025-01-01,policy_revacc,YES,Health and care workers,4,2024
GIN,2025-01-01,policy_revacc,YES,Adults with chronic conditions,4,2024
GIN,2025-01-01,policy_revacc,YES,Children & adolescents,4,2024
GIN,2025-01-01,policy_revacc,YES,Child. & ado. with chronic conditions,4,2024
GIN,2025-01-01,policy_revacc,YES,Other groups,4,2024
GIN,2025-01-01,policy_vacc,YES,Older adults with chronic conditions,4,2024
GIN,2025-01-01,policy_vacc,YES,Adults,4,2024
GIN,2025-01-01,policy_vacc,YES,Older adults,4,2024
GIN,2025-01-01,policy_vacc,NO,Pregnant women,4,2024
GIN,2025-01-01,policy_vacc,YES,Health and care workers,4,2024
GIN,2025-01-01,policy_vacc,YES,Adults with chronic conditions,4,2024
GIN,2025-01-01,policy_vacc,YES,Children & adolescents,4,2024
GIN,2025-01-01,policy_vacc,YES,Child. & ado. with chronic conditions,4,2024
GIN,2025-01-01,policy_vacc,YES,Other groups,4,2024
CYP,2025-01-01,policy_revacc,YES,Pregnant women,4,2024
CYP,2025-01-01,policy_revacc,YES,Health and care workers,4,2024
CYP,2025-01-01,policy_revacc,NO,Children & adolescents,4,2024
CYP,2025-01-01,policy_revacc,YES,Child. & ado. with chronic conditions,4,2024
CYP,2025-01-01,policy_revacc,YES,Older adults,4,2024
CYP,2025-01-01,policy_revacc,YES,Older adults with chronic conditions,4,2024
CYP,2025-01-01,policy_revacc,YES,Adults,4,2024
CYP,2025-01-01,policy_revacc,YES,Adults with chronic conditions,4,2024
CYP,2025-01-01,policy_vacc,YES,Pregnant women,4,2024
CYP,2025-01-01,policy_vacc,YES,Health and care workers,4,2024
CYP,2025-01-01,policy_vacc,YES,Children & adolescents,4,2024
CYP,2025-01-01,policy_vacc,YES,Child. & ado. with chronic conditions,4,2024
CYP,2025-01-01,policy_vacc,YES,Older adults,4,2024
CYP,2025-01-01,policy_vacc,YES,Older adults with chronic conditions,4,2024
CYP,2025-01-01,policy_vacc,YES,Adults,4,2024
CYP,2025-01-01,policy_vacc,YES,Adults with chronic conditions,4,2024
CYP,2024-07-01,date_product_start,2023-10-02T00:00:00Z,PFI-COXBB-1,2,2024
CYP,2024-07-01,status_product_use,YES,PFI-COXBB-1,2,2024
CYP,2024-07-01,policy_revacc,YES,Older adults,2,2024
CYP,2024-07-01,policy_revacc,YES,Older adults with chronic conditions,2,2024
CYP,2024-07-01,policy_revacc,NO,Adults,2,2024
CYP,2024-07-01,policy_revacc,YES,Adults with chronic conditions,2,2024
CYP,2024-07-01,policy_revacc,YES,Pregnant women,2,2024
CYP,2024-07-01,policy_revacc,YES,Health and care workers,2,2024
CYP,2024-07-01,policy_revacc,NO,Children & adolescents,2,2024
CYP,2024-07-01,policy_revacc,YES,Child. & ado. with chronic conditions,2,2024
CYP,2024-07-01,policy_vacc,YES,Older adults,2,2024
CYP,2024-07-01,policy_vacc,YES,Older adults with chronic conditions,2,2024
CYP,2024-07-01,policy_vacc,NO,Adults,2,2024
CYP,2024-07-01,policy_vacc,YES,Adults with chronic conditions,2,2024
CYP,2024-07-01,policy_vacc,YES,Pregnant women,2,2024
CYP,2024-07-01,policy_vacc,YES,Health and care workers,2,2024
CYP,2024-07-01,policy_vacc,NO,Children & adolescents,2,2024
CYP,2024-07-01,policy_vacc,YES,Child. & ado. with chronic conditions,2,2024
CYP,2024-07-01,policy_comment,moderately or severely immunocompromised,Older adults,2,2024
CYP,2024-07-01,policy_comment,moderately or severely immunocompromised,Older adults with chronic conditions,2,2024
CYP,2024-07-01,policy_comment,moderately or severely immunocompromised,Adults with chronic conditions,2,2024
CYP,2024-07-01,policy_comment,moderately or severely immunocompromised,Pregnant women,2,2024
CYP,2024-07-01,policy_comment,moderately or severely immunocompromised,Health and care workers,2,2024
CYP,2024-07-01,policy_comment,moderately or severely immunocompromised,Child. & ado. with chronic conditions,2,2024
CYP,2024-07-01,policy_revacc_interval,6 months,Older adults,2,2024
CYP,2024-07-01,policy_revacc_interval,6 months,Older adults with chronic conditions,2,2024
CYP,2024-07-01,policy_revacc_interval,6 months,Adults with chronic conditions,2,2024
CYP,2024-07-01,policy_revacc_interval,6 months,Pregnant women,2,2024
CYP,2024-07-01,policy_revacc_interval,6 months,Health and care workers,2,2024
CYP,2024-07-01,policy_revacc_interval,6 months,Child. & ado. with chronic conditions,2,2024
CYP,2024-04-01,policy_vacc,YES,Older adults,1,2024
CYP,2024-04-01,policy_vacc,YES,Older adults with chronic conditions,1,2024
CYP,2024-04-01,policy_vacc,YES,Adults,1,2024
CYP,2024-04-01,policy_vacc,YES,Adults with chronic conditions,1,2024
CYP,2024-04-01,policy_vacc,YES,Pregnant women,1,2024
CYP,2024-04-01,policy_vacc,YES,Health and care workers,1,2024
CYP,2024-04-01,policy_vacc,NO,Children & adolescents,1,2024
CYP,2024-04-01,policy_vacc,YES,Child. & ado. with chronic conditions,1,2024
CYP,2024-10-01,policy_comment,moderately or severely immunocompromised,Older adults,3,2024
CYP,2024-10-01,policy_comment,moderately or severely immunocompromised,Older adults with chronic conditions,3,2024
CYP,2024-10-01,policy_comment,moderately or severely immunocompromised,Adults,3,2024
CYP,2024-10-01,policy_comment,moderately or severely immunocompromised,Adults with chronic conditions,3,2024
CYP,2024-10-01,policy_comment,moderately or severely immunocompromised,Pregnant women,3,2024
CYP,2024-10-01,policy_comment,moderately or severely immunocompromised,Health and care workers,3,2024
CYP,2024-10-01,policy_comment,moderately or severely immunocompromised,Children & adolescents,3,2024
CYP,2024-10-01,policy_comment,moderately or severely immunocompromised,Child. & ado. with chronic conditions,3,2024
CYP,2024-10-01,policy_revacc_interval,4 months,Older adults,3,2024
CYP,2024-10-01,policy_revacc_interval,4 months,Older adults with chronic conditions,3,2024
CYP,2024-10-01,policy_revacc_interval,4 months,Adults,3,2024
CYP,2024-10-01,policy_revacc_interval,4 months,Adults with chronic conditions,3,2024
CYP,2024-10-01,policy_revacc_interval,4 months,Pregnant women,3,2024
CYP,2024-10-01,policy_revacc_interval,4 months,Health and care workers,3,2024
CYP,2024-10-01,policy_revacc_interval,4 months,Children & adolescents,3,2024
CYP,2024-10-01,policy_revacc_interval,4 months,Child. & ado. with chronic conditions,3,2024
CYP,2024-10-01,policy_vacc,YES,Older adults,3,2024
CYP,2024-10-01,policy_vacc,YES,Older adults with chronic conditions,3,2024
CYP,2024-10-01,policy_vacc,YES,Adults,3,2024
CYP,2024-10-01,policy_vacc,YES,Adults with chronic conditions,3,2024
CYP,2024-10-01,policy_vacc,YES,Pregnant women,3,2024
CYP,2024-10-01,policy_vacc,YES,Health and care workers,3,2024
CYP,2024-10-01,policy_vacc,YES,Children & adolescents,3,2024
CYP,2024-10-01,policy_vacc,YES,Child. & ado. with chronic conditions,3,2024
CYP,2024-10-01,policy_revacc,YES,Older adults,3,2024
CYP,2024-10-01,policy_revacc,YES,Older adults with chronic conditions,3,2024
CYP,2024-10-01,policy_revacc,YES,Adults,3,2024
CYP,2024-10-01,policy_revacc,YES,Adults with chronic conditions,3,2024
CYP,2024-10-01,policy_revacc,YES,Pregnant women,3,2024
CYP,2024-10-01,policy_revacc,YES,Health and care workers,3,2024
CYP,2024-10-01,policy_revacc,YES,Children & adolescents,3,2024
CYP,2024-10-01,policy_revacc,YES,Child. & ado. with chronic conditions,3,2024
CYP,2024-10-01,comment,We are using the following vaccine products  Comirnaty JN.1 30/Comirnaty JN.1 10/Comirnaty JN.1 3,OTHER,3,2024
CYP,2024-10-01,status_product_use,YES,OTHER,3,2024
CYP,2024-10-01,date_product_start,2023-10-02T00:00:00Z,OTHER,3,2024
CYP,2024-10-01,date_product_start,2024-08-09T00:00:00Z,PFI-COJN-1,3,2024
CYP,2024-10-01,status_product_use,YES,PFI-COJN-1,3,2024
CYP,2024-10-01,comment,We are using the following vaccine products  Comirnaty JN.1 30/Comirnaty JN.1 10/Comirnaty JN.1 3,PFI-COJN-1,3,2024
CYP,2025-01-01,policy_revacc_interval,12_MONTHS,Pregnant women,4,2024
CYP,2025-01-01,policy_revacc_interval,12_MONTHS,Health and care workers,4,2024
CYP,2025-01-01,policy_revacc_interval,12_MONTHS,Child. & ado. with chronic conditions,4,2024
CYP,2025-01-01,policy_revacc_interval,12_MONTHS,Older adults,4,2024
CYP,2025-01-01,policy_revacc_interval,12_MONTHS,Older adults with chronic conditions,4,2024
CYP,2025-01-01,policy_revacc_interval,12_MONTHS,Adults,4,2024
CYP,2025-01-01,policy_revacc_interval,12_MONTHS,Adults with chronic conditions,4,2024
CYP,2025-01-01,policy_comment,,Adults,4,2024
CYP,2025-01-01,policy_comment,,Adults with chronic conditions,4,2024
CYP,2025-01-01,policy_comment,,Child. & ado. with chronic conditions,4,2024
CYP,2025-01-01,policy_comment,,Children & adolescents,4,2024
CYP,2025-01-01,policy_comment,,Health and care workers,4,2024
CYP,2025-01-01,policy_comment,,Older adults,4,2024
CYP,2025-01-01,policy_comment,,Older adults with chronic conditions,4,2024
CYP,2025-01-01,policy_comment,,Other groups,4,2024
CYP,2025-01-01,policy_comment,,Pregnant women,4,2024
CYP,2025-01-01,policy_revacc,,Other groups,4,2024
CYP,2025-01-01,policy_revacc_interval,,Children & adolescents,4,2024
CYP,2025-01-01,policy_revacc_interval,,Other groups,4,2024
CYP,2025-01-01,policy_vacc,,Other groups,4,2024
PNG,2025-01-01,policy_vacc,YES,Older adults,4,2024
PNG,2025-01-01,policy_vacc,YES,Older adults with chronic conditions,4,2024
PNG,2025-01-01,policy_vacc,YES,Adults,4,2024
PNG,2025-01-01,policy_vacc,YES,Adults with chronic conditions,4,2024
PNG,2025-01-01,policy_vacc,NO,Pregnant women,4,2024
PNG,2025-01-01,policy_vacc,YES,Health and care workers,4,2024
PNG,2025-01-01,policy_vacc,NO,Children & adolescents,4,2024
PNG,2025-01-01,policy_vacc,NO,Child. & ado. with chronic conditions,4,2024
PNG,2025-01-01,policy_vacc,NO,Other groups,4,2024
PNG,2025-01-01,policy_revacc,YES,Older adults,4,2024
PNG,2025-01-01,policy_revacc,YES,Older adults with chronic conditions,4,2024
PNG,2025-01-01,policy_revacc,YES,Adults,4,2024
PNG,2025-01-01,policy_revacc,YES,Adults with chronic conditions,4,2024
PNG,2025-01-01,policy_revacc,YES,Health and care workers,4,2024
PNG,2025-01-01,policy_comment,"Older adults >45 years, Booster vaccination started on 13 Jan 2022 using AZ and JJ  JJ: 2-6 months after 1st dose AZ: 6 months after 2nd dose (Sinopharm was not recommended)",Older adults,4,2024
PNG,2025-01-01,policy_comment,Booster vaccination started on 13 Jan 2022 using AZ and JJ  JJ: 2-6 months after 1st dose AZ: 6 months after 2nd dose (Sinopharm was not recommended),Adults,4,2024
PNG,2025-01-01,policy_comment,"those persons with co-morbidities of hypertension, diabetes mellitus, chronic renal and  liver disease are at risk for more serious disease if infected with COVID-19. Therefore, those  persons with comorbidity will receive priority to be vaccinated",Adults with chronic conditions,4,2024
PNG,2025-01-01,policy_comment,"All Frontline healthcare workers and also essential care workers, 3% of total population",Health and care workers,4,2024
PNG,2024-10-01,status_product_use,NO,SII-COVISHIELD-1,3,2024
PNG,2024-10-01,status_product_use,NO,ASZ-AZD1222-1,3,2024
PNG,2024-10-01,status_product_use,NO,BIB-INAC-SARS2-1,3,2024
PNG,2024-10-01,status_product_use,YES,JAP-AD26-COV-2.5-1,3,2024
PNG,2024-10-01,policy_vacc,YES,Older adults,3,2024
PNG,2024-10-01,policy_vacc,YES,Older adults with chronic conditions,3,2024
PNG,2024-10-01,policy_vacc,YES,Adults,3,2024
PNG,2024-10-01,policy_vacc,YES,Adults with chronic conditions,3,2024
PNG,2024-10-01,policy_vacc,YES,Pregnant women,3,2024
PNG,2024-10-01,policy_vacc,YES,Health and care workers,3,2024
PNG,2024-10-01,policy_vacc,NO,Children & adolescents,3,2024
PNG,2024-10-01,policy_vacc,NO,Child. & ado. with chronic conditions,3,2024
PNG,2024-10-01,policy_comment,45 years and up,Older adults,3,2024
PNG,2024-10-01,policy_comment,18 years and up,Adults,3,2024
PNG,2024-07-01,policy_vacc,YES,Older adults,2,2024
PNG,2024-07-01,policy_vacc,YES,Older adults with chronic conditions,2,2024
PNG,2024-07-01,policy_vacc,YES,Adults,2,2024
PNG,2024-07-01,policy_vacc,YES,Adults with chronic conditions,2,2024
PNG,2024-07-01,policy_vacc,YES,Pregnant women,2,2024
PNG,2024-07-01,policy_vacc,YES,Health and care workers,2,2024
PNG,2024-07-01,policy_vacc,NO,Children & adolescents,2,2024
PNG,2024-07-01,policy_vacc,NO,Child. & ado. with chronic conditions,2,2024
PNG,2024-07-01,policy_comment,45 years and up,Older adults,2,2024
PNG,2024-07-01,policy_comment,18 years and up,Adults,2,2024
PNG,2024-04-01,policy_comment,45 years and up,Older adults,1,2024
PNG,2024-04-01,policy_comment,18 years and up,Adults,1,2024
PNG,2024-04-01,policy_vacc,YES,Older adults,1,2024
PNG,2024-04-01,policy_vacc,YES,Older adults with chronic conditions,1,2024
PNG,2024-04-01,policy_vacc,YES,Adults,1,2024
PNG,2024-04-01,policy_vacc,YES,Adults with chronic conditions,1,2024
PNG,2024-04-01,policy_vacc,YES,Pregnant women,1,2024
PNG,2024-04-01,policy_vacc,YES,Health and care workers,1,2024
PNG,2024-04-01,policy_vacc,NO,Children & adolescents,1,2024
PNG,2024-04-01,policy_vacc,NO,Child. & ado. with chronic conditions,1,2024
PNG,2025-01-01,policy_comment,,Child. & ado. with chronic conditions,4,2024
PNG,2025-01-01,policy_comment,,Children & adolescents,4,2024
PNG,2025-01-01,policy_comment,,Older adults with chronic conditions,4,2024
PNG,2025-01-01,policy_comment,,Other groups,4,2024
PNG,2025-01-01,policy_comment,,Pregnant women,4,2024
PNG,2025-01-01,policy_revacc,,Child. & ado. with chronic conditions,4,2024
PNG,2025-01-01,policy_revacc,,Children & adolescents,4,2024
PNG,2025-01-01,policy_revacc,,Other groups,4,2024
PNG,2025-01-01,policy_revacc,,Pregnant women,4,2024
PNG,2025-01-01,policy_revacc_interval,,Adults,4,2024
PNG,2025-01-01,policy_revacc_interval,,Adults with chronic conditions,4,2024
PNG,2025-01-01,policy_revacc_interval,,Child. & ado. with chronic conditions,4,2024
PNG,2025-01-01,policy_revacc_interval,,Children & adolescents,4,2024
PNG,2025-01-01,policy_revacc_interval,,Health and care workers,4,2024
PNG,2025-01-01,policy_revacc_interval,,Older adults,4,2024
PNG,2025-01-01,policy_revacc_interval,,Older adults with chronic conditions,4,2024
PNG,2025-01-01,policy_revacc_interval,,Other groups,4,2024
PNG,2025-01-01,policy_revacc_interval,,Pregnant women,4,2024
PNG,2024-04-01,status_product_use,NO,SII-COVISHIELD-1,1,2024
PNG,2024-04-01,status_product_use,NO,ASZ-AZD1222-1,1,2024
PNG,2024-04-01,status_product_use,NO,BIB-INAC-SARS2-1,1,2024
PNG,2024-04-01,status_product_use,YES,JAP-AD26-COV-2.5-1,1,2024
PNG,2024-07-01,status_product_use,NO,SII-COVISHIELD-1,2,2024
PNG,2024-07-01,status_product_use,NO,ASZ-AZD1222-1,2,2024
PNG,2024-07-01,status_product_use,NO,BIB-INAC-SARS2-1,2,2024
PNG,2024-07-01,status_product_use,YES,JAP-AD26-COV-2.5-1,2,2024
GHA,2024-04-01,status_product_use,YES,JAP-AD26-COV-2.5-1,1,2024
GHA,2024-04-01,status_product_use,NO,GRI-SPUTNIKV-1,1,2024
GHA,2024-04-01,status_product_use,NO,ASZ-AZD1222-1,1,2024
GHA,2024-04-01,status_product_use,NO,SII-COVISHIELD-1,1,2024
GHA,2024-04-01,status_product_use,NO,PFI-COMIRNATY-1,1,2024
GHA,2024-04-01,status_product_use,NO,MOC-MRNA-1273-1,1,2024
GHA,2024-04-01,comment,Date used here refers to Regulatory approvals dates,JAP-AD26-COV-2.5-1,1,2024
GHA,2024-04-01,comment,out of stock,GRI-SPUTNIKV-1,1,2024
GHA,2024-04-01,comment,out of stock,ASZ-AZD1222-1,1,2024
GHA,2024-04-01,comment,out of stock,SII-COVISHIELD-1,1,2024
GHA,2024-04-01,comment,out of stock,PFI-COMIRNATY-1,1,2024
GHA,2024-04-01,comment,out of stock,MOC-MRNA-1273-1,1,2024
GHA,2024-04-01,date_product_start,2021-02-03T00:00:00Z,JAP-AD26-COV-2.5-1,1,2024
GHA,2024-04-01,date_product_start,2021-02-21T00:00:00Z,GRI-SPUTNIKV-1,1,2024
GHA,2024-04-01,date_product_start,2021-07-29T00:00:00Z,ASZ-AZD1222-1,1,2024
GHA,2024-04-01,date_product_start,2021-02-12T00:00:00Z,SII-COVISHIELD-1,1,2024
GHA,2024-04-01,date_product_start,2021-06-30T00:00:00Z,PFI-COMIRNATY-1,1,2024
GHA,2024-04-01,date_product_start,2021-07-29T00:00:00Z,MOC-MRNA-1273-1,1,2024
GHA,2025-01-01,policy_vacc,YES,Older adults,4,2024
GHA,2025-01-01,policy_vacc,YES,Older adults with chronic conditions,4,2024
GHA,2025-01-01,policy_vacc,YES,Adults,4,2024
GHA,2025-01-01,policy_vacc,YES,Adults with chronic conditions,4,2024
GHA,2025-01-01,policy_vacc,YES,Pregnant women,4,2024
GHA,2025-01-01,policy_vacc,YES,Health and care workers,4,2024
GHA,2025-01-01,policy_vacc,NO,Children & adolescents,4,2024
GHA,2025-01-01,policy_vacc,YES,Child. & ado. with chronic conditions,4,2024
GHA,2025-01-01,policy_vacc,NO,Other groups,4,2024
GHA,2025-01-01,policy_revacc,NO,Older adults,4,2024
GHA,2025-01-01,policy_revacc,YES,Older adults with chronic conditions,4,2024
GHA,2025-01-01,policy_revacc,NO,Adults,4,2024
GHA,2025-01-01,policy_revacc,YES,Adults with chronic conditions,4,2024
GHA,2025-01-01,policy_revacc,NO,Pregnant women,4,2024
GHA,2025-01-01,policy_revacc,YES,Health and care workers,4,2024
GHA,2025-01-01,policy_revacc,NO,Children & adolescents,4,2024
GHA,2025-01-01,policy_revacc,YES,Child. & ado. with chronic conditions,4,2024
GHA,2025-01-01,policy_revacc,NO,Other groups,4,2024
GHA,2024-04-01,policy_vacc,YES,Older adults,1,2024
GHA,2024-04-01,policy_vacc,YES,Older adults with chronic conditions,1,2024
GHA,2024-04-01,policy_vacc,YES,Adults,1,2024
GHA,2024-04-01,policy_vacc,YES,Adults with chronic conditions,1,2024
GHA,2024-04-01,policy_vacc,YES,Pregnant women,1,2024
GHA,2024-04-01,policy_vacc,YES,Health and care workers,1,2024
GHA,2024-04-01,policy_vacc,NO,Children & adolescents,1,2024
GHA,2024-04-01,policy_vacc,NO,Child. & ado. with chronic conditions,1,2024
GHA,2024-04-01,policy_vacc,NO,Other groups,1,2024
GHA,2024-04-01,policy_revacc,YES,Older adults,1,2024
GHA,2024-04-01,policy_revacc,YES,Older adults with chronic conditions,1,2024
GHA,2024-04-01,policy_revacc,YES,Adults,1,2024
GHA,2024-04-01,policy_revacc,YES,Adults with chronic conditions,1,2024
GHA,2024-04-01,policy_revacc,YES,Pregnant women,1,2024
GHA,2024-04-01,policy_revacc,YES,Health and care workers,1,2024
GHA,2024-04-01,policy_revacc,NO,Children & adolescents,1,2024
GHA,2024-04-01,policy_revacc,NO,Child. & ado. with chronic conditions,1,2024
GHA,2024-04-01,policy_revacc,NO,Other groups,1,2024
GHA,2024-04-01,policy_revacc_interval,6-12 months,Older adults,1,2024
GHA,2024-04-01,policy_revacc_interval,6-12 months,Older adults with chronic conditions,1,2024
GHA,2024-04-01,policy_revacc_interval,6-12 months,Adults,1,2024
GHA,2024-04-01,policy_revacc_interval,6-12 months,Adults with chronic conditions,1,2024
GHA,2024-04-01,policy_revacc_interval,6-12 months,Pregnant women,1,2024
GHA,2024-04-01,policy_revacc_interval,6-12 months,Health and care workers,1,2024
GHA,2025-01-01,policy_comment,,Children & adolescents,4,2024
GHA,2025-01-01,policy_comment,Nil,Older adults,4,2024
GHA,2025-01-01,policy_comment,Recommended by NITAG,Older adults with chronic conditions,4,2024
GHA,2025-01-01,policy_comment,Nil,Adults,4,2024
GHA,2025-01-01,policy_comment,Recommended by NITAG,Adults with chronic conditions,4,2024
GHA,2025-01-01,policy_comment,None,Pregnant women,4,2024
GHA,2025-01-01,policy_comment,None,Health and care workers,4,2024
GHA,2025-01-01,policy_comment,None,Child. & ado. with chronic conditions,4,2024
GHA,2025-01-01,policy_comment,None,Other groups,4,2024
GHA,2025-01-01,policy_revacc_interval,OTHER,Older adults,4,2024
GHA,2025-01-01,policy_revacc_interval,6_MONTHS,Older adults with chronic conditions,4,2024
GHA,2025-01-01,policy_revacc_interval,OTHER,Adults,4,2024
GHA,2025-01-01,policy_revacc_interval,6_MONTHS,Adults with chronic conditions,4,2024
GHA,2025-01-01,policy_revacc_interval,OTHER,Pregnant women,4,2024
GHA,2025-01-01,policy_revacc_interval,12_MONTHS,Health and care workers,4,2024
GHA,2025-01-01,policy_revacc_interval,OTHER,Children & adolescents,4,2024
GHA,2025-01-01,policy_revacc_interval,12_MONTHS,Child. & ado. with chronic conditions,4,2024
GHA,2025-01-01,policy_revacc_interval,OTHER,Other groups,4,2024
HUN,2025-01-01,policy_comment,any trimester,Pregnant women,4,2024
HUN,2025-01-01,policy_comment,>60 years,Older adults,4,2024
HUN,2025-01-01,policy_vacc,YES,Child. & ado. with chronic conditions,4,2024
HUN,2025-01-01,policy_vacc,NO,Other groups,4,2024
HUN,2025-01-01,policy_vacc,YES,Adults with chronic conditions,4,2024
HUN,2025-01-01,policy_vacc,YES,Pregnant women,4,2024
HUN,2025-01-01,policy_vacc,YES,Health and care workers,4,2024
HUN,2025-01-01,policy_vacc,NO,Children & adolescents,4,2024
HUN,2025-01-01,policy_vacc,YES,Older adults,4,2024
HUN,2025-01-01,policy_vacc,YES,Older adults with chronic conditions,4,2024
HUN,2025-01-01,policy_vacc,NO,Adults,4,2024
HUN,2025-01-01,policy_comment,,Adults,4,2024
HUN,2025-01-01,policy_comment,,Adults with chronic conditions,4,2024
HUN,2025-01-01,policy_comment,,Child. & ado. with chronic conditions,4,2024
HUN,2025-01-01,policy_comment,,Children & adolescents,4,2024
HUN,2025-01-01,policy_comment,,Health and care workers,4,2024
HUN,2025-01-01,policy_comment,,Older adults with chronic conditions,4,2024
HUN,2025-01-01,policy_comment,,Other groups,4,2024
HUN,2025-01-01,policy_revacc,,Adults,4,2024
HUN,2025-01-01,policy_revacc,,Adults with chronic conditions,4,2024
HUN,2025-01-01,policy_revacc,,Child. & ado. with chronic conditions,4,2024
HUN,2025-01-01,policy_revacc,,Children & adolescents,4,2024
HUN,2025-01-01,policy_revacc,,Health and care workers,4,2024
HUN,2025-01-01,policy_revacc,,Older adults,4,2024
HUN,2025-01-01,policy_revacc,,Older adults with chronic conditions,4,2024
HUN,2025-01-01,policy_revacc,,Other groups,4,2024
HUN,2025-01-01,policy_revacc,,Pregnant women,4,2024
HUN,2025-01-01,policy_revacc_interval,,Adults,4,2024
HUN,2025-01-01,policy_revacc_interval,,Adults with chronic conditions,4,2024
HUN,2025-01-01,policy_revacc_interval,,Child. & ado. with chronic conditions,4,2024
HUN,2025-01-01,policy_revacc_interval,,Children & adolescents,4,2024
HUN,2025-01-01,policy_revacc_interval,,Health and care workers,4,2024
HUN,2025-01-01,policy_revacc_interval,,Older adults,4,2024
HUN,2025-01-01,policy_revacc_interval,,Older adults with chronic conditions,4,2024
HUN,2025-01-01,policy_revacc_interval,,Other groups,4,2024
HUN,2025-01-01,policy_revacc_interval,,Pregnant women,4,2024
HUN,2024-10-01,policy_vacc,YES,Older adults,3,2024
HUN,2024-10-01,policy_vacc,YES,Older adults with chronic conditions,3,2024
HUN,2024-10-01,policy_vacc,YES,Adults with chronic conditions,3,2024
HUN,2024-10-01,policy_vacc,YES,Health and care workers,3,2024
HUN,2024-10-01,comment,The vaccine expired on 31/08/2021,MOC-SXBB-1,3,2024
HUN,2024-10-01,status_product_use,NO,PFI-CBOOB1-1,3,2024
HUN,2024-10-01,status_product_use,NO,MOC-SXBB-1,3,2024
HUN,2024-10-01,status_product_use,NO,JAP-AD26-COV-2.5-1,3,2024
HUN,2024-10-01,status_product_use,NO,BIB-INAC-SARS2-1,3,2024
HUN,2024-10-01,status_product_use,NO,ASZ-AZD1222-1,3,2024
HUN,2024-10-01,status_product_use,NO,MOC-MRNA-1273-1,3,2024
HUN,2024-10-01,status_product_use,NO,PFI-COMIRNATY-1,3,2024
HUN,2024-10-01,status_product_use,NO,GRI-SPUTNIKV-1,3,2024
HUN,2024-10-01,date_product_start,2022-09-18T00:00:00Z,PFI-CBOOB1-1,3,2024
HUN,2024-10-01,date_product_start,2023-12-15T00:00:00Z,MOC-SXBB-1,3,2024
HUN,2024-10-01,date_product_start,2021-03-01T00:00:00Z,JAP-AD26-COV-2.5-1,3,2024
HUN,2024-10-01,date_product_start,2021-02-15T00:00:00Z,BIB-INAC-SARS2-1,3,2024
HUN,2024-10-01,date_product_start,2021-02-01T00:00:00Z,ASZ-AZD1222-1,3,2024
HUN,2024-10-01,date_product_start,2020-12-26T00:00:00Z,MOC-MRNA-1273-1,3,2024
HUN,2024-10-01,date_product_start,2020-12-26T00:00:00Z,PFI-COMIRNATY-1,3,2024
HUN,2024-10-01,date_product_start,2021-02-01T00:00:00Z,GRI-SPUTNIKV-1,3,2024
HUN,2024-07-01,policy_vacc,YES,Adults with chronic conditions,2,2024
HUN,2024-07-01,policy_vacc,YES,Health and care workers,2,2024
HUN,2024-07-01,policy_vacc,YES,Older adults,2,2024
HUN,2024-07-01,policy_vacc,YES,Older adults with chronic conditions,2,2024
HUN,2024-04-01,date_product_start,2023-12-15T00:00:00Z,MOC-SXBB-1,1,2024
HUN,2024-04-01,date_product_start,2021-03-01T00:00:00Z,JAP-AD26-COV-2.5-1,1,2024
HUN,2024-04-01,date_product_start,2020-12-26T00:00:00Z,MOC-MRNA-1273-1,1,2024
HUN,2024-04-01,date_product_start,2020-12-26T00:00:00Z,PFI-COMIRNATY-1,1,2024
HUN,2024-04-01,date_product_start,2021-02-01T00:00:00Z,GRI-SPUTNIKV-1,1,2024
HUN,2024-04-01,date_product_start,2022-09-18T00:00:00Z,PFI-CBOOB1-1,1,2024
HUN,2024-04-01,date_product_start,2021-02-15T00:00:00Z,BIB-INAC-SARS2-1,1,2024
HUN,2024-04-01,date_product_start,2021-02-01T00:00:00Z,ASZ-AZD1222-1,1,2024
HUN,2024-04-01,status_product_use,YES,MOC-SXBB-1,1,2024
HUN,2024-04-01,status_product_use,NO,JAP-AD26-COV-2.5-1,1,2024
HUN,2024-04-01,status_product_use,NO,MOC-MRNA-1273-1,1,2024
HUN,2024-04-01,status_product_use,NO,PFI-COMIRNATY-1,1,2024
HUN,2024-04-01,status_product_use,NO,GRI-SPUTNIKV-1,1,2024
HUN,2024-04-01,status_product_use,YES,PFI-CBOOB1-1,1,2024
HUN,2024-04-01,status_product_use,NO,BIB-INAC-SARS2-1,1,2024
HUN,2024-04-01,status_product_use,NO,ASZ-AZD1222-1,1,2024
HUN,2024-07-01,date_product_start,2022-09-18T00:00:00Z,PFI-CBOOB1-1,2,2024
HUN,2024-07-01,date_product_start,2021-02-15T00:00:00Z,BIB-INAC-SARS2-1,2,2024
HUN,2024-07-01,date_product_start,2021-02-01T00:00:00Z,ASZ-AZD1222-1,2,2024
HUN,2024-07-01,date_product_start,2023-12-15T00:00:00Z,MOC-SXBB-1,2,2024
HUN,2024-07-01,date_product_start,2021-03-01T00:00:00Z,JAP-AD26-COV-2.5-1,2,2024
HUN,2024-07-01,date_product_start,2020-12-26T00:00:00Z,MOC-MRNA-1273-1,2,2024
HUN,2024-07-01,date_product_start,2020-12-26T00:00:00Z,PFI-COMIRNATY-1,2,2024
HUN,2024-07-01,date_product_start,2021-02-01T00:00:00Z,GRI-SPUTNIKV-1,2,2024
HUN,2024-07-01,status_product_use,YES,PFI-CBOOB1-1,2,2024
HUN,2024-07-01,status_product_use,NO,BIB-INAC-SARS2-1,2,2024
HUN,2024-07-01,status_product_use,NO,ASZ-AZD1222-1,2,2024
HUN,2024-07-01,status_product_use,YES,MOC-SXBB-1,2,2024
HUN,2024-07-01,status_product_use,NO,JAP-AD26-COV-2.5-1,2,2024
HUN,2024-07-01,status_product_use,NO,MOC-MRNA-1273-1,2,2024
HUN,2024-07-01,status_product_use,NO,PFI-COMIRNATY-1,2,2024
HUN,2024-07-01,status_product_use,NO,GRI-SPUTNIKV-1,2,2024
HUN,2024-04-01,policy_vacc,YES,Older adults,1,2024
HUN,2024-04-01,policy_vacc,YES,Older adults with chronic conditions,1,2024
HUN,2024-04-01,policy_vacc,YES,Adults with chronic conditions,1,2024
HUN,2024-04-01,policy_vacc,YES,Health and care workers,1,2024
NPL,2024-07-01,status_product_use,NO,MOC-MRNA-1273-1,2,2024
NPL,2024-07-01,status_product_use,NO,SII-COVISHIELD-1,2,2024
NPL,2024-07-01,status_product_use,NO,ASZ-AZD1222-1,2,2024
NPL,2024-07-01,status_product_use,YES,PFI-CBOOB1-2,2,2024
NPL,2024-07-01,status_product_use,NO,JAP-AD26-COV-2.5-1,2,2024
NPL,2024-07-01,status_product_use,NO,PFI-COMIRNATY-1,2,2024
NPL,2024-07-01,status_product_use,NO,BIB-INAC-SARS2-1,2,2024
NPL,2024-07-01,date_product_start,2022-12-12T00:00:00Z,MOC-MRNA-1273-1,2,2024
NPL,2024-07-01,date_product_start,2021-01-27T00:00:00Z,SII-COVISHIELD-1,2,2024
NPL,2024-07-01,date_product_start,2021-08-09T00:00:00Z,ASZ-AZD1222-1,2,2024
NPL,2024-07-01,date_product_start,2022-12-28T00:00:00Z,PFI-CBOOB1-2,2,2024
NPL,2024-07-01,date_product_start,2021-07-19T00:00:00Z,JAP-AD26-COV-2.5-1,2,2024
NPL,2024-07-01,date_product_start,2021-11-14T00:00:00Z,PFI-COMIRNATY-1,2,2024
NPL,2024-07-01,date_product_start,2021-04-07T00:00:00Z,BIB-INAC-SARS2-1,2,2024
NPL,2024-04-01,status_product_use,YES,PFI-CBOOB1-2,1,2024
NPL,2024-04-01,status_product_use,NO,JAP-AD26-COV-2.5-1,1,2024
NPL,2024-04-01,status_product_use,NO,MOC-MRNA-1273-1,1,2024
NPL,2024-04-01,status_product_use,NO,SII-COVISHIELD-1,1,2024
NPL,2024-04-01,status_product_use,NO,PFI-COMIRNATY-1,1,2024
NPL,2024-04-01,status_product_use,NO,BIB-INAC-SARS2-1,1,2024
NPL,2024-04-01,status_product_use,NO,ASZ-AZD1222-1,1,2024
NPL,2024-04-01,date_product_start,2022-12-28T00:00:00Z,PFI-CBOOB1-2,1,2024
NPL,2024-04-01,date_product_start,2021-07-19T00:00:00Z,JAP-AD26-COV-2.5-1,1,2024
NPL,2024-04-01,date_product_start,2022-12-12T00:00:00Z,MOC-MRNA-1273-1,1,2024
NPL,2024-04-01,date_product_start,2021-01-27T00:00:00Z,SII-COVISHIELD-1,1,2024
NPL,2024-04-01,date_product_start,2021-11-14T00:00:00Z,PFI-COMIRNATY-1,1,2024
NPL,2024-04-01,date_product_start,2021-04-07T00:00:00Z,BIB-INAC-SARS2-1,1,2024
NPL,2024-04-01,date_product_start,2021-08-09T00:00:00Z,ASZ-AZD1222-1,1,2024
NPL,2025-01-01,policy_comment,,Adults,4,2024
NPL,2025-01-01,policy_comment,,Adults with chronic conditions,4,2024
NPL,2025-01-01,policy_comment,,Child. & ado. with chronic conditions,4,2024
NPL,2025-01-01,policy_comment,,Children & adolescents,4,2024
NPL,2025-01-01,policy_comment,,Health and care workers,4,2024
NPL,2025-01-01,policy_comment,,Older adults,4,2024
NPL,2025-01-01,policy_comment,,Older adults with chronic conditions,4,2024
NPL,2025-01-01,policy_comment,,Other groups,4,2024
NPL,2025-01-01,policy_comment,,Pregnant women,4,2024
NPL,2025-01-01,policy_revacc,,Other groups,4,2024
NPL,2025-01-01,policy_revacc_interval,,Children & adolescents,4,2024
NPL,2025-01-01,policy_revacc_interval,,Other groups,4,2024
NPL,2025-01-01,policy_vacc,,Other groups,4,2024
NPL,2024-10-01,date_product_start,2021-07-19T00:00:00Z,JAP-AD26-COV-2.5-1,3,2024
NPL,2024-10-01,date_product_start,2021-11-14T00:00:00Z,PFI-COMIRNATY-1,3,2024
NPL,2024-10-01,date_product_start,2021-04-07T00:00:00Z,BIB-INAC-SARS2-1,3,2024
NPL,2024-10-01,date_product_start,2022-12-12T00:00:00Z,MOC-MRNA-1273-1,3,2024
NPL,2024-10-01,date_product_start,2021-01-27T00:00:00Z,SII-COVISHIELD-1,3,2024
NPL,2024-10-01,date_product_start,2021-08-09T00:00:00Z,ASZ-AZD1222-1,3,2024
NPL,2024-10-01,date_product_start,2022-12-28T00:00:00Z,PFI-CBOOB1-2,3,2024
NPL,2024-10-01,status_product_use,NO,JAP-AD26-COV-2.5-1,3,2024
NPL,2024-10-01,status_product_use,NO,PFI-COMIRNATY-1,3,2024
NPL,2024-10-01,status_product_use,NO,BIB-INAC-SARS2-1,3,2024
NPL,2024-10-01,status_product_use,NO,MOC-MRNA-1273-1,3,2024
NPL,2024-10-01,status_product_use,NO,SII-COVISHIELD-1,3,2024
NPL,2024-10-01,status_product_use,NO,ASZ-AZD1222-1,3,2024
NPL,2024-10-01,status_product_use,YES,PFI-CBOOB1-2,3,2024
NPL,2025-01-01,policy_revacc,YES,Older adults with chronic conditions,4,2024
NPL,2025-01-01,policy_revacc,YES,Adults,4,2024
NPL,2025-01-01,policy_revacc,YES,Adults with chronic conditions,4,2024
NPL,2025-01-01,policy_revacc,YES,Pregnant women,4,2024
NPL,2025-01-01,policy_revacc,YES,Health and care workers,4,2024
NPL,2025-01-01,policy_revacc,NO,Children & adolescents,4,2024
NPL,2025-01-01,policy_revacc,YES,Child. & ado. with chronic conditions,4,2024
NPL,2025-01-01,policy_revacc,YES,Older adults,4,2024
NPL,2025-01-01,policy_revacc_interval,12_MONTHS,Older adults with chronic conditions,4,2024
NPL,2025-01-01,policy_revacc_interval,12_MONTHS,Adults,4,2024
NPL,2025-01-01,policy_revacc_interval,12_MONTHS,Adults with chronic conditions,4,2024
NPL,2025-01-01,policy_revacc_interval,OTHER,Pregnant women,4,2024
NPL,2025-01-01,policy_revacc_interval,12_MONTHS,Health and care workers,4,2024
NPL,2025-01-01,policy_revacc_interval,12_MONTHS,Child. & ado. with chronic conditions,4,2024
NPL,2025-01-01,policy_revacc_interval,12_MONTHS,Older adults,4,2024
NPL,2025-01-01,policy_vacc,YES,Older adults with chronic conditions,4,2024
NPL,2025-01-01,policy_vacc,YES,Adults,4,2024
NPL,2025-01-01,policy_vacc,YES,Adults with chronic conditions,4,2024
NPL,2025-01-01,policy_vacc,YES,Pregnant women,4,2024
NPL,2025-01-01,policy_vacc,YES,Health and care workers,4,2024
NPL,2025-01-01,policy_vacc,YES,Children & adolescents,4,2024
NPL,2025-01-01,policy_vacc,YES,Child. & ado. with chronic conditions,4,2024
NPL,2025-01-01,policy_vacc,YES,Older adults,4,2024
VCT,2025-01-01,policy_revacc_interval,6_MONTHS,Adults,4,2024
VCT,2025-01-01,policy_revacc_interval,6_MONTHS,Older adults with chronic conditions,4,2024
VCT,2025-01-01,policy_revacc_interval,6_MONTHS,Adults with chronic conditions,4,2024
VCT,2025-01-01,policy_revacc_interval,6_MONTHS,Pregnant women,4,2024
VCT,2025-01-01,policy_revacc_interval,6_MONTHS,Health and care workers,4,2024
VCT,2025-01-01,policy_revacc_interval,6_MONTHS,Child. & ado. with chronic conditions,4,2024
VCT,2025-01-01,policy_revacc_interval,6_MONTHS,Other groups,4,2024
VCT,2025-01-01,policy_revacc,YES,Adults,4,2024
VCT,2025-01-01,policy_revacc,YES,Adults with chronic conditions,4,2024
VCT,2025-01-01,policy_revacc,YES,Pregnant women,4,2024
VCT,2025-01-01,policy_revacc,YES,Health and care workers,4,2024
VCT,2025-01-01,policy_revacc,YES,Children & adolescents,4,2024
VCT,2025-01-01,policy_revacc,YES,Child. & ado. with chronic conditions,4,2024
VCT,2025-01-01,policy_revacc,YES,Other groups,4,2024
VCT,2025-01-01,policy_vacc,YES,Adults,4,2024
VCT,2025-01-01,policy_vacc,YES,Older adults with chronic conditions,4,2024
VCT,2025-01-01,policy_vacc,YES,Adults with chronic conditions,4,2024
VCT,2025-01-01,policy_vacc,YES,Pregnant women,4,2024
VCT,2025-01-01,policy_vacc,YES,Health and care workers,4,2024
VCT,2025-01-01,policy_vacc,YES,Children & adolescents,4,2024
VCT,2025-01-01,policy_vacc,YES,Child. & ado. with chronic conditions,4,2024
VCT,2025-01-01,policy_vacc,YES,Other groups,4,2024
VCT,2025-01-01,policy_comment,,Adults,4,2024
VCT,2025-01-01,policy_comment,,Adults with chronic conditions,4,2024
VCT,2025-01-01,policy_comment,,Child. & ado. with chronic conditions,4,2024
VCT,2025-01-01,policy_comment,,Children & adolescents,4,2024
VCT,2025-01-01,policy_comment,,Health and care workers,4,2024
VCT,2025-01-01,policy_comment,,Older adults,4,2024
VCT,2025-01-01,policy_comment,,Older adults with chronic conditions,4,2024
VCT,2025-01-01,policy_comment,,Other groups,4,2024
VCT,2025-01-01,policy_comment,,Pregnant women,4,2024
VCT,2025-01-01,policy_revacc,,Older adults,4,2024
VCT,2025-01-01,policy_revacc,,Older adults with chronic conditions,4,2024
VCT,2025-01-01,policy_revacc_interval,,Children & adolescents,4,2024
VCT,2025-01-01,policy_revacc_interval,,Older adults,4,2024
VCT,2025-01-01,policy_vacc,,Older adults,4,2024
TLS,2025-01-01,policy_comment,,Adults,4,2024
TLS,2025-01-01,policy_comment,,Older adults,4,2024
TLS,2025-01-01,policy_comment,,Older adults with chronic conditions,4,2024
TLS,2025-01-01,policy_comment,,Other groups,4,2024
TLS,2025-01-01,policy_revacc_interval,,Children & adolescents,4,2024
TLS,2025-01-01,policy_revacc_interval,,Other groups,4,2024
TLS,2025-01-01,policy_comment,No,Adults with chronic conditions,4,2024
TLS,2025-01-01,policy_comment,No,Pregnant women,4,2024
TLS,2025-01-01,policy_comment,No,Health and care workers,4,2024
TLS,2025-01-01,policy_comment,No,Children & adolescents,4,2024
TLS,2025-01-01,policy_comment,No,Child. & ado. with chronic conditions,4,2024
TLS,2025-01-01,policy_revacc_interval,6_MONTHS,Older adults with chronic conditions,4,2024
TLS,2025-01-01,policy_revacc_interval,6_MONTHS,Older adults,4,2024
TLS,2025-01-01,policy_revacc_interval,6_MONTHS,Adults,4,2024
TLS,2025-01-01,policy_revacc_interval,6_MONTHS,Adults with chronic conditions,4,2024
TLS,2025-01-01,policy_revacc_interval,6_MONTHS,Pregnant women,4,2024
TLS,2025-01-01,policy_revacc_interval,6_MONTHS,Health and care workers,4,2024
TLS,2025-01-01,policy_revacc_interval,6_MONTHS,Child. & ado. with chronic conditions,4,2024
TLS,2025-01-01,policy_revacc,YES,Older adults with chronic conditions,4,2024
TLS,2025-01-01,policy_revacc,YES,Older adults,4,2024
TLS,2025-01-01,policy_revacc,YES,Adults,4,2024
TLS,2025-01-01,policy_revacc,YES,Adults with chronic conditions,4,2024
TLS,2025-01-01,policy_revacc,YES,Pregnant women,4,2024
TLS,2025-01-01,policy_revacc,YES,Health and care workers,4,2024
TLS,2025-01-01,policy_revacc,NO,Children & adolescents,4,2024
TLS,2025-01-01,policy_revacc,YES,Child. & ado. with chronic conditions,4,2024
TLS,2025-01-01,policy_revacc,NO,Other groups,4,2024
TLS,2025-01-01,policy_vacc,YES,Older adults with chronic conditions,4,2024
TLS,2025-01-01,policy_vacc,YES,Older adults,4,2024
TLS,2025-01-01,policy_vacc,YES,Adults,4,2024
TLS,2025-01-01,policy_vacc,YES,Adults with chronic conditions,4,2024
TLS,2025-01-01,policy_vacc,YES,Pregnant women,4,2024
TLS,2025-01-01,policy_vacc,YES,Health and care workers,4,2024
TLS,2025-01-01,policy_vacc,YES,Children & adolescents,4,2024
TLS,2025-01-01,policy_vacc,YES,Child. & ado. with chronic conditions,4,2024
TLS,2025-01-01,policy_vacc,YES,Other groups,4,2024
BRN,2025-01-01,policy_vacc,YES,Older adults,4,2024
BRN,2025-01-01,policy_vacc,YES,Older adults with chronic conditions,4,2024
BRN,2025-01-01,policy_vacc,YES,Adults,4,2024
BRN,2025-01-01,policy_vacc,YES,Adults with chronic conditions,4,2024
BRN,2025-01-01,policy_vacc,YES,Pregnant women,4,2024
BRN,2025-01-01,policy_vacc,YES,Health and care workers,4,2024
BRN,2025-01-01,policy_vacc,YES,Children & adolescents,4,2024
BRN,2025-01-01,policy_vacc,YES,Child. & ado. with chronic conditions,4,2024
BRN,2025-01-01,policy_vacc,YES,Other groups,4,2024
BRN,2025-01-01,policy_revacc,YES,Older adults,4,2024
BRN,2025-01-01,policy_revacc,YES,Older adults with chronic conditions,4,2024
BRN,2025-01-01,policy_revacc,YES,Adults,4,2024
BRN,2025-01-01,policy_revacc,YES,Adults with chronic conditions,4,2024
BRN,2025-01-01,policy_revacc,YES,Pregnant women,4,2024
BRN,2025-01-01,policy_revacc,YES,Health and care workers,4,2024
BRN,2025-01-01,policy_revacc,YES,Children & adolescents,4,2024
BRN,2025-01-01,policy_revacc,YES,Child. & ado. with chronic conditions,4,2024
BRN,2025-01-01,policy_revacc,YES,Other groups,4,2024
BRN,2025-01-01,policy_revacc_interval,12_MONTHS,Older adults,4,2024
BRN,2025-01-01,policy_revacc_interval,12_MONTHS,Older adults with chronic conditions,4,2024
BRN,2025-01-01,policy_revacc_interval,12_MONTHS,Adults,4,2024
BRN,2025-01-01,policy_revacc_interval,12_MONTHS,Adults with chronic conditions,4,2024
BRN,2025-01-01,policy_revacc_interval,12_MONTHS,Pregnant women,4,2024
BRN,2025-01-01,policy_revacc_interval,12_MONTHS,Health and care workers,4,2024
BRN,2025-01-01,policy_revacc_interval,12_MONTHS,Children & adolescents,4,2024
BRN,2025-01-01,policy_revacc_interval,12_MONTHS,Child. & ado. with chronic conditions,4,2024
BRN,2025-01-01,policy_revacc_interval,12_MONTHS,Other groups,4,2024
BRN,2025-01-01,policy_comment,,Adults,4,2024
BRN,2025-01-01,policy_comment,,Adults with chronic conditions,4,2024
BRN,2025-01-01,policy_comment,,Child. & ado. with chronic conditions,4,2024
BRN,2025-01-01,policy_comment,,Children & adolescents,4,2024
BRN,2025-01-01,policy_comment,,Health and care workers,4,2024
BRN,2025-01-01,policy_comment,,Older adults,4,2024
BRN,2025-01-01,policy_comment,,Older adults with chronic conditions,4,2024
BRN,2025-01-01,policy_comment,,Other groups,4,2024
BRN,2025-01-01,policy_comment,,Pregnant women,4,2024
DZA,2025-01-01,policy_comment,,Adults,4,2024
DZA,2025-01-01,policy_comment,,Adults with chronic conditions,4,2024
DZA,2025-01-01,policy_comment,,Child. & ado. with chronic conditions,4,2024
DZA,2025-01-01,policy_comment,,Children & adolescents,4,2024
DZA,2025-01-01,policy_comment,,Health and care workers,4,2024
DZA,2025-01-01,policy_comment,,Older adults,4,2024
DZA,2025-01-01,policy_comment,,Older adults with chronic conditions,4,2024
DZA,2025-01-01,policy_comment,,Other groups,4,2024
DZA,2025-01-01,policy_comment,,Pregnant women,4,2024
DZA,2025-01-01,policy_revacc,,Adults,4,2024
DZA,2025-01-01,policy_revacc,,Adults with chronic conditions,4,2024
DZA,2025-01-01,policy_revacc,,Child. & ado. with chronic conditions,4,2024
DZA,2025-01-01,policy_revacc,,Children & adolescents,4,2024
DZA,2025-01-01,policy_revacc,,Health and care workers,4,2024
DZA,2025-01-01,policy_revacc,,Older adults,4,2024
DZA,2025-01-01,policy_revacc,,Older adults with chronic conditions,4,2024
DZA,2025-01-01,policy_revacc,,Other groups,4,2024
DZA,2025-01-01,policy_revacc,,Pregnant women,4,2024
DZA,2025-01-01,policy_revacc_interval,,Adults,4,2024
DZA,2025-01-01,policy_revacc_interval,,Adults with chronic conditions,4,2024
DZA,2025-01-01,policy_revacc_interval,,Child. & ado. with chronic conditions,4,2024
DZA,2025-01-01,policy_revacc_interval,,Children & adolescents,4,2024
DZA,2025-01-01,policy_revacc_interval,,Health and care workers,4,2024
DZA,2025-01-01,policy_revacc_interval,,Older adults,4,2024
DZA,2025-01-01,policy_revacc_interval,,Older adults with chronic conditions,4,2024
DZA,2025-01-01,policy_revacc_interval,,Other groups,4,2024
DZA,2025-01-01,policy_revacc_interval,,Pregnant women,4,2024
DZA,2025-01-01,policy_vacc,,Adults,4,2024
DZA,2025-01-01,policy_vacc,,Adults with chronic conditions,4,2024
DZA,2025-01-01,policy_vacc,,Child. & ado. with chronic conditions,4,2024
DZA,2025-01-01,policy_vacc,,Children & adolescents,4,2024
DZA,2025-01-01,policy_vacc,,Health and care workers,4,2024
DZA,2025-01-01,policy_vacc,,Older adults,4,2024
DZA,2025-01-01,policy_vacc,,Older adults with chronic conditions,4,2024
DZA,2025-01-01,policy_vacc,,Other groups,4,2024
DZA,2025-01-01,policy_vacc,,Pregnant women,4,2024
RUS,2025-01-01,policy_vacc,YES,Older adults,4,2024
RUS,2025-01-01,policy_vacc,YES,Older adults with chronic conditions,4,2024
RUS,2025-01-01,policy_vacc,YES,Adults,4,2024
RUS,2025-01-01,policy_vacc,YES,Adults with chronic conditions,4,2024
RUS,2025-01-01,policy_vacc,NO,Pregnant women,4,2024
RUS,2025-01-01,policy_vacc,NO,Health and care workers,4,2024
RUS,2025-01-01,policy_vacc,NO,Children & adolescents,4,2024
RUS,2025-01-01,policy_revacc,YES,Older adults,4,2024
RUS,2025-01-01,policy_revacc,YES,Older adults with chronic conditions,4,2024
RUS,2025-01-01,policy_revacc,YES,Adults,4,2024
RUS,2025-01-01,policy_revacc,YES,Adults with chronic conditions,4,2024
RUS,2025-01-01,policy_revacc,NO,Pregnant women,4,2024
RUS,2025-01-01,policy_revacc,NO,Health and care workers,4,2024
RUS,2025-01-01,policy_revacc_interval,12_MONTHS,Older adults,4,2024
RUS,2025-01-01,policy_revacc_interval,12_MONTHS,Older adults with chronic conditions,4,2024
RUS,2025-01-01,policy_revacc_interval,12_MONTHS,Adults,4,2024
RUS,2025-01-01,policy_revacc_interval,12_MONTHS,Adults with chronic conditions,4,2024
RUS,2025-01-01,policy_comment,,Adults,4,2024
RUS,2025-01-01,policy_comment,,Adults with chronic conditions,4,2024
RUS,2025-01-01,policy_comment,,Child. & ado. with chronic conditions,4,2024
RUS,2025-01-01,policy_comment,,Children & adolescents,4,2024
RUS,2025-01-01,policy_comment,,Health and care workers,4,2024
RUS,2025-01-01,policy_comment,,Older adults,4,2024
RUS,2025-01-01,policy_comment,,Older adults with chronic conditions,4,2024
RUS,2025-01-01,policy_comment,,Other groups,4,2024
RUS,2025-01-01,policy_comment,,Pregnant women,4,2024
RUS,2025-01-01,policy_revacc,,Child. & ado. with chronic conditions,4,2024
RUS,2025-01-01,policy_revacc,,Children & adolescents,4,2024
RUS,2025-01-01,policy_revacc,,Other groups,4,2024
RUS,2025-01-01,policy_revacc_interval,,Child. & ado. with chronic conditions,4,2024
RUS,2025-01-01,policy_revacc_interval,,Children & adolescents,4,2024
RUS,2025-01-01,policy_revacc_interval,,Health and care workers,4,2024
RUS,2025-01-01,policy_revacc_interval,,Other groups,4,2024
RUS,2025-01-01,policy_revacc_interval,,Pregnant women,4,2024
RUS,2025-01-01,policy_vacc,,Child. & ado. with chronic conditions,4,2024
RUS,2025-01-01,policy_vacc,,Other groups,4,2024
JOR,2025-01-01,policy_vacc,YES,Older adults,4,2024
JOR,2025-01-01,policy_vacc,YES,Older adults with chronic conditions,4,2024
JOR,2025-01-01,policy_vacc,YES,Adults,4,2024
JOR,2025-01-01,policy_vacc,YES,Adults with chronic conditions,4,2024
JOR,2025-01-01,policy_vacc,YES,Pregnant women,4,2024
JOR,2025-01-01,policy_vacc,YES,Health and care workers,4,2024
JOR,2025-01-01,policy_vacc,YES,Child. & ado. with chronic conditions,4,2024
JOR,2025-01-01,policy_revacc,NO,Older adults,4,2024
JOR,2025-01-01,policy_comment,,Adults,4,2024
JOR,2025-01-01,policy_comment,,Adults with chronic conditions,4,2024
JOR,2025-01-01,policy_comment,,Child. & ado. with chronic conditions,4,2024
JOR,2025-01-01,policy_comment,,Children & adolescents,4,2024
JOR,2025-01-01,policy_comment,,Health and care workers,4,2024
JOR,2025-01-01,policy_comment,,Older adults,4,2024
JOR,2025-01-01,policy_comment,,Older adults with chronic conditions,4,2024
JOR,2025-01-01,policy_comment,,Other groups,4,2024
JOR,2025-01-01,policy_comment,,Pregnant women,4,2024
JOR,2025-01-01,policy_revacc,,Adults,4,2024
JOR,2025-01-01,policy_revacc,,Adults with chronic conditions,4,2024
JOR,2025-01-01,policy_revacc,,Child. & ado. with chronic conditions,4,2024
JOR,2025-01-01,policy_revacc,,Children & adolescents,4,2024
JOR,2025-01-01,policy_revacc,,Health and care workers,4,2024
JOR,2025-01-01,policy_revacc,,Older adults with chronic conditions,4,2024
JOR,2025-01-01,policy_revacc,,Other groups,4,2024
JOR,2025-01-01,policy_revacc,,Pregnant women,4,2024
JOR,2025-01-01,policy_revacc_interval,,Adults,4,2024
JOR,2025-01-01,policy_revacc_interval,,Adults with chronic conditions,4,2024
JOR,2025-01-01,policy_revacc_interval,,Child. & ado. with chronic conditions,4,2024
JOR,2025-01-01,policy_revacc_interval,,Children & adolescents,4,2024
JOR,2025-01-01,policy_revacc_interval,,Health and care workers,4,2024
JOR,2025-01-01,policy_revacc_interval,,Older adults,4,2024
JOR,2025-01-01,policy_revacc_interval,,Older adults with chronic conditions,4,2024
JOR,2025-01-01,policy_revacc_interval,,Other groups,4,2024
JOR,2025-01-01,policy_revacc_interval,,Pregnant women,4,2024
JOR,2025-01-01,policy_vacc,,Children & adolescents,4,2024
JOR,2025-01-01,policy_vacc,,Other groups,4,2024
MSR,2024-07-01,status_product_use,NO,PFI-CBOOB1-1,2,2024
MSR,2024-07-01,comment,Product Expired 29/02/2024,PFI-CBOOB1-1,2,2024
MSR,2024-07-01,date_product_start,2023-03-22T00:00:00Z,PFI-CBOOB1-1,2,2024
MSR,2024-07-01,date_product_start,2023-03-22T00:00:00Z,PFI-COMIRNATY-1,2,2024
MSR,2024-07-01,comment,Product expired 29/02/2024,PFI-COMIRNATY-1,2,2024
MSR,2024-07-01,status_product_use,NO,PFI-COMIRNATY-1,2,2024
MSR,2024-07-01,policy_revacc,YES,Adults with chronic conditions,2,2024
MSR,2024-07-01,policy_revacc,NO,Pregnant women,2,2024
MSR,2024-07-01,policy_revacc,YES,Health and care workers,2,2024
MSR,2024-07-01,policy_revacc,NO,Children & adolescents,2,2024
MSR,2024-07-01,policy_revacc,NO,Child. & ado. with chronic conditions,2,2024
MSR,2024-07-01,policy_revacc,YES,Other groups,2,2024
MSR,2024-07-01,policy_revacc,YES,Older adults,2,2024
MSR,2024-07-01,policy_revacc,YES,Older adults with chronic conditions,2,2024
MSR,2024-07-01,policy_vacc,NO,Adults,2,2024
MSR,2024-07-01,policy_vacc,YES,Adults with chronic conditions,2,2024
MSR,2024-07-01,policy_vacc,YES,Pregnant women,2,2024
MSR,2024-07-01,policy_vacc,YES,Health and care workers,2,2024
MSR,2024-07-01,policy_vacc,YES,Children & adolescents,2,2024
MSR,2024-07-01,policy_vacc,YES,Child. & ado. with chronic conditions,2,2024
MSR,2024-07-01,policy_vacc,YES,Other groups,2,2024
MSR,2024-07-01,policy_vacc,YES,Older adults,2,2024
MSR,2024-07-01,policy_vacc,YES,Older adults with chronic conditions,2,2024
MSR,2024-07-01,policy_revacc_interval,6 - 12 months,Adults with chronic conditions,2,2024
MSR,2024-07-01,policy_revacc_interval,12 months,Health and care workers,2,2024
MSR,2024-07-01,policy_revacc_interval,6 - 12 months,Other groups,2,2024
MSR,2024-07-01,policy_revacc_interval,12 months,Older adults,2,2024
MSR,2024-07-01,policy_revacc_interval,6 - 12 months,Older adults with chronic conditions,2,2024
UKR,2024-07-01,policy_revacc,YES,Older adults,2,2024
UKR,2024-07-01,policy_revacc,YES,Older adults with chronic conditions,2,2024
UKR,2024-07-01,policy_revacc,NO,Adults,2,2024
UKR,2024-07-01,policy_revacc,NO,Adults with chronic conditions,2,2024
UKR,2024-07-01,policy_revacc,YES,Pregnant women,2,2024
UKR,2024-07-01,policy_revacc,YES,Health and care workers,2,2024
UKR,2024-07-01,policy_revacc,NO,Children & adolescents,2,2024
UKR,2024-07-01,policy_revacc,YES,Child. & ado. with chronic conditions,2,2024
UKR,2024-07-01,policy_revacc_interval,6-12  month,Older adults,2,2024
UKR,2024-07-01,policy_revacc_interval,6  month,Older adults with chronic conditions,2,2024
UKR,2024-07-01,policy_revacc_interval,6  month,Pregnant women,2,2024
UKR,2024-07-01,policy_revacc_interval,12  month,Health and care workers,2,2024
UKR,2024-07-01,policy_revacc_interval,6-12  month,Child. & ado. with chronic conditions,2,2024
UKR,2024-07-01,policy_vacc,YES,Older adults,2,2024
UKR,2024-07-01,policy_vacc,YES,Older adults with chronic conditions,2,2024
UKR,2024-07-01,policy_vacc,YES,Adults,2,2024
UKR,2024-07-01,policy_vacc,YES,Adults with chronic conditions,2,2024
UKR,2024-07-01,policy_vacc,YES,Pregnant women,2,2024
UKR,2024-07-01,policy_vacc,YES,Health and care workers,2,2024
UKR,2024-07-01,policy_vacc,YES,Children & adolescents,2,2024
UKR,2024-07-01,policy_vacc,YES,Child. & ado. with chronic conditions,2,2024
UKR,2024-07-01,comment,Приказом о гуманитарной помощи разрешено ввоз в страну не зарегистрированного лекарственного препарата  для проведения вакцинации.,MOC-MRNA-1273-1,2,2024
UKR,2024-07-01,comment,Приказом о гуманитарной помощи разрешено ввоз в страну не зарегистрированного лекарственного препарата  для проведения вакцинации.,PFI-CBOOB1-1,2,2024
UKR,2024-07-01,comment,Приказом МОЗ разрешено ввоз в страну не зарегистрированного лекарственного препарата «Janssen COVID-19 Vaccine» для проведения вакцинации.,JAP-AD26-COV-2.5-1,2,2024
UKR,2024-07-01,status_product_use,NO,MOC-MRNA-1273-1,2,2024
UKR,2024-07-01,status_product_use,NO,SII-COVISHIELD-1,2,2024
UKR,2024-07-01,status_product_use,YES,PFI-CBOOB1-1,2,2024
UKR,2024-07-01,status_product_use,NO,ASZ-AZD1222-1,2,2024
UKR,2024-07-01,status_product_use,YES,PFI-COMIRNATY-1,2,2024
UKR,2024-07-01,status_product_use,NO,SIN-CORONAVAC-1,2,2024
UKR,2024-07-01,status_product_use,NO,JAP-AD26-COV-2.5-1,2,2024
UKR,2024-07-01,date_product_start,2021-07-20T00:00:00Z,MOC-MRNA-1273-1,2,2024
UKR,2024-07-01,date_product_start,2021-02-24T00:00:00Z,SII-COVISHIELD-1,2,2024
UKR,2024-07-01,date_product_start,2022-09-27T00:00:00Z,PFI-CBOOB1-1,2,2024
UKR,2024-07-01,date_product_start,2021-04-26T00:00:00Z,ASZ-AZD1222-1,2,2024
UKR,2024-07-01,date_product_start,2021-04-18T00:00:00Z,PFI-COMIRNATY-1,2,2024
UKR,2024-07-01,date_product_start,2021-04-12T00:00:00Z,SIN-CORONAVAC-1,2,2024
UKR,2024-07-01,date_product_start,2021-05-22T00:00:00Z,JAP-AD26-COV-2.5-1,2,2024
UKR,2024-04-01,comment,Приказом о гуманитарной помощи разрешено ввоз в страну не зарегистрированного лекарственного препарата  для проведения вакцинации.,MOC-MRNA-1273-1,1,2024
UKR,2024-04-01,comment,Приказом о гуманитарной помощи разрешено ввоз в страну не зарегистрированного лекарственного препарата  для проведения вакцинации.,PFI-CBOOB1-1,1,2024
UKR,2024-04-01,comment,Приказом МОЗ разрешено ввоз в страну не зарегистрированного лекарственного препарата «Janssen COVID-19 Vaccine» для проведения вакцинации.,JAP-AD26-COV-2.5-1,1,2024
UKR,2024-04-01,status_product_use,NO,MOC-MRNA-1273-1,1,2024
UKR,2024-04-01,status_product_use,NO,SII-COVISHIELD-1,1,2024
UKR,2024-04-01,status_product_use,YES,PFI-CBOOB1-1,1,2024
UKR,2024-04-01,status_product_use,NO,ASZ-AZD1222-1,1,2024
UKR,2024-04-01,status_product_use,YES,PFI-COMIRNATY-1,1,2024
UKR,2024-04-01,status_product_use,NO,SIN-CORONAVAC-1,1,2024
UKR,2024-04-01,status_product_use,NO,JAP-AD26-COV-2.5-1,1,2024
UKR,2024-04-01,date_product_start,2021-07-20T00:00:00Z,MOC-MRNA-1273-1,1,2024
UKR,2024-04-01,date_product_start,2021-02-24T00:00:00Z,SII-COVISHIELD-1,1,2024
UKR,2024-04-01,date_product_start,2022-09-27T00:00:00Z,PFI-CBOOB1-1,1,2024
UKR,2024-04-01,date_product_start,2021-04-26T00:00:00Z,ASZ-AZD1222-1,1,2024
UKR,2024-04-01,date_product_start,2021-04-18T00:00:00Z,PFI-COMIRNATY-1,1,2024
UKR,2024-04-01,date_product_start,2021-04-12T00:00:00Z,SIN-CORONAVAC-1,1,2024
UKR,2024-04-01,date_product_start,2021-05-22T00:00:00Z,JAP-AD26-COV-2.5-1,1,2024
UKR,2025-01-01,policy_comment,,Adults,4,2024
UKR,2025-01-01,policy_comment,,Adults with chronic conditions,4,2024
UKR,2025-01-01,policy_comment,,Child. & ado. with chronic conditions,4,2024
UKR,2025-01-01,policy_comment,,Children & adolescents,4,2024
UKR,2025-01-01,policy_comment,,Health and care workers,4,2024
UKR,2025-01-01,policy_comment,,Older adults,4,2024
UKR,2025-01-01,policy_comment,,Older adults with chronic conditions,4,2024
UKR,2025-01-01,policy_comment,,Other groups,4,2024
UKR,2025-01-01,policy_comment,,Pregnant women,4,2024
UKR,2025-01-01,policy_revacc,,Other groups,4,2024
UKR,2025-01-01,policy_revacc_interval,,Other groups,4,2024
UKR,2025-01-01,policy_vacc,,Other groups,4,2024
UKR,2024-04-01,policy_vacc,YES,Older adults,1,2024
UKR,2024-04-01,policy_vacc,YES,Older adults with chronic conditions,1,2024
UKR,2024-04-01,policy_vacc,YES,Adults,1,2024
UKR,2024-04-01,policy_vacc,YES,Adults with chronic conditions,1,2024
UKR,2024-04-01,policy_vacc,YES,Pregnant women,1,2024
UKR,2024-04-01,policy_vacc,YES,Health and care workers,1,2024
UKR,2024-04-01,policy_vacc,YES,Children & adolescents,1,2024
UKR,2024-04-01,policy_vacc,YES,Child. & ado. with chronic conditions,1,2024
UKR,2024-04-01,policy_revacc,YES,Older adults,1,2024
UKR,2024-04-01,policy_revacc,YES,Older adults with chronic conditions,1,2024
UKR,2024-04-01,policy_revacc,NO,Adults,1,2024
UKR,2024-04-01,policy_revacc,NO,Adults with chronic conditions,1,2024
UKR,2024-04-01,policy_revacc,YES,Pregnant women,1,2024
UKR,2024-04-01,policy_revacc,YES,Health and care workers,1,2024
UKR,2024-04-01,policy_revacc,NO,Children & adolescents,1,2024
UKR,2024-04-01,policy_revacc,YES,Child. & ado. with chronic conditions,1,2024
UKR,2024-04-01,policy_revacc_interval,6-12  month,Older adults,1,2024
UKR,2024-04-01,policy_revacc_interval,6  month,Older adults with chronic conditions,1,2024
UKR,2024-04-01,policy_revacc_interval,6  month,Pregnant women,1,2024
UKR,2024-04-01,policy_revacc_interval,12  month,Health and care workers,1,2024
UKR,2024-04-01,policy_revacc_interval,6-12  month,Child. & ado. with chronic conditions,1,2024
UKR,2025-01-01,policy_vacc,YES,Older adults with chronic conditions,4,2024
UKR,2025-01-01,policy_vacc,YES,Adults,4,2024
UKR,2025-01-01,policy_vacc,YES,Older adults,4,2024
UKR,2025-01-01,policy_vacc,YES,Adults with chronic conditions,4,2024
UKR,2025-01-01,policy_vacc,YES,Pregnant women,4,2024
UKR,2025-01-01,policy_vacc,YES,Health and care workers,4,2024
UKR,2025-01-01,policy_vacc,NO,Children & adolescents,4,2024
UKR,2025-01-01,policy_vacc,YES,Child. & ado. with chronic conditions,4,2024
UKR,2025-01-01,policy_revacc,YES,Older adults with chronic conditions,4,2024
UKR,2025-01-01,policy_revacc,YES,Adults,4,2024
UKR,2025-01-01,policy_revacc,YES,Older adults,4,2024
UKR,2025-01-01,policy_revacc,YES,Adults with chronic conditions,4,2024
UKR,2025-01-01,policy_revacc,YES,Pregnant women,4,2024
UKR,2025-01-01,policy_revacc,YES,Health and care workers,4,2024
UKR,2025-01-01,policy_revacc,NO,Children & adolescents,4,2024
UKR,2025-01-01,policy_revacc,YES,Child. & ado. with chronic conditions,4,2024
UKR,2025-01-01,policy_revacc_interval,6_MONTHS,Older adults with chronic conditions,4,2024
UKR,2025-01-01,policy_revacc_interval,12_MONTHS,Adults,4,2024
UKR,2025-01-01,policy_revacc_interval,12_MONTHS,Older adults,4,2024
UKR,2025-01-01,policy_revacc_interval,6_MONTHS,Adults with chronic conditions,4,2024
UKR,2025-01-01,policy_revacc_interval,OTHER,Pregnant women,4,2024
UKR,2025-01-01,policy_revacc_interval,12_MONTHS,Health and care workers,4,2024
UKR,2025-01-01,policy_revacc_interval,OTHER,Children & adolescents,4,2024
UKR,2025-01-01,policy_revacc_interval,6_MONTHS,Child. & ado. with chronic conditions,4,2024
AZE,2025-01-01,policy_comment,,Adults,4,2024
AZE,2025-01-01,policy_comment,,Adults with chronic conditions,4,2024
AZE,2025-01-01,policy_comment,,Child. & ado. with chronic conditions,4,2024
AZE,2025-01-01,policy_comment,,Children & adolescents,4,2024
AZE,2025-01-01,policy_comment,,Health and care workers,4,2024
AZE,2025-01-01,policy_comment,,Older adults,4,2024
AZE,2025-01-01,policy_comment,,Older adults with chronic conditions,4,2024
AZE,2025-01-01,policy_comment,,Other groups,4,2024
AZE,2025-01-01,policy_comment,,Pregnant women,4,2024
AZE,2025-01-01,policy_revacc,,Adults,4,2024
AZE,2025-01-01,policy_revacc,,Adults with chronic conditions,4,2024
AZE,2025-01-01,policy_revacc,,Child. & ado. with chronic conditions,4,2024
AZE,2025-01-01,policy_revacc,,Children & adolescents,4,2024
AZE,2025-01-01,policy_revacc,,Health and care workers,4,2024
AZE,2025-01-01,policy_revacc,,Older adults,4,2024
AZE,2025-01-01,policy_revacc,,Older adults with chronic conditions,4,2024
AZE,2025-01-01,policy_revacc,,Other groups,4,2024
AZE,2025-01-01,policy_revacc,,Pregnant women,4,2024
AZE,2025-01-01,policy_revacc_interval,,Adults,4,2024
AZE,2025-01-01,policy_revacc_interval,,Adults with chronic conditions,4,2024
AZE,2025-01-01,policy_revacc_interval,,Child. & ado. with chronic conditions,4,2024
AZE,2025-01-01,policy_revacc_interval,,Children & adolescents,4,2024
AZE,2025-01-01,policy_revacc_interval,,Health and care workers,4,2024
AZE,2025-01-01,policy_revacc_interval,,Older adults,4,2024
AZE,2025-01-01,policy_revacc_interval,,Older adults with chronic conditions,4,2024
AZE,2025-01-01,policy_revacc_interval,,Other groups,4,2024
AZE,2025-01-01,policy_revacc_interval,,Pregnant women,4,2024
AZE,2025-01-01,policy_vacc,,Adults,4,2024
AZE,2025-01-01,policy_vacc,,Adults with chronic conditions,4,2024
AZE,2025-01-01,policy_vacc,,Child. & ado. with chronic conditions,4,2024
AZE,2025-01-01,policy_vacc,,Children & adolescents,4,2024
AZE,2025-01-01,policy_vacc,,Health and care workers,4,2024
AZE,2025-01-01,policy_vacc,,Older adults,4,2024
AZE,2025-01-01,policy_vacc,,Older adults with chronic conditions,4,2024
AZE,2025-01-01,policy_vacc,,Other groups,4,2024
AZE,2025-01-01,policy_vacc,,Pregnant women,4,2024
PHL,2025-01-01,policy_vacc,YES,Pregnant women,4,2024
PHL,2025-01-01,policy_vacc,YES,Health and care workers,4,2024
PHL,2025-01-01,policy_vacc,YES,Children & adolescents,4,2024
PHL,2025-01-01,policy_vacc,YES,Child. & ado. with chronic conditions,4,2024
PHL,2025-01-01,policy_vacc,YES,Other groups,4,2024
PHL,2025-01-01,policy_vacc,YES,Older adults,4,2024
PHL,2025-01-01,policy_vacc,YES,Older adults with chronic conditions,4,2024
PHL,2025-01-01,policy_vacc,YES,Adults,4,2024
PHL,2025-01-01,policy_vacc,YES,Adults with chronic conditions,4,2024
PHL,2025-01-01,policy_comment,,Adults,4,2024
PHL,2025-01-01,policy_comment,,Adults with chronic conditions,4,2024
PHL,2025-01-01,policy_comment,,Child. & ado. with chronic conditions,4,2024
PHL,2025-01-01,policy_comment,,Children & adolescents,4,2024
PHL,2025-01-01,policy_comment,,Health and care workers,4,2024
PHL,2025-01-01,policy_comment,,Older adults,4,2024
PHL,2025-01-01,policy_comment,,Older adults with chronic conditions,4,2024
PHL,2025-01-01,policy_comment,,Other groups,4,2024
PHL,2025-01-01,policy_comment,,Pregnant women,4,2024
PHL,2025-01-01,policy_revacc,,Adults,4,2024
PHL,2025-01-01,policy_revacc,,Adults with chronic conditions,4,2024
PHL,2025-01-01,policy_revacc,,Child. & ado. with chronic conditions,4,2024
PHL,2025-01-01,policy_revacc,,Children & adolescents,4,2024
PHL,2025-01-01,policy_revacc,,Health and care workers,4,2024
PHL,2025-01-01,policy_revacc,,Older adults,4,2024
PHL,2025-01-01,policy_revacc,,Older adults with chronic conditions,4,2024
PHL,2025-01-01,policy_revacc,,Other groups,4,2024
PHL,2025-01-01,policy_revacc,,Pregnant women,4,2024
PHL,2025-01-01,policy_revacc_interval,,Adults,4,2024
PHL,2025-01-01,policy_revacc_interval,,Adults with chronic conditions,4,2024
PHL,2025-01-01,policy_revacc_interval,,Child. & ado. with chronic conditions,4,2024
PHL,2025-01-01,policy_revacc_interval,,Children & adolescents,4,2024
PHL,2025-01-01,policy_revacc_interval,,Health and care workers,4,2024
PHL,2025-01-01,policy_revacc_interval,,Older adults,4,2024
PHL,2025-01-01,policy_revacc_interval,,Older adults with chronic conditions,4,2024
PHL,2025-01-01,policy_revacc_interval,,Other groups,4,2024
PHL,2025-01-01,policy_revacc_interval,,Pregnant women,4,2024
TCD,2025-01-01,policy_vacc,YES,Adults with chronic conditions,4,2024
TCD,2025-01-01,policy_vacc,NO,Pregnant women,4,2024
TCD,2025-01-01,policy_vacc,YES,Health and care workers,4,2024
TCD,2025-01-01,policy_vacc,NO,Children & adolescents,4,2024
TCD,2025-01-01,policy_vacc,YES,Older adults,4,2024
TCD,2025-01-01,policy_vacc,YES,Older adults with chronic conditions,4,2024
TCD,2025-01-01,policy_vacc,NO,Adults,4,2024
TCD,2025-01-01,policy_revacc,YES,Adults with chronic conditions,4,2024
TCD,2025-01-01,policy_revacc,NO,Pregnant women,4,2024
TCD,2025-01-01,policy_revacc,YES,Health and care workers,4,2024
TCD,2025-01-01,policy_revacc,NO,Children & adolescents,4,2024
TCD,2025-01-01,policy_revacc,YES,Older adults,4,2024
TCD,2025-01-01,policy_revacc,YES,Older adults with chronic conditions,4,2024
TCD,2025-01-01,policy_revacc,NO,Adults,4,2024
TCD,2025-01-01,policy_comment,,Adults,4,2024
TCD,2025-01-01,policy_comment,,Child. & ado. with chronic conditions,4,2024
TCD,2025-01-01,policy_comment,,Children & adolescents,4,2024
TCD,2025-01-01,policy_comment,,Other groups,4,2024
TCD,2025-01-01,policy_comment,,Pregnant women,4,2024
TCD,2025-01-01,policy_revacc,,Child. & ado. with chronic conditions,4,2024
TCD,2025-01-01,policy_revacc,,Other groups,4,2024
TCD,2025-01-01,policy_revacc_interval,,Adults,4,2024
TCD,2025-01-01,policy_revacc_interval,,Child. & ado. with chronic conditions,4,2024
TCD,2025-01-01,policy_revacc_interval,,Children & adolescents,4,2024
TCD,2025-01-01,policy_revacc_interval,,Other groups,4,2024
TCD,2025-01-01,policy_revacc_interval,,Pregnant women,4,2024
TCD,2025-01-01,policy_vacc,,Child. & ado. with chronic conditions,4,2024
TCD,2025-01-01,policy_vacc,,Other groups,4,2024
TCD,2025-01-01,policy_revacc_interval,6_MONTHS,Adults with chronic conditions,4,2024
TCD,2025-01-01,policy_revacc_interval,6_MONTHS,Health and care workers,4,2024
TCD,2025-01-01,policy_revacc_interval,6_MONTHS,Older adults,4,2024
TCD,2025-01-01,policy_revacc_interval,6_MONTHS,Older adults with chronic conditions,4,2024
TCD,2025-01-01,policy_comment,RAS,Adults with chronic conditions,4,2024
TCD,2025-01-01,policy_comment,RAS,Health and care workers,4,2024
TCD,2025-01-01,policy_comment,RAS,Older adults,4,2024
TCD,2025-01-01,policy_comment,RAS,Older adults with chronic conditions,4,2024
CMR,2025-01-01,policy_revacc_interval,6_MONTHS,Adults,4,2024
CMR,2025-01-01,policy_revacc_interval,6_MONTHS,Older adults,4,2024
CMR,2025-01-01,policy_revacc_interval,6_MONTHS,Older adults with chronic conditions,4,2024
CMR,2025-01-01,policy_revacc_interval,6_MONTHS,Adults with chronic conditions,4,2024
CMR,2025-01-01,policy_revacc_interval,6_MONTHS,Pregnant women,4,2024
CMR,2025-01-01,policy_revacc_interval,6_MONTHS,Health and care workers,4,2024
CMR,2025-01-01,policy_comment,,Adults,4,2024
CMR,2025-01-01,policy_comment,,Adults with chronic conditions,4,2024
CMR,2025-01-01,policy_comment,,Child. & ado. with chronic conditions,4,2024
CMR,2025-01-01,policy_comment,,Children & adolescents,4,2024
CMR,2025-01-01,policy_comment,,Health and care workers,4,2024
CMR,2025-01-01,policy_comment,,Older adults,4,2024
CMR,2025-01-01,policy_comment,,Older adults with chronic conditions,4,2024
CMR,2025-01-01,policy_comment,,Other groups,4,2024
CMR,2025-01-01,policy_comment,,Pregnant women,4,2024
CMR,2025-01-01,policy_revacc,,Other groups,4,2024
CMR,2025-01-01,policy_revacc_interval,,Child. & ado. with chronic conditions,4,2024
CMR,2025-01-01,policy_revacc_interval,,Children & adolescents,4,2024
CMR,2025-01-01,policy_revacc_interval,,Other groups,4,2024
CMR,2025-01-01,policy_vacc,,Other groups,4,2024
CMR,2025-01-01,policy_revacc,YES,Adults,4,2024
CMR,2025-01-01,policy_revacc,YES,Older adults,4,2024
CMR,2025-01-01,policy_revacc,YES,Older adults with chronic conditions,4,2024
CMR,2025-01-01,policy_revacc,YES,Adults with chronic conditions,4,2024
CMR,2025-01-01,policy_revacc,YES,Pregnant women,4,2024
CMR,2025-01-01,policy_revacc,YES,Health and care workers,4,2024
CMR,2025-01-01,policy_revacc,NO,Children & adolescents,4,2024
CMR,2025-01-01,policy_revacc,NO,Child. & ado. with chronic conditions,4,2024
CMR,2025-01-01,policy_vacc,YES,Adults,4,2024
CMR,2025-01-01,policy_vacc,YES,Older adults,4,2024
CMR,2025-01-01,policy_vacc,YES,Older adults with chronic conditions,4,2024
CMR,2025-01-01,policy_vacc,YES,Adults with chronic conditions,4,2024
CMR,2025-01-01,policy_vacc,YES,Pregnant women,4,2024
CMR,2025-01-01,policy_vacc,YES,Health and care workers,4,2024
CMR,2025-01-01,policy_vacc,NO,Children & adolescents,4,2024
CMR,2025-01-01,policy_vacc,NO,Child. & ado. with chronic conditions,4,2024
ZMB,2025-01-01,policy_vacc,YES,Older adults,4,2024
ZMB,2025-01-01,policy_vacc,YES,Older adults with chronic conditions,4,2024
ZMB,2025-01-01,policy_vacc,YES,Adults,4,2024
ZMB,2025-01-01,policy_vacc,YES,Adults with chronic conditions,4,2024
ZMB,2025-01-01,policy_vacc,YES,Pregnant women,4,2024
ZMB,2025-01-01,policy_vacc,YES,Health and care workers,4,2024
ZMB,2025-01-01,policy_vacc,YES,Children & adolescents,4,2024
ZMB,2025-01-01,policy_vacc,YES,Child. & ado. with chronic conditions,4,2024
ZMB,2025-01-01,policy_vacc,NO,Other groups,4,2024
ZMB,2025-01-01,policy_comment,,Adults,4,2024
ZMB,2025-01-01,policy_comment,,Adults with chronic conditions,4,2024
ZMB,2025-01-01,policy_comment,,Health and care workers,4,2024
ZMB,2025-01-01,policy_comment,,Older adults,4,2024
ZMB,2025-01-01,policy_comment,,Older adults with chronic conditions,4,2024
ZMB,2025-01-01,policy_comment,,Other groups,4,2024
ZMB,2025-01-01,policy_revacc,YES,Older adults,4,2024
ZMB,2025-01-01,policy_revacc,YES,Older adults with chronic conditions,4,2024
ZMB,2025-01-01,policy_revacc,YES,Adults,4,2024
ZMB,2025-01-01,policy_revacc,YES,Adults with chronic conditions,4,2024
ZMB,2025-01-01,policy_revacc,YES,Pregnant women,4,2024
ZMB,2025-01-01,policy_revacc,YES,Health and care workers,4,2024
ZMB,2025-01-01,policy_revacc,YES,Children & adolescents,4,2024
ZMB,2025-01-01,policy_revacc,YES,Child. & ado. with chronic conditions,4,2024
ZMB,2025-01-01,policy_revacc,NO,Other groups,4,2024
ZMB,2025-01-01,policy_revacc_interval,6_MONTHS,Older adults,4,2024
ZMB,2025-01-01,policy_revacc_interval,6_MONTHS,Older adults with chronic conditions,4,2024
ZMB,2025-01-01,policy_revacc_interval,6_MONTHS,Adults,4,2024
ZMB,2025-01-01,policy_revacc_interval,6_MONTHS,Adults with chronic conditions,4,2024
ZMB,2025-01-01,policy_revacc_interval,6_MONTHS,Pregnant women,4,2024
ZMB,2025-01-01,policy_revacc_interval,6_MONTHS,Health and care workers,4,2024
ZMB,2025-01-01,policy_revacc_interval,6_MONTHS,Children & adolescents,4,2024
ZMB,2025-01-01,policy_revacc_interval,6_MONTHS,Child. & ado. with chronic conditions,4,2024
ZMB,2025-01-01,policy_revacc_interval,6_MONTHS,Other groups,4,2024
ZMB,2025-01-01,policy_comment,Depends on the vaccine reccomendations,Pregnant women,4,2024
ZMB,2025-01-01,policy_comment,Depends on the vaccine reccomendations,Children & adolescents,4,2024
ZMB,2025-01-01,policy_comment,Depends on the vaccine reccomendations,Child. & ado. with chronic conditions,4,2024
ZMB,2024-10-01,policy_vacc,YES,Adults,3,2024
ZMB,2024-10-01,policy_vacc,YES,Older adults,3,2024
ZMB,2024-10-01,policy_vacc,YES,Older adults with chronic conditions,3,2024
ZMB,2024-10-01,policy_vacc,YES,Adults with chronic conditions,3,2024
ZMB,2024-10-01,policy_vacc,YES,Pregnant women,3,2024
ZMB,2024-10-01,policy_vacc,YES,Health and care workers,3,2024
ZMB,2024-10-01,policy_vacc,NO,Children & adolescents,3,2024
ZMB,2024-10-01,policy_vacc,YES,Child. & ado. with chronic conditions,3,2024
ZMB,2024-10-01,policy_revacc,NO,Adults,3,2024
ZMB,2024-10-01,policy_revacc,YES,Older adults,3,2024
ZMB,2024-10-01,policy_revacc,YES,Older adults with chronic conditions,3,2024
ZMB,2024-10-01,policy_revacc,YES,Adults with chronic conditions,3,2024
ZMB,2024-10-01,policy_revacc,YES,Health and care workers,3,2024
ZMB,2024-10-01,policy_revacc,NO,Children & adolescents,3,2024
ZMB,2024-10-01,policy_revacc,YES,Child. & ado. with chronic conditions,3,2024
ZMB,2024-10-01,policy_revacc_interval,6 months,Older adults,3,2024
ZMB,2024-10-01,policy_revacc_interval,6 months,Older adults with chronic conditions,3,2024
ZMB,2024-10-01,policy_revacc_interval,6 months,Adults with chronic conditions,3,2024
ZMB,2024-10-01,policy_revacc_interval,6 months,Health and care workers,3,2024
ZMB,2024-10-01,policy_revacc_interval,6 months,Child. & ado. with chronic conditions,3,2024
ZMB,2024-10-01,date_product_start,2024-08-07T00:00:00Z,PFI-COXBB-1,3,2024
ZMB,2024-10-01,status_product_use,YES,PFI-COXBB-1,3,2024
ZMB,2024-10-01,comment,The vaccine uptake has been relatively slow.,PFI-COXBB-1,3,2024
BLR,2025-01-01,policy_comment,,Adults,4,2024
BLR,2025-01-01,policy_comment,,Adults with chronic conditions,4,2024
BLR,2025-01-01,policy_comment,,Child. & ado. with chronic conditions,4,2024
BLR,2025-01-01,policy_comment,,Children & adolescents,4,2024
BLR,2025-01-01,policy_comment,,Health and care workers,4,2024
BLR,2025-01-01,policy_comment,,Older adults,4,2024
BLR,2025-01-01,policy_comment,,Older adults with chronic conditions,4,2024
BLR,2025-01-01,policy_comment,,Other groups,4,2024
BLR,2025-01-01,policy_comment,,Pregnant women,4,2024
BLR,2025-01-01,policy_revacc,,Child. & ado. with chronic conditions,4,2024
BLR,2025-01-01,policy_revacc,,Children & adolescents,4,2024
BLR,2025-01-01,policy_revacc,,Older adults with chronic conditions,4,2024
BLR,2025-01-01,policy_revacc,,Pregnant women,4,2024
BLR,2025-01-01,policy_revacc_interval,,Child. & ado. with chronic conditions,4,2024
BLR,2025-01-01,policy_revacc_interval,,Children & adolescents,4,2024
BLR,2025-01-01,policy_revacc_interval,,Older adults with chronic conditions,4,2024
BLR,2025-01-01,policy_revacc_interval,,Pregnant women,4,2024
BLR,2025-01-01,policy_vacc,,Child. & ado. with chronic conditions,4,2024
BLR,2025-01-01,policy_vacc,,Children & adolescents,4,2024
BLR,2025-01-01,policy_vacc,,Older adults with chronic conditions,4,2024
BLR,2025-01-01,policy_vacc,,Pregnant women,4,2024
BLR,2025-01-01,policy_revacc,YES,Other groups,4,2024
BLR,2025-01-01,policy_revacc,YES,Adults with chronic conditions,4,2024
BLR,2025-01-01,policy_revacc,NO,Health and care workers,4,2024
BLR,2025-01-01,policy_revacc,YES,Adults,4,2024
BLR,2025-01-01,policy_revacc,YES,Older adults,4,2024
BLR,2025-01-01,policy_revacc_interval,12_MONTHS,Other groups,4,2024
BLR,2025-01-01,policy_revacc_interval,12_MONTHS,Adults with chronic conditions,4,2024
BLR,2025-01-01,policy_revacc_interval,12_MONTHS,Health and care workers,4,2024
BLR,2025-01-01,policy_revacc_interval,12_MONTHS,Adults,4,2024
BLR,2025-01-01,policy_revacc_interval,12_MONTHS,Older adults,4,2024
BLR,2025-01-01,policy_vacc,YES,Other groups,4,2024
BLR,2025-01-01,policy_vacc,YES,Adults with chronic conditions,4,2024
BLR,2025-01-01,policy_vacc,NO,Health and care workers,4,2024
BLR,2025-01-01,policy_vacc,YES,Adults,4,2024
BLR,2025-01-01,policy_vacc,YES,Older adults,4,2024
BLR,2024-04-01,date_product_start,2022-11-28T00:00:00Z,IFV-FINL-FR-SARS2-P-1,1,2024
BLR,2024-04-01,date_product_start,2021-09-27T14:56:10Z,GRI-SPUTNIKLT-1,1,2024
BLR,2024-04-01,date_product_start,2022-12-27T00:00:00Z,IFV-FINL-FR-SARS2-1,1,2024
BLR,2024-04-01,date_product_start,2020-12-29T00:00:00Z,GRI-INTRANASAL-1,1,2024
BLR,2024-04-01,comment,имел условную государственную регистрацию до 26.07.2023,IFV-FINL-FR-SARS2-P-1,1,2024
BLR,2024-04-01,comment,имеет условную государственную регистрацию (до 31.08.2024),GRI-SPUTNIKLT-1,1,2024
BLR,2024-04-01,comment,имел условную государственную регистрацию до 04.10.2023,IFV-FINL-FR-SARS2-1,1,2024
BLR,2024-04-01,comment,имеет условную государственную регистрацию до 03.01.2025,GRI-INTRANASAL-1,1,2024
BLR,2024-04-01,status_product_use,NO,IFV-FINL-FR-SARS2-P-1,1,2024
BLR,2024-04-01,status_product_use,YES,GRI-SPUTNIKLT-1,1,2024
BLR,2024-04-01,status_product_use,NO,IFV-FINL-FR-SARS2-1,1,2024
BLR,2024-04-01,status_product_use,YES,GRI-INTRANASAL-1,1,2024
BLR,2024-04-01,policy_comment,в категории ИНЫЕ по желанию,Adults,1,2024
BLR,2024-04-01,policy_comment,"дети 5-17 лет, по желанию при наличии вакцины",Children & adolescents,1,2024
BLR,2024-04-01,policy_comment,"дети 5-17 лет, при наличии вакцины",Child. & ado. with chronic conditions,1,2024
BLR,2024-04-01,policy_comment,"лица 5-17 и 18 и старше лет, находящиеся (работающие) в учреждениях с круглосуточным режимом пребывания",Other groups,1,2024
BLR,2024-04-01,policy_revacc_interval,1 раз в 12 мес.,Older adults,1,2024
BLR,2024-04-01,policy_revacc_interval,1 раз в 12 месяцев,Older adults with chronic conditions,1,2024
BLR,2024-04-01,policy_revacc_interval,1 раз в 12 месяцев,Adults,1,2024
BLR,2024-04-01,policy_revacc_interval,1 раз в 12 месяцев,Adults with chronic conditions,1,2024
BLR,2024-04-01,policy_revacc_interval,1 раз в 12 месяцев,Health and care workers,1,2024
BLR,2024-04-01,policy_revacc_interval,1 раз в 12 месяцев,Children & adolescents,1,2024
BLR,2024-04-01,policy_revacc_interval,1 раз в 12 месяцев,Child. & ado. with chronic conditions,1,2024
BLR,2024-04-01,policy_revacc_interval,1 раз в 12 месяцев,Other groups,1,2024
BLR,2024-04-01,policy_revacc,YES,Older adults,1,2024
BLR,2024-04-01,policy_revacc,YES,Older adults with chronic conditions,1,2024
BLR,2024-04-01,policy_revacc,YES,Adults,1,2024
BLR,2024-04-01,policy_revacc,YES,Adults with chronic conditions,1,2024
BLR,2024-04-01,policy_revacc,YES,Pregnant women,1,2024
BLR,2024-04-01,policy_revacc,YES,Health and care workers,1,2024
BLR,2024-04-01,policy_revacc,YES,Children & adolescents,1,2024
BLR,2024-04-01,policy_revacc,YES,Child. & ado. with chronic conditions,1,2024
BLR,2024-04-01,policy_revacc,YES,Other groups,1,2024
BLR,2024-04-01,policy_vacc,YES,Older adults,1,2024
BLR,2024-04-01,policy_vacc,YES,Older adults with chronic conditions,1,2024
BLR,2024-04-01,policy_vacc,YES,Adults,1,2024
BLR,2024-04-01,policy_vacc,YES,Adults with chronic conditions,1,2024
BLR,2024-04-01,policy_vacc,YES,Pregnant women,1,2024
BLR,2024-04-01,policy_vacc,YES,Health and care workers,1,2024
BLR,2024-04-01,policy_vacc,YES,Children & adolescents,1,2024
BLR,2024-04-01,policy_vacc,YES,Child. & ado. with chronic conditions,1,2024
BLR,2024-04-01,policy_vacc,YES,Other groups,1,2024
BLR,2024-07-01,policy_comment,в категории ИНЫЕ по желанию,Adults,2,2024
BLR,2024-07-01,policy_comment,"дети 5-17 лет,  при наличии вакцины",Children & adolescents,2,2024
BLR,2024-07-01,policy_comment,"дети 5-17 лет, при наличии вакцины",Child. & ado. with chronic conditions,2,2024
BLR,2024-07-01,policy_comment,"лица 5-17 и 18 и старше лет, находящиеся (работающие) в учреждениях с круглосуточным режимом пребывания",Other groups,2,2024
BLR,2024-07-01,policy_revacc,YES,Older adults,2,2024
BLR,2024-07-01,policy_revacc,YES,Older adults with chronic conditions,2,2024
BLR,2024-07-01,policy_revacc,YES,Adults,2,2024
BLR,2024-07-01,policy_revacc,YES,Adults with chronic conditions,2,2024
BLR,2024-07-01,policy_revacc,YES,Pregnant women,2,2024
BLR,2024-07-01,policy_revacc,YES,Health and care workers,2,2024
BLR,2024-07-01,policy_revacc,YES,Children & adolescents,2,2024
BLR,2024-07-01,policy_revacc,YES,Child. & ado. with chronic conditions,2,2024
BLR,2024-07-01,policy_revacc,YES,Other groups,2,2024
BLR,2024-07-01,policy_revacc_interval,1 раз в 12 мес.,Older adults,2,2024
BLR,2024-07-01,policy_revacc_interval,1 раз в 12 месяцев,Older adults with chronic conditions,2,2024
BLR,2024-07-01,policy_revacc_interval,1 раз в 12 месяцев,Adults,2,2024
BLR,2024-07-01,policy_revacc_interval,1 раз в 12 месяцев,Adults with chronic conditions,2,2024
BLR,2024-07-01,policy_revacc_interval,1 раз в 12 месяцев,Health and care workers,2,2024
BLR,2024-07-01,policy_revacc_interval,1 раз в 12 месяцев,Children & adolescents,2,2024
BLR,2024-07-01,policy_revacc_interval,1 раз в 12 месяцев,Child. & ado. with chronic conditions,2,2024
BLR,2024-07-01,policy_revacc_interval,1 раз в 12 месяцев,Other groups,2,2024
BLR,2024-07-01,policy_vacc,YES,Older adults,2,2024
BLR,2024-07-01,policy_vacc,YES,Older adults with chronic conditions,2,2024
BLR,2024-07-01,policy_vacc,YES,Adults,2,2024
BLR,2024-07-01,policy_vacc,YES,Adults with chronic conditions,2,2024
BLR,2024-07-01,policy_vacc,YES,Pregnant women,2,2024
BLR,2024-07-01,policy_vacc,YES,Health and care workers,2,2024
BLR,2024-07-01,policy_vacc,YES,Children & adolescents,2,2024
BLR,2024-07-01,policy_vacc,YES,Child. & ado. with chronic conditions,2,2024
BLR,2024-07-01,policy_vacc,YES,Other groups,2,2024
BLR,2024-07-01,date_product_start,2022-11-28T00:00:00Z,IFV-FINL-FR-SARS2-P-1,2,2024
BLR,2024-07-01,date_product_start,2021-09-27T14:56:10Z,GRI-SPUTNIKLT-1,2,2024
BLR,2024-07-01,date_product_start,2022-12-27T00:00:00Z,IFV-FINL-FR-SARS2-1,2,2024
BLR,2024-07-01,date_product_start,2020-12-29T00:00:00Z,GRI-INTRANASAL-1,2,2024
BLR,2024-07-01,status_product_use,NO,IFV-FINL-FR-SARS2-P-1,2,2024
BLR,2024-07-01,status_product_use,YES,GRI-SPUTNIKLT-1,2,2024
BLR,2024-07-01,status_product_use,NO,IFV-FINL-FR-SARS2-1,2,2024
BLR,2024-07-01,status_product_use,YES,GRI-INTRANASAL-1,2,2024
BLR,2024-07-01,comment,имел условную государственную регистрацию до 26.07.2023,IFV-FINL-FR-SARS2-P-1,2,2024
BLR,2024-07-01,comment,имеет условную государственную регистрацию (до 31.08.2024),GRI-SPUTNIKLT-1,2,2024
BLR,2024-07-01,comment,имел условную государственную регистрацию до 04.10.2023,IFV-FINL-FR-SARS2-1,2,2024
BLR,2024-07-01,comment,имеет условную государственную регистрацию до 03.01.2025,GRI-INTRANASAL-1,2,2024
COG,2025-01-01,policy_revacc,YES,Older adults,4,2024
COG,2025-01-01,policy_revacc,YES,Adults,4,2024
COG,2025-01-01,policy_revacc,YES,Adults with chronic conditions,4,2024
COG,2025-01-01,policy_revacc,YES,Pregnant women,4,2024
COG,2025-01-01,policy_revacc,YES,Health and care workers,4,2024
COG,2025-01-01,policy_revacc,YES,Children & adolescents,4,2024
COG,2025-01-01,policy_revacc,YES,Child. & ado. with chronic conditions,4,2024
COG,2025-01-01,policy_revacc,YES,Older adults with chronic conditions,4,2024
COG,2025-01-01,policy_revacc_interval,6_MONTHS,Older adults,4,2024
COG,2025-01-01,policy_revacc_interval,6_MONTHS,Adults,4,2024
COG,2025-01-01,policy_revacc_interval,6_MONTHS,Adults with chronic conditions,4,2024
COG,2025-01-01,policy_revacc_interval,6_MONTHS,Pregnant women,4,2024
COG,2025-01-01,policy_revacc_interval,6_MONTHS,Health and care workers,4,2024
COG,2025-01-01,policy_revacc_interval,6_MONTHS,Children & adolescents,4,2024
COG,2025-01-01,policy_revacc_interval,6_MONTHS,Child. & ado. with chronic conditions,4,2024
COG,2025-01-01,policy_revacc_interval,6_MONTHS,Older adults with chronic conditions,4,2024
COG,2025-01-01,policy_vacc,YES,Older adults,4,2024
COG,2025-01-01,policy_vacc,YES,Adults,4,2024
COG,2025-01-01,policy_vacc,YES,Adults with chronic conditions,4,2024
COG,2025-01-01,policy_vacc,YES,Pregnant women,4,2024
COG,2025-01-01,policy_vacc,YES,Health and care workers,4,2024
COG,2025-01-01,policy_vacc,YES,Children & adolescents,4,2024
COG,2025-01-01,policy_vacc,YES,Child. & ado. with chronic conditions,4,2024
COG,2025-01-01,policy_vacc,YES,Older adults with chronic conditions,4,2024
COG,2025-01-01,policy_comment,,Adults,4,2024
COG,2025-01-01,policy_comment,,Adults with chronic conditions,4,2024
COG,2025-01-01,policy_comment,,Child. & ado. with chronic conditions,4,2024
COG,2025-01-01,policy_comment,,Children & adolescents,4,2024
COG,2025-01-01,policy_comment,,Health and care workers,4,2024
COG,2025-01-01,policy_comment,,Older adults,4,2024
COG,2025-01-01,policy_comment,,Older adults with chronic conditions,4,2024
COG,2025-01-01,policy_comment,,Other groups,4,2024
COG,2025-01-01,policy_comment,,Pregnant women,4,2024
COG,2025-01-01,policy_revacc,,Other groups,4,2024
COG,2025-01-01,policy_revacc_interval,,Other groups,4,2024
COG,2025-01-01,policy_vacc,,Other groups,4,2024
NGA,2025-01-01,policy_revacc_interval,OTHER,Older adults,4,2024
NGA,2025-01-01,policy_revacc_interval,OTHER,Health and care workers,4,2024
NGA,2025-01-01,policy_revacc_interval,OTHER,Other groups,4,2024
NGA,2025-01-01,policy_revacc_interval,OTHER,Older adults with chronic conditions,4,2024
NGA,2025-01-01,policy_revacc_interval,OTHER,Adults,4,2024
NGA,2025-01-01,policy_revacc_interval,OTHER,Adults with chronic conditions,4,2024
NGA,2025-01-01,policy_revacc_interval,OTHER,Pregnant women,4,2024
NGA,2025-01-01,policy_revacc,YES,Older adults,4,2024
NGA,2025-01-01,policy_revacc,YES,Health and care workers,4,2024
NGA,2025-01-01,policy_revacc,NO,Children & adolescents,4,2024
NGA,2025-01-01,policy_revacc,NO,Child. & ado. with chronic conditions,4,2024
NGA,2025-01-01,policy_revacc,YES,Other groups,4,2024
NGA,2025-01-01,policy_revacc,YES,Older adults with chronic conditions,4,2024
NGA,2025-01-01,policy_revacc,YES,Adults,4,2024
NGA,2025-01-01,policy_revacc,YES,Adults with chronic conditions,4,2024
NGA,2025-01-01,policy_revacc,YES,Pregnant women,4,2024
NGA,2025-01-01,policy_comment,Two months after 1st dose of J&J for Older Adults aged 50 years and above,Older adults,4,2024
NGA,2025-01-01,policy_comment,Two months after 1st dose of J&J for Health care workers aged 18 years and above,Health and care workers,4,2024
NGA,2025-01-01,policy_comment,Two months after 1st dose of J&J for All Adults 18-49 years,Other groups,4,2024
NGA,2025-01-01,policy_comment,Two months after 1st dose J&J for Older adults aged 50 years and above,Older adults with chronic conditions,4,2024
NGA,2025-01-01,policy_comment,Two months after 1st dose J&J for Adults aged 18 years and above,Adults,4,2024
NGA,2025-01-01,policy_comment,Two months after 1st dose of J&J for Adults aged 18 years and above,Adults with chronic conditions,4,2024
NGA,2025-01-01,policy_comment,Two months after 1st dose of J&J for Pregnant women aged 18 years and above,Pregnant women,4,2024
NGA,2024-10-01,status_product_use,NO,ASZ-AZD1222-1,3,2024
NGA,2024-10-01,status_product_use,NO,MOC-MRNA-1273-1,3,2024
NGA,2024-10-01,status_product_use,NO,PFI-COMIRNATY-1,3,2024
NGA,2024-10-01,status_product_use,NO,JAP-AD26-COV-2.5-1,3,2024
NGA,2024-10-01,date_product_start,2021-03-15T13:30:08Z,ASZ-AZD1222-1,3,2024
NGA,2024-10-01,date_product_start,2021-08-16T14:00:00Z,MOC-MRNA-1273-1,3,2024
NGA,2024-10-01,date_product_start,2021-12-10T08:06:02Z,PFI-COMIRNATY-1,3,2024
NGA,2024-10-01,date_product_start,2022-01-01T13:08:01Z,JAP-AD26-COV-2.5-1,3,2024
NGA,2024-10-01,comment,"1st batch received in country on March 02, 2021",ASZ-AZD1222-1,3,2024
NGA,2024-10-01,comment,"1st batch received in country on August 01, 2021",MOC-MRNA-1273-1,3,2024
NGA,2024-10-01,comment,"1st batch received in country on October 14, 2021",PFI-COMIRNATY-1,3,2024
NGA,2024-10-01,comment,"Used in 2024 but currently out of stock. 1st batch received in country on August 11, 2021",JAP-AD26-COV-2.5-1,3,2024
NGA,2024-10-01,policy_revacc,YES,Older adults,3,2024
NGA,2024-10-01,policy_revacc,YES,Older adults with chronic conditions,3,2024
NGA,2024-10-01,policy_revacc,YES,Adults,3,2024
NGA,2024-10-01,policy_revacc,YES,Adults with chronic conditions,3,2024
NGA,2024-10-01,policy_revacc,YES,Pregnant women,3,2024
NGA,2024-10-01,policy_revacc,YES,Health and care workers,3,2024
NGA,2024-10-01,policy_revacc,NO,Children & adolescents,3,2024
NGA,2024-10-01,policy_revacc,NO,Child. & ado. with chronic conditions,3,2024
NGA,2024-10-01,policy_revacc,YES,Other groups,3,2024
NGA,2024-10-01,policy_vacc,YES,Older adults,3,2024
NGA,2024-10-01,policy_vacc,YES,Older adults with chronic conditions,3,2024
NGA,2024-10-01,policy_vacc,YES,Adults,3,2024
NGA,2024-10-01,policy_vacc,YES,Adults with chronic conditions,3,2024
NGA,2024-10-01,policy_vacc,YES,Pregnant women,3,2024
NGA,2024-10-01,policy_vacc,YES,Health and care workers,3,2024
NGA,2024-10-01,policy_vacc,NO,Children & adolescents,3,2024
NGA,2024-10-01,policy_vacc,NO,Child. & ado. with chronic conditions,3,2024
NGA,2024-10-01,policy_vacc,YES,Other groups,3,2024
NGA,2024-10-01,policy_comment,Only J&J was available in Nigeria in 2024,Older adults,3,2024
NGA,2024-10-01,policy_comment,Only J&J was available in Nigeria in 2024,Older adults with chronic conditions,3,2024
NGA,2024-10-01,policy_comment,Only J&J was available in Nigeria in 2024,Adults,3,2024
NGA,2024-10-01,policy_comment,Only J&J was available in Nigeria in 2024,Adults with chronic conditions,3,2024
NGA,2024-10-01,policy_comment,Only J&J was available in Nigeria in 2024,Pregnant women,3,2024
NGA,2024-10-01,policy_comment,Only J&J was available in Nigeria in 2024,Health and care workers,3,2024
NGA,2024-10-01,policy_comment,Population below 18 years are not vaccinated,Children & adolescents,3,2024
NGA,2024-10-01,policy_comment,Population below 18 years are not vaccinated,Child. & ado. with chronic conditions,3,2024
NGA,2024-10-01,policy_revacc_interval,2 Months after first dose of J&J,Older adults,3,2024
NGA,2024-10-01,policy_revacc_interval,2 Months after first dose of J&J,Older adults with chronic conditions,3,2024
NGA,2024-10-01,policy_revacc_interval,2 Months after first dose of J&J,Adults,3,2024
NGA,2024-10-01,policy_revacc_interval,2 Months after first dose of J&J,Adults with chronic conditions,3,2024
NGA,2024-10-01,policy_revacc_interval,2 Months after first dose of J&J,Pregnant women,3,2024
NGA,2024-10-01,policy_revacc_interval,2 Months after first dose of J&J,Health and care workers,3,2024
NGA,2024-10-01,policy_revacc_interval,2 Months after first dose of J&J,Other groups,3,2024
NGA,2025-01-01,policy_vacc,YES,Older adults,4,2024
NGA,2025-01-01,policy_vacc,YES,Health and care workers,4,2024
NGA,2025-01-01,policy_vacc,NO,Children & adolescents,4,2024
NGA,2025-01-01,policy_vacc,NO,Child. & ado. with chronic conditions,4,2024
NGA,2025-01-01,policy_vacc,YES,Other groups,4,2024
NGA,2025-01-01,policy_vacc,YES,Older adults with chronic conditions,4,2024
NGA,2025-01-01,policy_vacc,YES,Adults,4,2024
NGA,2025-01-01,policy_vacc,YES,Adults with chronic conditions,4,2024
NGA,2025-01-01,policy_vacc,YES,Pregnant women,4,2024
NGA,2025-01-01,policy_comment,,Child. & ado. with chronic conditions,4,2024
NGA,2025-01-01,policy_comment,,Children & adolescents,4,2024
NGA,2025-01-01,policy_revacc_interval,,Child. & ado. with chronic conditions,4,2024
NGA,2025-01-01,policy_revacc_interval,,Children & adolescents,4,2024
NZL,2025-01-01,policy_comment,,Adults,4,2024
NZL,2025-01-01,policy_comment,,Adults with chronic conditions,4,2024
NZL,2025-01-01,policy_comment,,Child. & ado. with chronic conditions,4,2024
NZL,2025-01-01,policy_comment,,Children & adolescents,4,2024
NZL,2025-01-01,policy_comment,,Health and care workers,4,2024
NZL,2025-01-01,policy_comment,,Older adults,4,2024
NZL,2025-01-01,policy_comment,,Older adults with chronic conditions,4,2024
NZL,2025-01-01,policy_comment,,Other groups,4,2024
NZL,2025-01-01,policy_comment,,Pregnant women,4,2024
NZL,2025-01-01,policy_revacc,,Adults,4,2024
NZL,2025-01-01,policy_revacc,,Adults with chronic conditions,4,2024
NZL,2025-01-01,policy_revacc,,Child. & ado. with chronic conditions,4,2024
NZL,2025-01-01,policy_revacc,,Children & adolescents,4,2024
NZL,2025-01-01,policy_revacc,,Health and care workers,4,2024
NZL,2025-01-01,policy_revacc,,Older adults with chronic conditions,4,2024
NZL,2025-01-01,policy_revacc,,Other groups,4,2024
NZL,2025-01-01,policy_revacc,,Pregnant women,4,2024
NZL,2025-01-01,policy_revacc_interval,,Adults,4,2024
NZL,2025-01-01,policy_revacc_interval,,Adults with chronic conditions,4,2024
NZL,2025-01-01,policy_revacc_interval,,Child. & ado. with chronic conditions,4,2024
NZL,2025-01-01,policy_revacc_interval,,Children & adolescents,4,2024
NZL,2025-01-01,policy_revacc_interval,,Health and care workers,4,2024
NZL,2025-01-01,policy_revacc_interval,,Older adults with chronic conditions,4,2024
NZL,2025-01-01,policy_revacc_interval,,Other groups,4,2024
NZL,2025-01-01,policy_revacc_interval,,Pregnant women,4,2024
NZL,2025-01-01,policy_vacc,,Adults,4,2024
NZL,2025-01-01,policy_vacc,,Adults with chronic conditions,4,2024
NZL,2025-01-01,policy_vacc,,Child. & ado. with chronic conditions,4,2024
NZL,2025-01-01,policy_vacc,,Children & adolescents,4,2024
NZL,2025-01-01,policy_vacc,,Health and care workers,4,2024
NZL,2025-01-01,policy_vacc,,Older adults with chronic conditions,4,2024
NZL,2025-01-01,policy_vacc,,Other groups,4,2024
NZL,2025-01-01,policy_vacc,,Pregnant women,4,2024
NZL,2025-01-01,policy_vacc,YES,Older adults,4,2024
NZL,2025-01-01,policy_revacc,YES,Older adults,4,2024
NZL,2025-01-01,policy_revacc_interval,6_MONTHS,Older adults,4,2024
BEL,2025-01-01,policy_comment,,Adults,4,2024
BEL,2025-01-01,policy_comment,,Children & adolescents,4,2024
BEL,2025-01-01,policy_revacc_interval,,Adults,4,2024
BEL,2025-01-01,policy_revacc_interval,,Children & adolescents,4,2024
BEL,2025-01-01,policy_revacc_interval,,Pregnant women,4,2024
BEL,2024-10-01,status_product_use,NO,HIP-BIMERVAX-1,3,2024
BEL,2024-10-01,status_product_use,NO,JAP-AD26-COV-2.5-1,3,2024
BEL,2024-10-01,status_product_use,YES,PFI-COXBB-1,3,2024
BEL,2024-10-01,status_product_use,NO,MOC-MRNA-1273-1,3,2024
BEL,2024-10-01,status_product_use,NO,PFI-COMIRNATY-1,3,2024
BEL,2024-10-01,status_product_use,NO,NOV-COVAX-1,3,2024
BEL,2024-10-01,status_product_use,NO,PFI-CBOOB1-2,3,2024
BEL,2024-10-01,status_product_use,NO,PFI-CBOOB1-1,3,2024
BEL,2024-10-01,status_product_use,NO,ASZ-AZD1222-1,3,2024
BEL,2024-10-01,status_product_use,NO,SPG-VIDPREVTYN-1,3,2024
BEL,2024-10-01,status_product_use,NO,MOC-SBOOB1-2,3,2024
BEL,2024-10-01,status_product_use,NO,MOC-SBOOB1-1,3,2024
BEL,2024-10-01,status_product_use,YES,PFI-COJN-1,3,2024
BEL,2024-10-01,date_product_start,2023-09-15T00:00:00Z,HIP-BIMERVAX-1,3,2024
BEL,2024-10-01,date_product_start,2021-04-28T00:00:00Z,JAP-AD26-COV-2.5-1,3,2024
BEL,2024-10-01,date_product_start,2023-09-15T00:00:00Z,PFI-COXBB-1,3,2024
BEL,2024-10-01,date_product_start,2021-01-11T00:00:00Z,MOC-MRNA-1273-1,3,2024
BEL,2024-10-01,date_product_start,2020-12-28T00:00:00Z,PFI-COMIRNATY-1,3,2024
BEL,2024-10-01,date_product_start,2022-02-22T00:00:00Z,NOV-COVAX-1,3,2024
BEL,2024-10-01,date_product_start,2022-10-10T00:00:00Z,PFI-CBOOB1-2,3,2024
BEL,2024-10-01,date_product_start,2022-09-12T00:00:00Z,PFI-CBOOB1-1,3,2024
BEL,2024-10-01,date_product_start,2021-02-12T00:00:00Z,ASZ-AZD1222-1,3,2024
BEL,2024-10-01,date_product_start,2022-12-15T00:00:00Z,SPG-VIDPREVTYN-1,3,2024
BEL,2024-10-01,date_product_start,2023-01-20T00:00:00Z,MOC-SBOOB1-2,3,2024
BEL,2024-10-01,date_product_start,2022-09-12T00:00:00Z,MOC-SBOOB1-1,3,2024
BEL,2024-10-01,date_product_start,2024-09-20T00:00:00Z,PFI-COJN-1,3,2024
BEL,2024-10-01,comment,Starting date is an approximation,HIP-BIMERVAX-1,3,2024
BEL,2024-10-01,comment,Starting date is an approximation (depending on the federated entities),PFI-COXBB-1,3,2024
BEL,2024-10-01,comment,"Starting date is an approximation, the vaccine has been approved for use by the interministerial conference on the 19th of January 2022, and delivered in Belgium in the second half of February 2022",NOV-COVAX-1,3,2024
BEL,2024-10-01,comment,Starting date is an approximation (depending on the federated entities),PFI-CBOOB1-2,3,2024
BEL,2024-10-01,comment,Starting date is an approximation,PFI-CBOOB1-1,3,2024
BEL,2024-10-01,comment,"Starting date is an approximation, vaccine available in Belgium from that date onwards",SPG-VIDPREVTYN-1,3,2024
BEL,2024-10-01,comment,"Starting date is an approximation, vaccine available in Belgium from that date onwards",MOC-SBOOB1-2,3,2024
BEL,2024-10-01,comment,Starting date is an approximation,MOC-SBOOB1-1,3,2024
BEL,2025-01-01,policy_vacc,YES,Older adults,4,2024
BEL,2025-01-01,policy_vacc,YES,Older adults with chronic conditions,4,2024
BEL,2025-01-01,policy_vacc,NO,Adults,4,2024
BEL,2025-01-01,policy_vacc,YES,Adults with chronic conditions,4,2024
BEL,2025-01-01,policy_vacc,YES,Pregnant women,4,2024
BEL,2025-01-01,policy_vacc,YES,Health and care workers,4,2024
BEL,2025-01-01,policy_vacc,NO,Children & adolescents,4,2024
BEL,2025-01-01,policy_vacc,YES,Child. & ado. with chronic conditions,4,2024
BEL,2025-01-01,policy_vacc,YES,Other groups,4,2024
BEL,2025-01-01,policy_revacc_interval,12_MONTHS,Older adults,4,2024
BEL,2025-01-01,policy_revacc_interval,12_MONTHS,Older adults with chronic conditions,4,2024
BEL,2025-01-01,policy_revacc_interval,12_MONTHS,Adults with chronic conditions,4,2024
BEL,2025-01-01,policy_revacc_interval,12_MONTHS,Health and care workers,4,2024
BEL,2025-01-01,policy_revacc_interval,12_MONTHS,Child. & ado. with chronic conditions,4,2024
BEL,2025-01-01,policy_revacc_interval,12_MONTHS,Other groups,4,2024
BEL,2025-01-01,policy_comment,Any person aged 65 years and over,Older adults,4,2024
BEL,2025-01-01,policy_comment,"Any patient aged 18 years or over with at least one comorbidity (underlying chronic condition, even if stabilized) of pulmonary, cardiac, hepatic, renal, metabolic or neurologic origin; obisitas; severe mental health disorders; certain rare diseases; patients with immunosuppression due to disease or treatment",Older adults with chronic conditions,4,2024
BEL,2025-01-01,policy_comment,"Any patient aged 18 years or over with at least one comorbidity (underlying chronic condition, even if stabilized) of pulmonary, cardiac, hepatic, renal, metabolic or neurologic origin; obisitas; severe mental health disorders; certain rare diseases; patients with immunosuppression due to disease or treatment",Adults with chronic conditions,4,2024
BEL,2025-01-01,policy_comment,"1) Pregnant women, at any stage of pregnancy, with comorbidities OR those expected to have a high-risk pregnancy MUST receive COVID-19 vaccination as a high priority. 2) Healthy pregnant women without comorbidities or an anticipated high-risk pregnancy MAY OPT for COVID-19 vaccination on an individual basis. This decision should involve a discussion with a healthcare professional.",Pregnant women,4,2024
BEL,2025-01-01,policy_comment,"all ""persons active in the care sector"", in and outside care institutions",Health and care workers,4,2024
BEL,2025-01-01,policy_comment,"Immunocompromised patients; Severe chronic diseases affecting renal, gastro intestinal, cardiovascular, respiratory or neurological health; Certain rare conditions (including Down syndrome with associated comorbidities or immunological impairment) with an impact on cardiovascular, respiratory or neurological health.",Child. & ado. with chronic conditions,4,2024
BEL,2025-01-01,policy_comment,"Any person living in Long Term Care Facilities (LTCF) and nursing homes; all persons living in the same household (the ""cocoon"" vaccination strategy) than severe immunocompromised patients",Other groups,4,2024
BEL,2025-01-01,policy_revacc,YES,Older adults,4,2024
BEL,2025-01-01,policy_revacc,YES,Older adults with chronic conditions,4,2024
BEL,2025-01-01,policy_revacc,NO,Adults,4,2024
BEL,2025-01-01,policy_revacc,YES,Adults with chronic conditions,4,2024
BEL,2025-01-01,policy_revacc,YES,Pregnant women,4,2024
BEL,2025-01-01,policy_revacc,YES,Health and care workers,4,2024
BEL,2025-01-01,policy_revacc,NO,Children & adolescents,4,2024
BEL,2025-01-01,policy_revacc,YES,Child. & ado. with chronic conditions,4,2024
BEL,2025-01-01,policy_revacc,YES,Other groups,4,2024
BEL,2024-07-01,date_product_start,2023-09-15T00:00:00Z,HIP-BIMERVAX-1,2,2024
BEL,2024-07-01,date_product_start,2021-04-28T00:00:00Z,JAP-AD26-COV-2.5-1,2,2024
BEL,2024-07-01,date_product_start,2023-09-15T00:00:00Z,PFI-COXBB-1,2,2024
BEL,2024-07-01,date_product_start,2021-01-11T00:00:00Z,MOC-MRNA-1273-1,2,2024
BEL,2024-07-01,date_product_start,2020-12-28T00:00:00Z,PFI-COMIRNATY-1,2,2024
BEL,2024-07-01,date_product_start,2022-02-22T00:00:00Z,NOV-COVAX-1,2,2024
BEL,2024-07-01,date_product_start,2022-10-10T00:00:00Z,PFI-CBOOB1-2,2,2024
BEL,2024-07-01,date_product_start,2022-09-12T00:00:00Z,PFI-CBOOB1-1,2,2024
BEL,2024-07-01,date_product_start,2021-02-12T00:00:00Z,ASZ-AZD1222-1,2,2024
BEL,2024-07-01,date_product_start,2022-12-15T00:00:00Z,SPG-VIDPREVTYN-1,2,2024
BEL,2024-07-01,date_product_start,2023-01-20T00:00:00Z,MOC-SBOOB1-2,2,2024
BEL,2024-07-01,date_product_start,2022-09-12T00:00:00Z,MOC-SBOOB1-1,2,2024
BEL,2024-07-01,comment,Starting date is an approximation,HIP-BIMERVAX-1,2,2024
BEL,2024-07-01,comment,Starting date is an approximation (depending on the federated entities),PFI-COXBB-1,2,2024
BEL,2024-07-01,comment,"Starting date is an approximation, the vaccine has been approved for use by the interministerial conference on the 19th of January 2022, and delivered in Belgium in the second half of February 2022",NOV-COVAX-1,2,2024
BEL,2024-07-01,comment,Starting date is an approximation (depending on the federated entities),PFI-CBOOB1-2,2,2024
BEL,2024-07-01,comment,Starting date is an approximation,PFI-CBOOB1-1,2,2024
BEL,2024-07-01,comment,"Starting date is an approximation, vaccine available in Belgium from that date onwards",SPG-VIDPREVTYN-1,2,2024
BEL,2024-07-01,comment,"Starting date is an approximation, vaccine available in Belgium from that date onwards",MOC-SBOOB1-2,2,2024
BEL,2024-07-01,comment,Starting date is an approximation,MOC-SBOOB1-1,2,2024
BEL,2024-07-01,status_product_use,YES,HIP-BIMERVAX-1,2,2024
BEL,2024-07-01,status_product_use,NO,JAP-AD26-COV-2.5-1,2,2024
BEL,2024-07-01,status_product_use,YES,PFI-COXBB-1,2,2024
BEL,2024-07-01,status_product_use,NO,MOC-MRNA-1273-1,2,2024
BEL,2024-07-01,status_product_use,NO,PFI-COMIRNATY-1,2,2024
BEL,2024-07-01,status_product_use,NO,NOV-COVAX-1,2,2024
BEL,2024-07-01,status_product_use,NO,PFI-CBOOB1-2,2,2024
BEL,2024-07-01,status_product_use,NO,PFI-CBOOB1-1,2,2024
BEL,2024-07-01,status_product_use,NO,ASZ-AZD1222-1,2,2024
BEL,2024-07-01,status_product_use,YES,SPG-VIDPREVTYN-1,2,2024
BEL,2024-07-01,status_product_use,NO,MOC-SBOOB1-2,2,2024
BEL,2024-07-01,status_product_use,NO,MOC-SBOOB1-1,2,2024
BEL,2024-07-01,policy_revacc,YES,Older adults,2,2024
BEL,2024-07-01,policy_revacc,YES,Older adults with chronic conditions,2,2024
BEL,2024-07-01,policy_revacc,NO,Adults,2,2024
BEL,2024-07-01,policy_revacc,YES,Adults with chronic conditions,2,2024
BEL,2024-07-01,policy_revacc,YES,Pregnant women,2,2024
BEL,2024-07-01,policy_revacc,YES,Health and care workers,2,2024
BEL,2024-07-01,policy_revacc,NO,Children & adolescents,2,2024
BEL,2024-07-01,policy_revacc,YES,Child. & ado. with chronic conditions,2,2024
BEL,2024-07-01,policy_revacc,YES,Other groups,2,2024
BEL,2024-07-01,policy_vacc,YES,Older adults,2,2024
BEL,2024-07-01,policy_vacc,YES,Older adults with chronic conditions,2,2024
BEL,2024-07-01,policy_vacc,NO,Adults,2,2024
BEL,2024-07-01,policy_vacc,YES,Adults with chronic conditions,2,2024
BEL,2024-07-01,policy_vacc,YES,Pregnant women,2,2024
BEL,2024-07-01,policy_vacc,YES,Health and care workers,2,2024
BEL,2024-07-01,policy_vacc,NO,Children & adolescents,2,2024
BEL,2024-07-01,policy_vacc,YES,Child. & ado. with chronic conditions,2,2024
BEL,2024-07-01,policy_vacc,YES,Other groups,2,2024
BEL,2024-07-01,policy_comment,No distinction is being made anymore in Belgium between 'vaccination' and 're-vaccination',Older adults,2,2024
BEL,2024-07-01,policy_comment,No distinction is being made anymore in Belgium between 'vaccination' and 're-vaccination',Older adults with chronic conditions,2,2024
BEL,2024-07-01,policy_comment,No distinction is being made anymore in Belgium between 'vaccination' and 're-vaccination',Adults with chronic conditions,2,2024
BEL,2024-07-01,policy_comment,No distinction is being made anymore in Belgium between 'vaccination' and 're-vaccination',Pregnant women,2,2024
BEL,2024-07-01,policy_comment,No distinction is being made anymore in Belgium between 'vaccination' and 're-vaccination',Health and care workers,2,2024
BEL,2024-07-01,policy_comment,Applies to children aged 6 months and older. No distinction is being made anymore in Belgium between 'vaccination' and 're-vaccination',Child. & ado. with chronic conditions,2,2024
BEL,2024-07-01,policy_comment,Those residing in nursing homes. Persons with obesitas. Family members of persons with immune disorders. No distinction is being made anymore in Belgium between 'vaccination' and 're-vaccination',Other groups,2,2024
BEL,2024-07-01,policy_revacc_interval,Yearly,Older adults,2,2024
BEL,2024-07-01,policy_revacc_interval,Yearly,Older adults with chronic conditions,2,2024
BEL,2024-07-01,policy_revacc_interval,Yearly,Adults with chronic conditions,2,2024
BEL,2024-07-01,policy_revacc_interval,If pregnant in the vaccination season,Pregnant women,2,2024
BEL,2024-07-01,policy_revacc_interval,Yearly,Health and care workers,2,2024
BEL,2024-07-01,policy_revacc_interval,Yearly,Child. & ado. with chronic conditions,2,2024
BEL,2024-07-01,policy_revacc_interval,Yearly,Other groups,2,2024
BEL,2024-10-01,policy_comment,No distinction is being made anymore in Belgium between 'vaccination' and 're-vaccination',Older adults,3,2024
BEL,2024-10-01,policy_comment,No distinction is being made anymore in Belgium between 'vaccination' and 're-vaccination',Older adults with chronic conditions,3,2024
BEL,2024-10-01,policy_comment,No distinction is being made anymore in Belgium between 'vaccination' and 're-vaccination',Adults with chronic conditions,3,2024
BEL,2024-10-01,policy_comment,"No distinction is being made anymore in Belgium between 'vaccination' and 're-vaccination'. The recommendation is for voluntary, individualized vaccination during pregnancy. The pregnant women’s decision should be guided by a thorough assessment of the benefit-risk balance, conducted in consultation with the healthcare professional overseeing the pregnancy.",Pregnant women,3,2024
BEL,2024-10-01,policy_comment,No distinction is being made anymore in Belgium between 'vaccination' and 're-vaccination',Health and care workers,3,2024
BEL,2024-10-01,policy_comment,Applies to children aged 6 months and older. No distinction is being made anymore in Belgium between 'vaccination' and 're-vaccination',Child. & ado. with chronic conditions,3,2024
BEL,2024-10-01,policy_comment,Those residing in nursing homes. Persons with obesitas. Family members of persons with immune disorders. No distinction is being made anymore in Belgium between 'vaccination' and 're-vaccination',Other groups,3,2024
BEL,2024-10-01,policy_revacc_interval,Yearly,Older adults,3,2024
BEL,2024-10-01,policy_revacc_interval,Yearly,Older adults with chronic conditions,3,2024
BEL,2024-10-01,policy_revacc_interval,Yearly,Adults with chronic conditions,3,2024
BEL,2024-10-01,policy_revacc_interval,NR,Pregnant women,3,2024
BEL,2024-10-01,policy_revacc_interval,Yearly,Health and care workers,3,2024
BEL,2024-10-01,policy_revacc_interval,Yearly,Child. & ado. with chronic conditions,3,2024
BEL,2024-10-01,policy_revacc_interval,Yearly,Other groups,3,2024
BEL,2024-10-01,policy_revacc,YES,Older adults,3,2024
BEL,2024-10-01,policy_revacc,YES,Older adults with chronic conditions,3,2024
BEL,2024-10-01,policy_revacc,NO,Adults,3,2024
BEL,2024-10-01,policy_revacc,YES,Adults with chronic conditions,3,2024
BEL,2024-10-01,policy_revacc,NO,Pregnant women,3,2024
BEL,2024-10-01,policy_revacc,YES,Health and care workers,3,2024
BEL,2024-10-01,policy_revacc,NO,Children & adolescents,3,2024
BEL,2024-10-01,policy_revacc,YES,Child. & ado. with chronic conditions,3,2024
BEL,2024-10-01,policy_revacc,YES,Other groups,3,2024
BEL,2024-10-01,policy_vacc,YES,Older adults,3,2024
BEL,2024-10-01,policy_vacc,YES,Older adults with chronic conditions,3,2024
BEL,2024-10-01,policy_vacc,NO,Adults,3,2024
BEL,2024-10-01,policy_vacc,YES,Adults with chronic conditions,3,2024
BEL,2024-10-01,policy_vacc,NO,Pregnant women,3,2024
BEL,2024-10-01,policy_vacc,YES,Health and care workers,3,2024
BEL,2024-10-01,policy_vacc,NO,Children & adolescents,3,2024
BEL,2024-10-01,policy_vacc,YES,Child. & ado. with chronic conditions,3,2024
BEL,2024-10-01,policy_vacc,YES,Other groups,3,2024
BEL,2024-04-01,policy_revacc,YES,Adults with chronic conditions,1,2024
BEL,2024-04-01,policy_revacc,YES,Pregnant women,1,2024
BEL,2024-04-01,policy_revacc,YES,Health and care workers,1,2024
BEL,2024-04-01,policy_revacc,NO,Children & adolescents,1,2024
BEL,2024-04-01,policy_revacc,YES,Child. & ado. with chronic conditions,1,2024
BEL,2024-04-01,policy_revacc,YES,Other groups,1,2024
BEL,2024-04-01,policy_revacc,YES,Older adults,1,2024
BEL,2024-04-01,policy_revacc,YES,Older adults with chronic conditions,1,2024
BEL,2024-04-01,policy_revacc,NO,Adults,1,2024
BEL,2024-04-01,policy_comment,No distinction is being made anymore in Belgium between 'vaccination' and 're-vaccination',Adults with chronic conditions,1,2024
BEL,2024-04-01,policy_comment,No distinction is being made anymore in Belgium between 'vaccination' and 're-vaccination',Pregnant women,1,2024
BEL,2024-04-01,policy_comment,No distinction is being made anymore in Belgium between 'vaccination' and 're-vaccination',Health and care workers,1,2024
BEL,2024-04-01,policy_comment,Applies to children aged 6 months and older. No distinction is being made anymore in Belgium between 'vaccination' and 're-vaccination',Child. & ado. with chronic conditions,1,2024
BEL,2024-04-01,policy_comment,Those residing in nursing homes. Persons with obesitas. Family members of persons with immune disorders. No distinction is being made anymore in Belgium between 'vaccination' and 're-vaccination',Other groups,1,2024
BEL,2024-04-01,policy_comment,No distinction is being made anymore in Belgium between 'vaccination' and 're-vaccination',Older adults,1,2024
BEL,2024-04-01,policy_comment,No distinction is being made anymore in Belgium between 'vaccination' and 're-vaccination',Older adults with chronic conditions,1,2024
BEL,2024-04-01,policy_revacc_interval,Yearly,Adults with chronic conditions,1,2024
BEL,2024-04-01,policy_revacc_interval,If pregnant in the vaccination season,Pregnant women,1,2024
BEL,2024-04-01,policy_revacc_interval,Yearly,Health and care workers,1,2024
BEL,2024-04-01,policy_revacc_interval,Yearly,Child. & ado. with chronic conditions,1,2024
BEL,2024-04-01,policy_revacc_interval,Yearly,Other groups,1,2024
BEL,2024-04-01,policy_revacc_interval,Yearly,Older adults,1,2024
BEL,2024-04-01,policy_revacc_interval,Yearly,Older adults with chronic conditions,1,2024
BEL,2024-04-01,policy_vacc,YES,Adults with chronic conditions,1,2024
BEL,2024-04-01,policy_vacc,YES,Pregnant women,1,2024
BEL,2024-04-01,policy_vacc,YES,Health and care workers,1,2024
BEL,2024-04-01,policy_vacc,NO,Children & adolescents,1,2024
BEL,2024-04-01,policy_vacc,YES,Child. & ado. with chronic conditions,1,2024
BEL,2024-04-01,policy_vacc,YES,Other groups,1,2024
BEL,2024-04-01,policy_vacc,YES,Older adults,1,2024
BEL,2024-04-01,policy_vacc,YES,Older adults with chronic conditions,1,2024
BEL,2024-04-01,policy_vacc,NO,Adults,1,2024
BEL,2024-04-01,comment,"Starting date is an approximation, the vaccine has been approved for use by the interministerial conference on the 19th of January 2022, and delivered in Belgium in the second half of February 2022",NOV-COVAX-1,1,2024
BEL,2024-04-01,comment,Starting date is an approximation (depending on the federated entities),PFI-CBOOB1-2,1,2024
BEL,2024-04-01,comment,Starting date is an approximation,PFI-CBOOB1-1,1,2024
BEL,2024-04-01,comment,"Starting date is an approximation, vaccine available in Belgium from that date onwards",SPG-VIDPREVTYN-1,1,2024
BEL,2024-04-01,comment,"Starting date is an approximation, vaccine available in Belgium from that date onwards",MOC-SBOOB1-2,1,2024
BEL,2024-04-01,comment,Starting date is an approximation,MOC-SBOOB1-1,1,2024
BEL,2024-04-01,date_product_start,2023-09-15T00:00:00Z,PFI-COXBB-1,1,2024
BEL,2024-04-01,status_product_use,YES,PFI-COXBB-1,1,2024
BEL,2024-04-01,comment,Starting date is an approximation (depending on the federated entities),PFI-COXBB-1,1,2024
BEL,2024-04-01,date_product_start,2021-04-28T00:00:00Z,JAP-AD26-COV-2.5-1,1,2024
BEL,2024-04-01,date_product_start,2021-01-11T00:00:00Z,MOC-MRNA-1273-1,1,2024
BEL,2024-04-01,date_product_start,2020-12-28T00:00:00Z,PFI-COMIRNATY-1,1,2024
BEL,2024-04-01,date_product_start,2022-02-22T00:00:00Z,NOV-COVAX-1,1,2024
BEL,2024-04-01,date_product_start,2022-10-10T00:00:00Z,PFI-CBOOB1-2,1,2024
BEL,2024-04-01,date_product_start,2022-09-12T00:00:00Z,PFI-CBOOB1-1,1,2024
BEL,2024-04-01,date_product_start,2021-02-12T00:00:00Z,ASZ-AZD1222-1,1,2024
BEL,2024-04-01,date_product_start,2022-12-15T00:00:00Z,SPG-VIDPREVTYN-1,1,2024
BEL,2024-04-01,date_product_start,2023-01-20T00:00:00Z,MOC-SBOOB1-2,1,2024
BEL,2024-04-01,date_product_start,2022-09-12T00:00:00Z,MOC-SBOOB1-1,1,2024
BEL,2024-04-01,status_product_use,NO,JAP-AD26-COV-2.5-1,1,2024
BEL,2024-04-01,status_product_use,NO,MOC-MRNA-1273-1,1,2024
BEL,2024-04-01,status_product_use,NO,PFI-COMIRNATY-1,1,2024
BEL,2024-04-01,status_product_use,NO,NOV-COVAX-1,1,2024
BEL,2024-04-01,status_product_use,NO,PFI-CBOOB1-2,1,2024
BEL,2024-04-01,status_product_use,NO,PFI-CBOOB1-1,1,2024
BEL,2024-04-01,status_product_use,NO,ASZ-AZD1222-1,1,2024
BEL,2024-04-01,status_product_use,YES,SPG-VIDPREVTYN-1,1,2024
BEL,2024-04-01,status_product_use,NO,MOC-SBOOB1-2,1,2024
BEL,2024-04-01,status_product_use,NO,MOC-SBOOB1-1,1,2024
BHR,2025-01-01,policy_revacc_interval,OTHER,Older adults,4,2024
BHR,2025-01-01,policy_revacc_interval,OTHER,Older adults with chronic conditions,4,2024
BHR,2025-01-01,policy_revacc_interval,OTHER,Adults,4,2024
BHR,2025-01-01,policy_revacc_interval,OTHER,Adults with chronic conditions,4,2024
BHR,2025-01-01,policy_revacc_interval,OTHER,Pregnant women,4,2024
BHR,2025-01-01,policy_revacc_interval,OTHER,Health and care workers,4,2024
BHR,2025-01-01,policy_revacc_interval,OTHER,Children & adolescents,4,2024
BHR,2025-01-01,policy_revacc_interval,OTHER,Child. & ado. with chronic conditions,4,2024
BHR,2025-01-01,policy_revacc_interval,OTHER,Other groups,4,2024
BHR,2025-01-01,policy_vacc,YES,Older adults,4,2024
BHR,2025-01-01,policy_vacc,YES,Older adults with chronic conditions,4,2024
BHR,2025-01-01,policy_vacc,YES,Adults,4,2024
BHR,2025-01-01,policy_vacc,YES,Adults with chronic conditions,4,2024
BHR,2025-01-01,policy_vacc,YES,Pregnant women,4,2024
BHR,2025-01-01,policy_vacc,YES,Health and care workers,4,2024
BHR,2025-01-01,policy_vacc,YES,Children & adolescents,4,2024
BHR,2025-01-01,policy_vacc,YES,Child. & ado. with chronic conditions,4,2024
BHR,2025-01-01,policy_vacc,YES,Other groups,4,2024
BHR,2025-01-01,policy_revacc,YES,Older adults,4,2024
BHR,2025-01-01,policy_revacc,YES,Older adults with chronic conditions,4,2024
BHR,2025-01-01,policy_revacc,YES,Adults,4,2024
BHR,2025-01-01,policy_revacc,YES,Adults with chronic conditions,4,2024
BHR,2025-01-01,policy_revacc,YES,Pregnant women,4,2024
BHR,2025-01-01,policy_revacc,YES,Health and care workers,4,2024
BHR,2025-01-01,policy_revacc,YES,Children & adolescents,4,2024
BHR,2025-01-01,policy_revacc,YES,Child. & ado. with chronic conditions,4,2024
BHR,2025-01-01,policy_revacc,YES,Other groups,4,2024
BHR,2025-01-01,policy_comment,,Adults,4,2024
BHR,2025-01-01,policy_comment,,Adults with chronic conditions,4,2024
BHR,2025-01-01,policy_comment,,Child. & ado. with chronic conditions,4,2024
BHR,2025-01-01,policy_comment,,Children & adolescents,4,2024
BHR,2025-01-01,policy_comment,,Health and care workers,4,2024
BHR,2025-01-01,policy_comment,,Older adults,4,2024
BHR,2025-01-01,policy_comment,,Older adults with chronic conditions,4,2024
BHR,2025-01-01,policy_comment,,Other groups,4,2024
BHR,2025-01-01,policy_comment,,Pregnant women,4,2024
SDN,2025-01-01,policy_revacc,NO,Older adults,4,2024
SDN,2025-01-01,policy_revacc,NO,Older adults with chronic conditions,4,2024
SDN,2025-01-01,policy_revacc,NO,Adults,4,2024
SDN,2025-01-01,policy_revacc,NO,Adults with chronic conditions,4,2024
SDN,2025-01-01,policy_revacc,NO,Pregnant women,4,2024
SDN,2025-01-01,policy_revacc,NO,Health and care workers,4,2024
SDN,2025-01-01,policy_revacc,NO,Children & adolescents,4,2024
SDN,2025-01-01,policy_revacc,NO,Child. & ado. with chronic conditions,4,2024
SDN,2025-01-01,policy_vacc,YES,Older adults,4,2024
SDN,2025-01-01,policy_vacc,YES,Older adults with chronic conditions,4,2024
SDN,2025-01-01,policy_vacc,YES,Adults,4,2024
SDN,2025-01-01,policy_vacc,YES,Adults with chronic conditions,4,2024
SDN,2025-01-01,policy_vacc,YES,Pregnant women,4,2024
SDN,2025-01-01,policy_vacc,YES,Health and care workers,4,2024
SDN,2025-01-01,policy_vacc,NO,Children & adolescents,4,2024
SDN,2025-01-01,policy_comment,,Adults,4,2024
SDN,2025-01-01,policy_comment,,Adults with chronic conditions,4,2024
SDN,2025-01-01,policy_comment,,Child. & ado. with chronic conditions,4,2024
SDN,2025-01-01,policy_comment,,Children & adolescents,4,2024
SDN,2025-01-01,policy_comment,,Health and care workers,4,2024
SDN,2025-01-01,policy_comment,,Older adults,4,2024
SDN,2025-01-01,policy_comment,,Older adults with chronic conditions,4,2024
SDN,2025-01-01,policy_comment,,Other groups,4,2024
SDN,2025-01-01,policy_comment,,Pregnant women,4,2024
SDN,2025-01-01,policy_revacc,,Other groups,4,2024
SDN,2025-01-01,policy_revacc_interval,,Adults,4,2024
SDN,2025-01-01,policy_revacc_interval,,Adults with chronic conditions,4,2024
SDN,2025-01-01,policy_revacc_interval,,Child. & ado. with chronic conditions,4,2024
SDN,2025-01-01,policy_revacc_interval,,Children & adolescents,4,2024
SDN,2025-01-01,policy_revacc_interval,,Health and care workers,4,2024
SDN,2025-01-01,policy_revacc_interval,,Older adults,4,2024
SDN,2025-01-01,policy_revacc_interval,,Older adults with chronic conditions,4,2024
SDN,2025-01-01,policy_revacc_interval,,Other groups,4,2024
SDN,2025-01-01,policy_revacc_interval,,Pregnant women,4,2024
SDN,2025-01-01,policy_vacc,,Child. & ado. with chronic conditions,4,2024
SDN,2025-01-01,policy_vacc,,Other groups,4,2024
SYR,2024-07-01,date_product_start,2024-01-14T00:00:00Z,JAP-AD26-COV-2.5-1,2,2024
SYR,2024-07-01,status_product_use,YES,JAP-AD26-COV-2.5-1,2,2024
SYR,2024-04-01,status_product_use,YES,JAP-AD26-COV-2.5-1,1,2024
SYR,2024-04-01,date_product_start,2024-01-14T00:00:00Z,JAP-AD26-COV-2.5-1,1,2024
SYR,2024-04-01,policy_revacc_interval,6 months,Older adults,1,2024
SYR,2024-04-01,policy_revacc_interval,6 months,Older adults with chronic conditions,1,2024
SYR,2024-04-01,policy_revacc_interval,6 months,Adults,1,2024
SYR,2024-04-01,policy_revacc_interval,6 months,Adults with chronic conditions,1,2024
SYR,2024-04-01,policy_revacc_interval,6 months,Pregnant women,1,2024
SYR,2024-04-01,policy_revacc_interval,6 months,Health and care workers,1,2024
SYR,2024-04-01,policy_revacc,YES,Older adults,1,2024
SYR,2024-04-01,policy_revacc,YES,Older adults with chronic conditions,1,2024
SYR,2024-04-01,policy_revacc,YES,Adults,1,2024
SYR,2024-04-01,policy_revacc,YES,Adults with chronic conditions,1,2024
SYR,2024-04-01,policy_revacc,YES,Pregnant women,1,2024
SYR,2024-04-01,policy_revacc,YES,Health and care workers,1,2024
SYR,2024-04-01,policy_vacc,YES,Older adults,1,2024
SYR,2024-04-01,policy_vacc,YES,Older adults with chronic conditions,1,2024
SYR,2024-04-01,policy_vacc,YES,Adults,1,2024
SYR,2024-04-01,policy_vacc,YES,Adults with chronic conditions,1,2024
SYR,2024-04-01,policy_vacc,YES,Pregnant women,1,2024
SYR,2024-04-01,policy_vacc,YES,Health and care workers,1,2024
SYR,2025-01-01,policy_comment,,Child. & ado. with chronic conditions,4,2024
SYR,2025-01-01,policy_comment,,Children & adolescents,4,2024
SYR,2025-01-01,policy_comment,,Other groups,4,2024
SYR,2025-01-01,policy_revacc,,Other groups,4,2024
SYR,2025-01-01,policy_revacc_interval,,Child. & ado. with chronic conditions,4,2024
SYR,2025-01-01,policy_revacc_interval,,Children & adolescents,4,2024
SYR,2025-01-01,policy_revacc_interval,,Other groups,4,2024
SYR,2025-01-01,policy_vacc,,Other groups,4,2024
SYR,2024-10-01,policy_revacc,YES,Older adults,3,2024
SYR,2024-10-01,policy_revacc,YES,Older adults with chronic conditions,3,2024
SYR,2024-10-01,policy_revacc,YES,Adults,3,2024
SYR,2024-10-01,policy_revacc,YES,Adults with chronic conditions,3,2024
SYR,2024-10-01,policy_revacc,YES,Pregnant women,3,2024
SYR,2024-10-01,policy_revacc,YES,Health and care workers,3,2024
SYR,2024-10-01,policy_revacc,NO,Children & adolescents,3,2024
SYR,2024-10-01,policy_vacc,YES,Older adults,3,2024
SYR,2024-10-01,policy_vacc,YES,Older adults with chronic conditions,3,2024
SYR,2024-10-01,policy_vacc,YES,Adults,3,2024
SYR,2024-10-01,policy_vacc,YES,Adults with chronic conditions,3,2024
SYR,2024-10-01,policy_vacc,YES,Pregnant women,3,2024
SYR,2024-10-01,policy_vacc,YES,Health and care workers,3,2024
SYR,2024-10-01,policy_vacc,NO,Children & adolescents,3,2024
SYR,2024-10-01,policy_revacc_interval,6 months,Older adults,3,2024
SYR,2024-10-01,policy_revacc_interval,6 months,Older adults with chronic conditions,3,2024
SYR,2024-10-01,policy_revacc_interval,6 months,Adults,3,2024
SYR,2024-10-01,policy_revacc_interval,6 months,Adults with chronic conditions,3,2024
SYR,2024-10-01,policy_revacc_interval,6 months,Pregnant women,3,2024
SYR,2024-10-01,policy_revacc_interval,6 months,Health and care workers,3,2024
SYR,2024-07-01,policy_vacc,YES,Older adults,2,2024
SYR,2024-07-01,policy_vacc,YES,Older adults with chronic conditions,2,2024
SYR,2024-07-01,policy_vacc,YES,Adults,2,2024
SYR,2024-07-01,policy_vacc,YES,Adults with chronic conditions,2,2024
SYR,2024-07-01,policy_vacc,YES,Pregnant women,2,2024
SYR,2024-07-01,policy_vacc,YES,Health and care workers,2,2024
SYR,2024-07-01,policy_revacc,YES,Older adults,2,2024
SYR,2024-07-01,policy_revacc,YES,Older adults with chronic conditions,2,2024
SYR,2024-07-01,policy_revacc,YES,Adults,2,2024
SYR,2024-07-01,policy_revacc,YES,Adults with chronic conditions,2,2024
SYR,2024-07-01,policy_revacc,YES,Pregnant women,2,2024
SYR,2024-07-01,policy_revacc,YES,Health and care workers,2,2024
SYR,2024-07-01,policy_revacc_interval,6 months,Older adults,2,2024
SYR,2024-07-01,policy_revacc_interval,6 months,Older adults with chronic conditions,2,2024
SYR,2024-07-01,policy_revacc_interval,6 months,Adults,2,2024
SYR,2024-07-01,policy_revacc_interval,6 months,Adults with chronic conditions,2,2024
SYR,2024-07-01,policy_revacc_interval,6 months,Pregnant women,2,2024
SYR,2024-07-01,policy_revacc_interval,6 months,Health and care workers,2,2024
SYR,2025-01-01,policy_vacc,YES,Older adults,4,2024
SYR,2025-01-01,policy_vacc,YES,Older adults with chronic conditions,4,2024
SYR,2025-01-01,policy_vacc,YES,Adults,4,2024
SYR,2025-01-01,policy_vacc,YES,Adults with chronic conditions,4,2024
SYR,2025-01-01,policy_vacc,YES,Pregnant women,4,2024
SYR,2025-01-01,policy_vacc,YES,Health and care workers,4,2024
SYR,2025-01-01,policy_vacc,NO,Children & adolescents,4,2024
SYR,2025-01-01,policy_vacc,NO,Child. & ado. with chronic conditions,4,2024
SYR,2025-01-01,policy_revacc,YES,Older adults,4,2024
SYR,2025-01-01,policy_revacc,YES,Older adults with chronic conditions,4,2024
SYR,2025-01-01,policy_revacc,YES,Adults,4,2024
SYR,2025-01-01,policy_revacc,YES,Adults with chronic conditions,4,2024
SYR,2025-01-01,policy_revacc,YES,Pregnant women,4,2024
SYR,2025-01-01,policy_revacc,YES,Health and care workers,4,2024
SYR,2025-01-01,policy_revacc,NO,Children & adolescents,4,2024
SYR,2025-01-01,policy_revacc,NO,Child. & ado. with chronic conditions,4,2024
SYR,2025-01-01,policy_revacc_interval,6_MONTHS,Older adults,4,2024
SYR,2025-01-01,policy_revacc_interval,6_MONTHS,Older adults with chronic conditions,4,2024
SYR,2025-01-01,policy_revacc_interval,6_MONTHS,Adults,4,2024
SYR,2025-01-01,policy_revacc_interval,6_MONTHS,Adults with chronic conditions,4,2024
SYR,2025-01-01,policy_revacc_interval,6_MONTHS,Pregnant women,4,2024
SYR,2025-01-01,policy_revacc_interval,6_MONTHS,Health and care workers,4,2024
SYR,2025-01-01,policy_comment,6 months,Older adults,4,2024
SYR,2025-01-01,policy_comment,6 months,Older adults with chronic conditions,4,2024
SYR,2025-01-01,policy_comment,6 months,Adults,4,2024
SYR,2025-01-01,policy_comment,6 months,Adults with chronic conditions,4,2024
SYR,2025-01-01,policy_comment,6 months,Pregnant women,4,2024
SYR,2025-01-01,policy_comment,6 months,Health and care workers,4,2024
SYR,2024-10-01,date_product_start,2024-01-14T00:00:00Z,JAP-AD26-COV-2.5-1,3,2024
SYR,2024-10-01,status_product_use,YES,JAP-AD26-COV-2.5-1,3,2024
ISR,2025-01-01,policy_comment,,Adults,4,2024
ISR,2025-01-01,policy_comment,,Adults with chronic conditions,4,2024
ISR,2025-01-01,policy_comment,,Child. & ado. with chronic conditions,4,2024
ISR,2025-01-01,policy_comment,,Children & adolescents,4,2024
ISR,2025-01-01,policy_comment,,Health and care workers,4,2024
ISR,2025-01-01,policy_comment,,Older adults,4,2024
ISR,2025-01-01,policy_comment,,Older adults with chronic conditions,4,2024
ISR,2025-01-01,policy_comment,,Other groups,4,2024
ISR,2025-01-01,policy_comment,,Pregnant women,4,2024
ISR,2025-01-01,policy_revacc,,Adults,4,2024
ISR,2025-01-01,policy_revacc,,Adults with chronic conditions,4,2024
ISR,2025-01-01,policy_revacc,,Child. & ado. with chronic conditions,4,2024
ISR,2025-01-01,policy_revacc,,Children & adolescents,4,2024
ISR,2025-01-01,policy_revacc,,Health and care workers,4,2024
ISR,2025-01-01,policy_revacc,,Older adults,4,2024
ISR,2025-01-01,policy_revacc,,Older adults with chronic conditions,4,2024
ISR,2025-01-01,policy_revacc,,Other groups,4,2024
ISR,2025-01-01,policy_revacc,,Pregnant women,4,2024
ISR,2025-01-01,policy_revacc_interval,,Adults,4,2024
ISR,2025-01-01,policy_revacc_interval,,Adults with chronic conditions,4,2024
ISR,2025-01-01,policy_revacc_interval,,Child. & ado. with chronic conditions,4,2024
ISR,2025-01-01,policy_revacc_interval,,Children & adolescents,4,2024
ISR,2025-01-01,policy_revacc_interval,,Health and care workers,4,2024
ISR,2025-01-01,policy_revacc_interval,,Older adults,4,2024
ISR,2025-01-01,policy_revacc_interval,,Older adults with chronic conditions,4,2024
ISR,2025-01-01,policy_revacc_interval,,Other groups,4,2024
ISR,2025-01-01,policy_revacc_interval,,Pregnant women,4,2024
ISR,2025-01-01,policy_vacc,,Adults,4,2024
ISR,2025-01-01,policy_vacc,,Adults with chronic conditions,4,2024
ISR,2025-01-01,policy_vacc,,Child. & ado. with chronic conditions,4,2024
ISR,2025-01-01,policy_vacc,,Children & adolescents,4,2024
ISR,2025-01-01,policy_vacc,,Health and care workers,4,2024
ISR,2025-01-01,policy_vacc,,Older adults,4,2024
ISR,2025-01-01,policy_vacc,,Older adults with chronic conditions,4,2024
ISR,2025-01-01,policy_vacc,,Other groups,4,2024
ISR,2025-01-01,policy_vacc,,Pregnant women,4,2024
PSE,2024-04-01,policy_revacc_interval,6 month,Health and care workers,1,2024
PSE,2024-04-01,policy_revacc_interval,6 month,Older adults with chronic conditions,1,2024
PSE,2024-04-01,policy_revacc_interval,6 month,Adults with chronic conditions,1,2024
PSE,2024-04-01,policy_vacc,YES,Pregnant women,1,2024
PSE,2024-04-01,policy_vacc,YES,Health and care workers,1,2024
PSE,2024-04-01,policy_vacc,YES,Children & adolescents,1,2024
PSE,2024-04-01,policy_vacc,YES,Child. & ado. with chronic conditions,1,2024
PSE,2024-04-01,policy_vacc,YES,Older adults,1,2024
PSE,2024-04-01,policy_vacc,YES,Older adults with chronic conditions,1,2024
PSE,2024-04-01,policy_vacc,YES,Adults,1,2024
PSE,2024-04-01,policy_vacc,YES,Adults with chronic conditions,1,2024
PSE,2024-04-01,policy_revacc,NO,Pregnant women,1,2024
PSE,2024-04-01,policy_revacc,YES,Health and care workers,1,2024
PSE,2024-04-01,policy_revacc,NO,Children & adolescents,1,2024
PSE,2024-04-01,policy_revacc,NO,Child. & ado. with chronic conditions,1,2024
PSE,2024-04-01,policy_revacc,NO,Older adults,1,2024
PSE,2024-04-01,policy_revacc,YES,Older adults with chronic conditions,1,2024
PSE,2024-04-01,policy_revacc,NO,Adults,1,2024
PSE,2024-04-01,policy_revacc,YES,Adults with chronic conditions,1,2024
PSE,2024-07-01,policy_revacc,NO,Older adults,2,2024
PSE,2024-07-01,policy_revacc,YES,Older adults with chronic conditions,2,2024
PSE,2024-07-01,policy_revacc,NO,Adults,2,2024
PSE,2024-07-01,policy_revacc,YES,Adults with chronic conditions,2,2024
PSE,2024-07-01,policy_revacc,NO,Pregnant women,2,2024
PSE,2024-07-01,policy_revacc,YES,Health and care workers,2,2024
PSE,2024-07-01,policy_revacc,NO,Children & adolescents,2,2024
PSE,2024-07-01,policy_revacc,NO,Child. & ado. with chronic conditions,2,2024
PSE,2024-07-01,policy_revacc_interval,6 month,Older adults with chronic conditions,2,2024
PSE,2024-07-01,policy_revacc_interval,6 month,Adults with chronic conditions,2,2024
PSE,2024-07-01,policy_revacc_interval,6 month,Health and care workers,2,2024
PSE,2024-07-01,policy_vacc,YES,Older adults,2,2024
PSE,2024-07-01,policy_vacc,YES,Older adults with chronic conditions,2,2024
PSE,2024-07-01,policy_vacc,YES,Adults,2,2024
PSE,2024-07-01,policy_vacc,YES,Adults with chronic conditions,2,2024
PSE,2024-07-01,policy_vacc,YES,Pregnant women,2,2024
PSE,2024-07-01,policy_vacc,YES,Health and care workers,2,2024
PSE,2024-07-01,policy_vacc,YES,Children & adolescents,2,2024
PSE,2024-07-01,policy_vacc,YES,Child. & ado. with chronic conditions,2,2024
UGA,2025-01-01,policy_vacc,YES,Pregnant women,4,2024
UGA,2025-01-01,policy_vacc,YES,Health and care workers,4,2024
UGA,2025-01-01,policy_vacc,YES,Children & adolescents,4,2024
UGA,2025-01-01,policy_vacc,NO,Child. & ado. with chronic conditions,4,2024
UGA,2025-01-01,policy_vacc,YES,Other groups,4,2024
UGA,2025-01-01,policy_vacc,YES,Older adults,4,2024
UGA,2025-01-01,policy_vacc,YES,Older adults with chronic conditions,4,2024
UGA,2025-01-01,policy_vacc,YES,Adults,4,2024
UGA,2025-01-01,policy_vacc,YES,Adults with chronic conditions,4,2024
UGA,2025-01-01,policy_comment,,Adults,4,2024
UGA,2025-01-01,policy_comment,,Adults with chronic conditions,4,2024
UGA,2025-01-01,policy_comment,,Child. & ado. with chronic conditions,4,2024
UGA,2025-01-01,policy_comment,,Children & adolescents,4,2024
UGA,2025-01-01,policy_comment,,Health and care workers,4,2024
UGA,2025-01-01,policy_comment,,Older adults,4,2024
UGA,2025-01-01,policy_comment,,Older adults with chronic conditions,4,2024
UGA,2025-01-01,policy_comment,,Pregnant women,4,2024
UGA,2025-01-01,policy_revacc,,Child. & ado. with chronic conditions,4,2024
UGA,2025-01-01,policy_revacc_interval,,Child. & ado. with chronic conditions,4,2024
UGA,2025-01-01,policy_revacc_interval,6_MONTHS,Pregnant women,4,2024
UGA,2025-01-01,policy_revacc_interval,6_MONTHS,Health and care workers,4,2024
UGA,2025-01-01,policy_revacc_interval,6_MONTHS,Children & adolescents,4,2024
UGA,2025-01-01,policy_revacc_interval,6_MONTHS,Other groups,4,2024
UGA,2025-01-01,policy_revacc_interval,6_MONTHS,Older adults,4,2024
UGA,2025-01-01,policy_revacc_interval,6_MONTHS,Older adults with chronic conditions,4,2024
UGA,2025-01-01,policy_revacc_interval,6_MONTHS,Adults,4,2024
UGA,2025-01-01,policy_revacc_interval,6_MONTHS,Adults with chronic conditions,4,2024
UGA,2025-01-01,policy_revacc,YES,Pregnant women,4,2024
UGA,2025-01-01,policy_revacc,YES,Health and care workers,4,2024
UGA,2025-01-01,policy_revacc,YES,Children & adolescents,4,2024
UGA,2025-01-01,policy_revacc,YES,Other groups,4,2024
UGA,2025-01-01,policy_revacc,YES,Older adults,4,2024
UGA,2025-01-01,policy_revacc,YES,Older adults with chronic conditions,4,2024
UGA,2025-01-01,policy_revacc,YES,Adults,4,2024
UGA,2025-01-01,policy_revacc,YES,Adults with chronic conditions,4,2024
UGA,2025-01-01,policy_comment,None,Other groups,4,2024
MAC,2024-10-01,status_product_use,YES,Fosun_Omicron_XBB1_5,3,2024
MAC,2024-10-01,policy_comment,60 years and up,Older adults,3,2024
MAC,2024-10-01,policy_comment,18-59 years,Adults,3,2024
MAC,2024-10-01,policy_comment,2nd trimester (≥ 16 weeks),Pregnant women,3,2024
MAC,2024-10-01,policy_comment,6 months to 17 years,Children & adolescents,3,2024
MAC,2024-10-01,policy_comment,5-17 years,Child. & ado. with chronic conditions,3,2024
MAC,2024-10-01,policy_revacc_interval,3 months since last non-XBB COVID-19 dose,Older adults,3,2024
MAC,2024-10-01,policy_revacc_interval,3 months since last non-XBB COVID-19 dose,Older adults with chronic conditions,3,2024
MAC,2024-10-01,policy_revacc_interval,3 months since last non-XBB COVID-19 dose,Adults,3,2024
MAC,2024-10-01,policy_revacc_interval,3 months since last non-XBB COVID-19 dose,Adults with chronic conditions,3,2024
MAC,2024-10-01,policy_revacc_interval,3 months since last non-XBB COVID-19 dose,Pregnant women,3,2024
MAC,2024-10-01,policy_revacc_interval,3 months since last non-XBB COVID-19 dose,Health and care workers,3,2024
MAC,2024-10-01,policy_revacc_interval,3 months since last non-XBB COVID-19 dose,Children & adolescents,3,2024
MAC,2024-10-01,policy_revacc_interval,3 months since last non-XBB COVID-19 dose,Child. & ado. with chronic conditions,3,2024
MAC,2024-04-01,policy_comment,60 years and up,Older adults,1,2024
MAC,2024-04-01,policy_comment,18-59 years,Adults,1,2024
MAC,2024-04-01,policy_comment,2nd trimester (≥ 16 weeks),Pregnant women,1,2024
MAC,2024-04-01,policy_comment,6 months to 17 years,Children & adolescents,1,2024
MAC,2024-04-01,policy_comment,5-17 years,Child. & ado. with chronic conditions,1,2024
MAC,2024-04-01,policy_revacc_interval,3 months since last non-XBB COVID-19 dose,Older adults,1,2024
MAC,2024-04-01,policy_revacc_interval,3 months since last non-XBB COVID-19 dose,Older adults with chronic conditions,1,2024
MAC,2024-04-01,policy_revacc_interval,3 months since last non-XBB COVID-19 dose,Adults,1,2024
MAC,2024-04-01,policy_revacc_interval,3 months since last non-XBB COVID-19 dose,Adults with chronic conditions,1,2024
MAC,2024-04-01,policy_revacc_interval,3 months since last non-XBB COVID-19 dose,Pregnant women,1,2024
MAC,2024-04-01,policy_revacc_interval,3 months since last non-XBB COVID-19 dose,Health and care workers,1,2024
MAC,2024-04-01,policy_revacc_interval,3 months since last non-XBB COVID-19 dose,Children & adolescents,1,2024
MAC,2024-04-01,policy_revacc_interval,3 months since last non-XBB COVID-19 dose,Child. & ado. with chronic conditions,1,2024
MAC,2024-07-01,policy_comment,60 years and up,Older adults,2,2024
MAC,2024-07-01,policy_comment,18-59 years,Adults,2,2024
MAC,2024-07-01,policy_comment,2nd trimester (≥ 16 weeks),Pregnant women,2,2024
MAC,2024-07-01,policy_comment,6 months to 17 years,Children & adolescents,2,2024
MAC,2024-07-01,policy_comment,5-17 years,Child. & ado. with chronic conditions,2,2024
MAC,2024-07-01,policy_revacc_interval,3 months since last non-XBB COVID-19 dose,Older adults,2,2024
MAC,2024-07-01,policy_revacc_interval,3 months since last non-XBB COVID-19 dose,Older adults with chronic conditions,2,2024
MAC,2024-07-01,policy_revacc_interval,3 months since last non-XBB COVID-19 dose,Adults,2,2024
MAC,2024-07-01,policy_revacc_interval,3 months since last non-XBB COVID-19 dose,Adults with chronic conditions,2,2024
MAC,2024-07-01,policy_revacc_interval,3 months since last non-XBB COVID-19 dose,Pregnant women,2,2024
MAC,2024-07-01,policy_revacc_interval,3 months since last non-XBB COVID-19 dose,Health and care workers,2,2024
MAC,2024-07-01,policy_revacc_interval,3 months since last non-XBB COVID-19 dose,Children & adolescents,2,2024
MAC,2024-07-01,policy_revacc_interval,3 months since last non-XBB COVID-19 dose,Child. & ado. with chronic conditions,2,2024
MAC,2024-07-01,status_product_use,YES,Fosun_Omicron_XBB1_5,2,2024
MAC,2024-04-01,status_product_use,YES,Fosun_Omicron_XBB1_5,1,2024
DEU,2025-01-01,policy_vacc,YES,Health and care workers,4,2024
DEU,2025-01-01,policy_vacc,YES,Older adults,4,2024
DEU,2025-01-01,policy_vacc,YES,Older adults with chronic conditions,4,2024
DEU,2025-01-01,policy_vacc,YES,Adults,4,2024
DEU,2025-01-01,policy_vacc,YES,Child. & ado. with chronic conditions,4,2024
DEU,2025-01-01,policy_vacc,NO,Children & adolescents,4,2024
DEU,2025-01-01,policy_vacc,YES,Adults with chronic conditions,4,2024
DEU,2025-01-01,policy_vacc,YES,Pregnant women,4,2024
DEU,2025-01-01,policy_revacc,YES,Health and care workers,4,2024
DEU,2025-01-01,policy_revacc,YES,Older adults,4,2024
DEU,2025-01-01,policy_revacc,YES,Older adults with chronic conditions,4,2024
DEU,2025-01-01,policy_revacc,NO,Adults,4,2024
DEU,2025-01-01,policy_revacc,YES,Child. & ado. with chronic conditions,4,2024
DEU,2025-01-01,policy_revacc,NO,Children & adolescents,4,2024
DEU,2025-01-01,policy_revacc,YES,Adults with chronic conditions,4,2024
DEU,2025-01-01,policy_revacc,NO,Pregnant women,4,2024
DEU,2025-01-01,policy_comment,"People of any age with an increased occupational risk of infection in healthcare and nursing settings with direct patient or resident contact: Baseline immunization consisting of ≥ 3 antigenic contacts (vaccination or infection, with at least 1 vaccine dose). Annual booster vaccination in the fall.",Health and care workers,4,2024
DEU,2025-01-01,policy_comment,"For adults >= 60 years of age: Baseline immunization consisting of ≥ 3 antigenic contacts (vaccination or infection, with at least 1 vaccine dose). Annual booster vaccination in the fall.",Older adults,4,2024
DEU,2025-01-01,policy_comment,"For adults >= 60 years of age: Baseline immunization consisting of ≥ 3 antigenic contacts (vaccination or infection, with at least 1 vaccine dose). Annual booster vaccination in the fall.",Older adults with chronic conditions,4,2024
DEU,2025-01-01,policy_comment,"For adults 18-59 years of age: Baseline immunization consisting of ≥ 3 antigenic contacts (vaccination or infection, with at least 1 vaccine dose).",Adults,4,2024
DEU,2025-01-01,policy_comment,"Persons with relevant underlying diseases from 6 months of age: Baseline immunization consisting of ≥ 3 antigenic contacts (vaccination or infection, with at least 1 vaccine dose). Annual booster vaccination in the fall.",Child. & ado. with chronic conditions,4,2024
DEU,2025-01-01,policy_comment,"For adults 18-59 years who are: Residents of long-term care facilities, medical and/or nursing staff with direct contact to patients or residents; family members and close contacts from the age of 6 months of persons in whom COVID-19-vaccination is not expected to produce a protective immune response. Annual booster vaccination in the fall.",Adults with chronic conditions,4,2024
DEU,2025-01-01,policy_comment,"Women of childbearing age and during pregnancy: Baseline immunization consisting of ≥ 3 antigenic contacts (vaccination or infection, with at least 1 vaccine dose).",Pregnant women,4,2024
DEU,2025-01-01,policy_revacc_interval,12_MONTHS,Health and care workers,4,2024
DEU,2025-01-01,policy_revacc_interval,12_MONTHS,Older adults,4,2024
DEU,2025-01-01,policy_revacc_interval,12_MONTHS,Older adults with chronic conditions,4,2024
DEU,2025-01-01,policy_revacc_interval,12_MONTHS,Child. & ado. with chronic conditions,4,2024
DEU,2025-01-01,policy_revacc_interval,12_MONTHS,Adults with chronic conditions,4,2024
DEU,2025-01-01,policy_comment,,Children & adolescents,4,2024
DEU,2025-01-01,policy_comment,,Other groups,4,2024
DEU,2025-01-01,policy_revacc,,Other groups,4,2024
DEU,2025-01-01,policy_revacc_interval,,Adults,4,2024
DEU,2025-01-01,policy_revacc_interval,,Children & adolescents,4,2024
DEU,2025-01-01,policy_revacc_interval,,Other groups,4,2024
DEU,2025-01-01,policy_revacc_interval,,Pregnant women,4,2024
DEU,2025-01-01,policy_vacc,,Other groups,4,2024
MNE,2024-10-01,date_product_start,2021-05-10T00:00:00Z,PFI-COMIRNATY-1,3,2024
MNE,2024-10-01,date_product_start,2021-03-08T10:00:00Z,BIB-INAC-SARS2-1,3,2024
MNE,2024-10-01,date_product_start,2024-01-15T00:00:00Z,PFI-COXBB-1,3,2024
MNE,2024-10-01,status_product_use,NO,PFI-COMIRNATY-1,3,2024
MNE,2024-10-01,status_product_use,NO,BIB-INAC-SARS2-1,3,2024
MNE,2024-10-01,status_product_use,YES,PFI-COXBB-1,3,2024
MNE,2025-01-01,policy_vacc,YES,Older adults,4,2024
MNE,2025-01-01,policy_vacc,YES,Older adults with chronic conditions,4,2024
MNE,2025-01-01,policy_vacc,NO,Adults,4,2024
MNE,2025-01-01,policy_vacc,YES,Adults with chronic conditions,4,2024
MNE,2025-01-01,policy_vacc,YES,Pregnant women,4,2024
MNE,2025-01-01,policy_vacc,YES,Health and care workers,4,2024
MNE,2025-01-01,policy_vacc,NO,Children & adolescents,4,2024
MNE,2025-01-01,policy_vacc,NO,Child. & ado. with chronic conditions,4,2024
MNE,2025-01-01,policy_vacc,YES,Other groups,4,2024
MNE,2025-01-01,policy_revacc,YES,Older adults,4,2024
MNE,2025-01-01,policy_revacc,YES,Older adults with chronic conditions,4,2024
MNE,2025-01-01,policy_revacc,NO,Adults,4,2024
MNE,2025-01-01,policy_revacc,YES,Adults with chronic conditions,4,2024
MNE,2025-01-01,policy_revacc,YES,Pregnant women,4,2024
MNE,2025-01-01,policy_revacc,YES,Health and care workers,4,2024
MNE,2025-01-01,policy_revacc,NO,Children & adolescents,4,2024
MNE,2025-01-01,policy_revacc,NO,Child. & ado. with chronic conditions,4,2024
MNE,2025-01-01,policy_revacc,NO,Other groups,4,2024
MNE,2025-01-01,policy_comment,65 +,Older adults,4,2024
MNE,2025-01-01,policy_comment,Nurse homes residents,Other groups,4,2024
MNE,2024-07-01,status_product_use,YES,PFI-COMIRNATY-1,2,2024
MNE,2024-07-01,status_product_use,YES,PFI-COXBB-1,2,2024
MNE,2024-07-01,date_product_start,2021-05-10T00:00:00Z,PFI-COMIRNATY-1,2,2024
MNE,2024-07-01,date_product_start,2021-03-08T10:00:00Z,BIB-INAC-SARS2-1,2,2024
MNE,2024-07-01,date_product_start,2024-01-15T00:00:00Z,PFI-COXBB-1,2,2024
MNE,2024-07-01,policy_vacc,YES,Adults with chronic conditions,2,2024
MNE,2024-07-01,policy_vacc,YES,Pregnant women,2,2024
MNE,2024-07-01,policy_vacc,YES,Health and care workers,2,2024
MNE,2024-07-01,policy_vacc,YES,Child. & ado. with chronic conditions,2,2024
MNE,2024-07-01,policy_vacc,YES,Older adults,2,2024
MNE,2024-07-01,policy_vacc,YES,Older adults with chronic conditions,2,2024
MNE,2024-07-01,policy_revacc,YES,Adults with chronic conditions,2,2024
MNE,2024-07-01,policy_revacc,YES,Pregnant women,2,2024
MNE,2024-07-01,policy_revacc,YES,Health and care workers,2,2024
MNE,2024-07-01,policy_revacc,YES,Child. & ado. with chronic conditions,2,2024
MNE,2024-07-01,policy_revacc,YES,Older adults,2,2024
MNE,2024-07-01,policy_revacc,YES,Older adults with chronic conditions,2,2024
MNE,2024-07-01,policy_comment,it depends on the epidemiological situation,Adults with chronic conditions,2,2024
MNE,2024-07-01,policy_comment,it depends on the epidemiological situation,Older adults,2,2024
MNE,2024-07-01,policy_comment,it depends on the epidemiological situation,Older adults with chronic conditions,2,2024
MNE,2025-01-01,policy_comment,,Adults,4,2024
MNE,2025-01-01,policy_comment,,Adults with chronic conditions,4,2024
MNE,2025-01-01,policy_comment,,Child. & ado. with chronic conditions,4,2024
MNE,2025-01-01,policy_comment,,Children & adolescents,4,2024
MNE,2025-01-01,policy_comment,,Health and care workers,4,2024
MNE,2025-01-01,policy_comment,,Older adults with chronic conditions,4,2024
MNE,2025-01-01,policy_comment,,Pregnant women,4,2024
MNE,2025-01-01,policy_revacc_interval,,Adults,4,2024
MNE,2025-01-01,policy_revacc_interval,,Adults with chronic conditions,4,2024
MNE,2025-01-01,policy_revacc_interval,,Child. & ado. with chronic conditions,4,2024
MNE,2025-01-01,policy_revacc_interval,,Children & adolescents,4,2024
MNE,2025-01-01,policy_revacc_interval,,Health and care workers,4,2024
MNE,2025-01-01,policy_revacc_interval,,Older adults,4,2024
MNE,2025-01-01,policy_revacc_interval,,Older adults with chronic conditions,4,2024
MNE,2025-01-01,policy_revacc_interval,,Other groups,4,2024
MNE,2025-01-01,policy_revacc_interval,,Pregnant women,4,2024
MNE,2024-10-01,policy_revacc_interval,A booster dose of the vaccine is recommended at an interval of 6-12 months after the previous dose,Older adults,3,2024
MNE,2024-10-01,policy_comment,it depends on the epidemiological situation,Older adults,3,2024
MNE,2024-10-01,policy_comment,it depends on the epidemiological situation,Older adults with chronic conditions,3,2024
MNE,2024-10-01,policy_comment,it depends on the epidemiological situation,Adults with chronic conditions,3,2024
MNE,2024-10-01,policy_vacc,YES,Older adults,3,2024
MNE,2024-10-01,policy_vacc,YES,Older adults with chronic conditions,3,2024
MNE,2024-10-01,policy_vacc,YES,Child. & ado. with chronic conditions,3,2024
MNE,2024-10-01,policy_vacc,NO,Adults,3,2024
MNE,2024-10-01,policy_vacc,YES,Adults with chronic conditions,3,2024
MNE,2024-10-01,policy_vacc,YES,Pregnant women,3,2024
MNE,2024-10-01,policy_vacc,YES,Health and care workers,3,2024
MNE,2024-10-01,policy_revacc,YES,Older adults,3,2024
MNE,2024-10-01,policy_revacc,YES,Older adults with chronic conditions,3,2024
MNE,2024-10-01,policy_revacc,YES,Child. & ado. with chronic conditions,3,2024
MNE,2024-10-01,policy_revacc,YES,Adults with chronic conditions,3,2024
MNE,2024-10-01,policy_revacc,YES,Pregnant women,3,2024
MNE,2024-10-01,policy_revacc,YES,Health and care workers,3,2024
MNE,2024-04-01,status_product_use,YES,PFI-COXBB-1,1,2024
MNE,2024-04-01,date_product_start,2021-05-10T00:00:00Z,PFI-COMIRNATY-1,1,2024
MNE,2024-04-01,date_product_start,2021-03-08T10:00:00Z,BIB-INAC-SARS2-1,1,2024
MNE,2024-04-01,date_product_start,2024-01-15T00:00:00Z,PFI-COXBB-1,1,2024
MNE,2024-04-01,policy_vacc,YES,Older adults,1,2024
MNE,2024-04-01,policy_vacc,YES,Older adults with chronic conditions,1,2024
MNE,2024-04-01,policy_vacc,YES,Adults with chronic conditions,1,2024
MNE,2024-04-01,policy_vacc,YES,Pregnant women,1,2024
MNE,2024-04-01,policy_vacc,YES,Health and care workers,1,2024
MNE,2024-04-01,policy_vacc,YES,Child. & ado. with chronic conditions,1,2024
MNE,2024-04-01,policy_comment,it depends on the epidemiological situation,Older adults,1,2024
MNE,2024-04-01,policy_comment,it depends on the epidemiological situation,Older adults with chronic conditions,1,2024
MNE,2024-04-01,policy_comment,it depends on the epidemiological situation,Adults with chronic conditions,1,2024
MNE,2024-04-01,policy_revacc,YES,Older adults,1,2024
MNE,2024-04-01,policy_revacc,YES,Older adults with chronic conditions,1,2024
MNE,2024-04-01,policy_revacc,YES,Adults with chronic conditions,1,2024
MNE,2024-04-01,policy_revacc,YES,Pregnant women,1,2024
MNE,2024-04-01,policy_revacc,YES,Health and care workers,1,2024
MNE,2024-04-01,policy_revacc,YES,Child. & ado. with chronic conditions,1,2024
TON,2025-01-01,policy_comment,,Adults,4,2024
TON,2025-01-01,policy_comment,,Adults with chronic conditions,4,2024
TON,2025-01-01,policy_comment,,Child. & ado. with chronic conditions,4,2024
TON,2025-01-01,policy_comment,,Children & adolescents,4,2024
TON,2025-01-01,policy_comment,,Health and care workers,4,2024
TON,2025-01-01,policy_comment,,Older adults,4,2024
TON,2025-01-01,policy_comment,,Older adults with chronic conditions,4,2024
TON,2025-01-01,policy_comment,,Other groups,4,2024
TON,2025-01-01,policy_comment,,Pregnant women,4,2024
TON,2025-01-01,policy_revacc,,Adults,4,2024
TON,2025-01-01,policy_revacc,,Adults with chronic conditions,4,2024
TON,2025-01-01,policy_revacc,,Child. & ado. with chronic conditions,4,2024
TON,2025-01-01,policy_revacc,,Children & adolescents,4,2024
TON,2025-01-01,policy_revacc,,Health and care workers,4,2024
TON,2025-01-01,policy_revacc,,Older adults,4,2024
TON,2025-01-01,policy_revacc,,Older adults with chronic conditions,4,2024
TON,2025-01-01,policy_revacc,,Other groups,4,2024
TON,2025-01-01,policy_revacc,,Pregnant women,4,2024
TON,2025-01-01,policy_revacc_interval,,Adults,4,2024
TON,2025-01-01,policy_revacc_interval,,Adults with chronic conditions,4,2024
TON,2025-01-01,policy_revacc_interval,,Child. & ado. with chronic conditions,4,2024
TON,2025-01-01,policy_revacc_interval,,Children & adolescents,4,2024
TON,2025-01-01,policy_revacc_interval,,Health and care workers,4,2024
TON,2025-01-01,policy_revacc_interval,,Older adults,4,2024
TON,2025-01-01,policy_revacc_interval,,Older adults with chronic conditions,4,2024
TON,2025-01-01,policy_revacc_interval,,Other groups,4,2024
TON,2025-01-01,policy_revacc_interval,,Pregnant women,4,2024
TON,2025-01-01,policy_vacc,,Adults,4,2024
TON,2025-01-01,policy_vacc,,Adults with chronic conditions,4,2024
TON,2025-01-01,policy_vacc,,Child. & ado. with chronic conditions,4,2024
TON,2025-01-01,policy_vacc,,Children & adolescents,4,2024
TON,2025-01-01,policy_vacc,,Health and care workers,4,2024
TON,2025-01-01,policy_vacc,,Older adults,4,2024
TON,2025-01-01,policy_vacc,,Older adults with chronic conditions,4,2024
TON,2025-01-01,policy_vacc,,Other groups,4,2024
TON,2025-01-01,policy_vacc,,Pregnant women,4,2024
AND,2024-04-01,comment,El lote caduco y no se ha realizado reposición,HIP-BIMERVAX-1,1,2024
AND,2024-04-01,date_product_start,2023-10-18T13:49:49Z,PFI-COXBB-1,1,2024
AND,2024-04-01,date_product_start,2023-10-18T00:00:00Z,HIP-BIMERVAX-1,1,2024
AND,2024-04-01,status_product_use,YES,PFI-COXBB-1,1,2024
AND,2024-04-01,status_product_use,NO,HIP-BIMERVAX-1,1,2024
AND,2024-04-01,policy_vacc,YES,Older adults,1,2024
AND,2024-04-01,policy_vacc,YES,Older adults with chronic conditions,1,2024
AND,2024-04-01,policy_vacc,NO,Adults,1,2024
AND,2024-04-01,policy_vacc,YES,Adults with chronic conditions,1,2024
AND,2024-04-01,policy_vacc,YES,Pregnant women,1,2024
AND,2024-04-01,policy_vacc,YES,Health and care workers,1,2024
AND,2024-04-01,policy_vacc,YES,Children & adolescents,1,2024
AND,2024-04-01,policy_vacc,NO,Child. & ado. with chronic conditions,1,2024
AND,2024-04-01,policy_vacc,YES,Other groups,1,2024
AND,2024-04-01,policy_revacc_interval,6,Older adults,1,2024
AND,2024-04-01,policy_revacc_interval,6,Older adults with chronic conditions,1,2024
AND,2024-04-01,policy_revacc_interval,12,Adults with chronic conditions,1,2024
AND,2024-04-01,policy_revacc_interval,6,Pregnant women,1,2024
AND,2024-04-01,policy_revacc_interval,12,Health and care workers,1,2024
AND,2024-04-01,policy_revacc_interval,12,Children & adolescents,1,2024
AND,2024-04-01,policy_revacc,YES,Older adults,1,2024
AND,2024-04-01,policy_revacc,YES,Older adults with chronic conditions,1,2024
AND,2024-04-01,policy_revacc,NO,Adults,1,2024
AND,2024-04-01,policy_revacc,YES,Adults with chronic conditions,1,2024
AND,2024-04-01,policy_revacc,YES,Pregnant women,1,2024
AND,2024-04-01,policy_revacc,YES,Health and care workers,1,2024
AND,2024-04-01,policy_revacc,YES,Children & adolescents,1,2024
AND,2024-04-01,policy_revacc,NO,Child. & ado. with chronic conditions,1,2024
AND,2024-04-01,policy_revacc,YES,Other groups,1,2024
AND,2024-04-01,policy_comment,Trasplantados,Other groups,1,2024
AND,2024-10-01,policy_comment,Trasplantados,Other groups,3,2024
AND,2024-10-01,policy_vacc,YES,Older adults,3,2024
AND,2024-10-01,policy_vacc,YES,Older adults with chronic conditions,3,2024
AND,2024-10-01,policy_vacc,NO,Adults,3,2024
AND,2024-10-01,policy_vacc,YES,Adults with chronic conditions,3,2024
AND,2024-10-01,policy_vacc,YES,Pregnant women,3,2024
AND,2024-10-01,policy_vacc,YES,Health and care workers,3,2024
AND,2024-10-01,policy_vacc,YES,Children & adolescents,3,2024
AND,2024-10-01,policy_vacc,NO,Child. & ado. with chronic conditions,3,2024
AND,2024-10-01,policy_vacc,YES,Other groups,3,2024
AND,2024-10-01,policy_revacc,YES,Older adults,3,2024
AND,2024-10-01,policy_revacc,YES,Older adults with chronic conditions,3,2024
AND,2024-10-01,policy_revacc,NO,Adults,3,2024
AND,2024-10-01,policy_revacc,YES,Adults with chronic conditions,3,2024
AND,2024-10-01,policy_revacc,YES,Pregnant women,3,2024
AND,2024-10-01,policy_revacc,YES,Health and care workers,3,2024
AND,2024-10-01,policy_revacc,YES,Children & adolescents,3,2024
AND,2024-10-01,policy_revacc,NO,Child. & ado. with chronic conditions,3,2024
AND,2024-10-01,policy_revacc,YES,Other groups,3,2024
AND,2024-10-01,policy_revacc_interval,6,Older adults,3,2024
AND,2024-10-01,policy_revacc_interval,6,Older adults with chronic conditions,3,2024
AND,2024-10-01,policy_revacc_interval,12,Adults with chronic conditions,3,2024
AND,2024-10-01,policy_revacc_interval,6,Pregnant women,3,2024
AND,2024-10-01,policy_revacc_interval,12,Health and care workers,3,2024
AND,2024-10-01,policy_revacc_interval,12,Children & adolescents,3,2024
AND,2024-07-01,policy_comment,Trasplantados,Other groups,2,2024
AND,2024-07-01,policy_revacc_interval,6,Older adults,2,2024
AND,2024-07-01,policy_revacc_interval,6,Older adults with chronic conditions,2,2024
AND,2024-07-01,policy_revacc_interval,12,Adults with chronic conditions,2,2024
AND,2024-07-01,policy_revacc_interval,6,Pregnant women,2,2024
AND,2024-07-01,policy_revacc_interval,12,Health and care workers,2,2024
AND,2024-07-01,policy_revacc_interval,12,Children & adolescents,2,2024
AND,2024-07-01,policy_revacc,YES,Older adults,2,2024
AND,2024-07-01,policy_revacc,YES,Older adults with chronic conditions,2,2024
AND,2024-07-01,policy_revacc,NO,Adults,2,2024
AND,2024-07-01,policy_revacc,YES,Adults with chronic conditions,2,2024
AND,2024-07-01,policy_revacc,YES,Pregnant women,2,2024
AND,2024-07-01,policy_revacc,YES,Health and care workers,2,2024
AND,2024-07-01,policy_revacc,YES,Children & adolescents,2,2024
AND,2024-07-01,policy_revacc,NO,Child. & ado. with chronic conditions,2,2024
AND,2024-07-01,policy_revacc,YES,Other groups,2,2024
AND,2024-07-01,policy_vacc,YES,Older adults,2,2024
AND,2024-07-01,policy_vacc,YES,Older adults with chronic conditions,2,2024
AND,2024-07-01,policy_vacc,NO,Adults,2,2024
AND,2024-07-01,policy_vacc,YES,Adults with chronic conditions,2,2024
AND,2024-07-01,policy_vacc,YES,Pregnant women,2,2024
AND,2024-07-01,policy_vacc,YES,Health and care workers,2,2024
AND,2024-07-01,policy_vacc,YES,Children & adolescents,2,2024
AND,2024-07-01,policy_vacc,NO,Child. & ado. with chronic conditions,2,2024
AND,2024-07-01,policy_vacc,YES,Other groups,2,2024
AND,2024-07-01,date_product_start,2023-10-18T13:49:49Z,PFI-COXBB-1,2,2024
AND,2024-07-01,date_product_start,2023-10-18T00:00:00Z,HIP-BIMERVAX-1,2,2024
AND,2024-07-01,status_product_use,YES,PFI-COXBB-1,2,2024
AND,2024-07-01,status_product_use,YES,HIP-BIMERVAX-1,2,2024
AND,2024-07-01,comment,Reposición de producto,PFI-COXBB-1,2,2024
AND,2024-07-01,comment,Reposición de producto,HIP-BIMERVAX-1,2,2024
AND,2024-10-01,date_product_start,2023-10-18T13:49:49Z,PFI-COXBB-1,3,2024
AND,2024-10-01,date_product_start,2023-10-18T00:00:00Z,HIP-BIMERVAX-1,3,2024
AND,2024-10-01,comment,Reposición de producto,PFI-COXBB-1,3,2024
AND,2024-10-01,comment,Reposición de producto,HIP-BIMERVAX-1,3,2024
AND,2024-10-01,status_product_use,YES,PFI-COXBB-1,3,2024
AND,2024-10-01,status_product_use,YES,HIP-BIMERVAX-1,3,2024
AND,2025-01-01,policy_comment,,Adults,4,2024
AND,2025-01-01,policy_comment,,Adults with chronic conditions,4,2024
AND,2025-01-01,policy_comment,,Child. & ado. with chronic conditions,4,2024
AND,2025-01-01,policy_comment,,Children & adolescents,4,2024
AND,2025-01-01,policy_comment,,Health and care workers,4,2024
AND,2025-01-01,policy_comment,,Older adults with chronic conditions,4,2024
AND,2025-01-01,policy_comment,,Other groups,4,2024
AND,2025-01-01,policy_revacc,,Adults,4,2024
AND,2025-01-01,policy_revacc,,Children & adolescents,4,2024
AND,2025-01-01,policy_revacc,,Other groups,4,2024
AND,2025-01-01,policy_revacc_interval,,Adults,4,2024
AND,2025-01-01,policy_revacc_interval,,Children & adolescents,4,2024
AND,2025-01-01,policy_revacc_interval,,Other groups,4,2024
AND,2025-01-01,policy_vacc,YES,Older adults with chronic conditions,4,2024
AND,2025-01-01,policy_vacc,YES,Older adults,4,2024
AND,2025-01-01,policy_vacc,NO,Adults,4,2024
AND,2025-01-01,policy_vacc,YES,Adults with chronic conditions,4,2024
AND,2025-01-01,policy_vacc,YES,Pregnant women,4,2024
AND,2025-01-01,policy_vacc,YES,Health and care workers,4,2024
AND,2025-01-01,policy_vacc,NO,Children & adolescents,4,2024
AND,2025-01-01,policy_vacc,YES,Child. & ado. with chronic conditions,4,2024
AND,2025-01-01,policy_vacc,NO,Other groups,4,2024
AND,2025-01-01,policy_revacc,YES,Older adults with chronic conditions,4,2024
AND,2025-01-01,policy_revacc,YES,Older adults,4,2024
AND,2025-01-01,policy_revacc,YES,Adults with chronic conditions,4,2024
AND,2025-01-01,policy_revacc,YES,Pregnant women,4,2024
AND,2025-01-01,policy_revacc,YES,Health and care workers,4,2024
AND,2025-01-01,policy_revacc,YES,Child. & ado. with chronic conditions,4,2024
AND,2025-01-01,policy_revacc_interval,12_MONTHS,Older adults with chronic conditions,4,2024
AND,2025-01-01,policy_revacc_interval,12_MONTHS,Older adults,4,2024
AND,2025-01-01,policy_revacc_interval,12_MONTHS,Adults with chronic conditions,4,2024
AND,2025-01-01,policy_revacc_interval,OTHER,Pregnant women,4,2024
AND,2025-01-01,policy_revacc_interval,12_MONTHS,Health and care workers,4,2024
AND,2025-01-01,policy_revacc_interval,12_MONTHS,Child. & ado. with chronic conditions,4,2024
AND,2025-01-01,policy_comment,Mayor o igual a 60 años,Older adults,4,2024
AND,2025-01-01,policy_comment,En cada embarazo,Pregnant women,4,2024
TUN,2025-01-01,policy_comment,,Adults,4,2024
TUN,2025-01-01,policy_comment,,Adults with chronic conditions,4,2024
TUN,2025-01-01,policy_comment,,Child. & ado. with chronic conditions,4,2024
TUN,2025-01-01,policy_comment,,Children & adolescents,4,2024
TUN,2025-01-01,policy_comment,,Health and care workers,4,2024
TUN,2025-01-01,policy_comment,,Older adults,4,2024
TUN,2025-01-01,policy_comment,,Older adults with chronic conditions,4,2024
TUN,2025-01-01,policy_comment,,Other groups,4,2024
TUN,2025-01-01,policy_comment,,Pregnant women,4,2024
TUN,2025-01-01,policy_revacc,,Adults,4,2024
TUN,2025-01-01,policy_revacc,,Adults with chronic conditions,4,2024
TUN,2025-01-01,policy_revacc,,Child. & ado. with chronic conditions,4,2024
TUN,2025-01-01,policy_revacc,,Children & adolescents,4,2024
TUN,2025-01-01,policy_revacc,,Health and care workers,4,2024
TUN,2025-01-01,policy_revacc,,Older adults,4,2024
TUN,2025-01-01,policy_revacc,,Older adults with chronic conditions,4,2024
TUN,2025-01-01,policy_revacc,,Other groups,4,2024
TUN,2025-01-01,policy_revacc,,Pregnant women,4,2024
TUN,2025-01-01,policy_revacc_interval,,Adults,4,2024
TUN,2025-01-01,policy_revacc_interval,,Adults with chronic conditions,4,2024
TUN,2025-01-01,policy_revacc_interval,,Child. & ado. with chronic conditions,4,2024
TUN,2025-01-01,policy_revacc_interval,,Children & adolescents,4,2024
TUN,2025-01-01,policy_revacc_interval,,Health and care workers,4,2024
TUN,2025-01-01,policy_revacc_interval,,Older adults,4,2024
TUN,2025-01-01,policy_revacc_interval,,Older adults with chronic conditions,4,2024
TUN,2025-01-01,policy_revacc_interval,,Other groups,4,2024
TUN,2025-01-01,policy_revacc_interval,,Pregnant women,4,2024
TUN,2025-01-01,policy_vacc,,Adults,4,2024
TUN,2025-01-01,policy_vacc,,Adults with chronic conditions,4,2024
TUN,2025-01-01,policy_vacc,,Child. & ado. with chronic conditions,4,2024
TUN,2025-01-01,policy_vacc,,Children & adolescents,4,2024
TUN,2025-01-01,policy_vacc,,Health and care workers,4,2024
TUN,2025-01-01,policy_vacc,,Older adults,4,2024
TUN,2025-01-01,policy_vacc,,Older adults with chronic conditions,4,2024
TUN,2025-01-01,policy_vacc,,Other groups,4,2024
TUN,2025-01-01,policy_vacc,,Pregnant women,4,2024
CZE,2025-01-01,policy_comment,,Other groups,4,2024
CZE,2025-01-01,policy_revacc,,Other groups,4,2024
CZE,2025-01-01,policy_revacc_interval,,Adults,4,2024
CZE,2025-01-01,policy_revacc_interval,,Adults with chronic conditions,4,2024
CZE,2025-01-01,policy_revacc_interval,,Child. & ado. with chronic conditions,4,2024
CZE,2025-01-01,policy_revacc_interval,,Children & adolescents,4,2024
CZE,2025-01-01,policy_revacc_interval,,Health and care workers,4,2024
CZE,2025-01-01,policy_revacc_interval,,Older adults,4,2024
CZE,2025-01-01,policy_revacc_interval,,Older adults with chronic conditions,4,2024
CZE,2025-01-01,policy_revacc_interval,,Other groups,4,2024
CZE,2025-01-01,policy_revacc_interval,,Pregnant women,4,2024
CZE,2025-01-01,policy_revacc,YES,Older adults,4,2024
CZE,2025-01-01,policy_revacc,NO,Older adults with chronic conditions,4,2024
CZE,2025-01-01,policy_revacc,NO,Adults,4,2024
CZE,2025-01-01,policy_revacc,NO,Adults with chronic conditions,4,2024
CZE,2025-01-01,policy_revacc,NO,Pregnant women,4,2024
CZE,2025-01-01,policy_revacc,NO,Health and care workers,4,2024
CZE,2025-01-01,policy_revacc,NO,Children & adolescents,4,2024
CZE,2025-01-01,policy_revacc,NO,Child. & ado. with chronic conditions,4,2024
CZE,2025-01-01,policy_comment,"60+ years; Vaccination is recommended, regardless of the number of doses of COVID-19 vaccine administered in the past.",Older adults,4,2024
CZE,2025-01-01,policy_comment,"Vaccination is recommended, regardless of the number of doses of COVID-19 vaccine administered in the past.",Older adults with chronic conditions,4,2024
CZE,2025-01-01,policy_comment,"Vaccination of healthy children from 6 months of age and adults up to 60 years of age is recommended based on an individual assessment of possible risk factors and a clinical decision, taking into account the preferences of the vaccinated person/legal representative.",Adults,4,2024
CZE,2025-01-01,policy_comment,"Vaccination is recommended, regardless of the number of doses of COVID-19 vaccine administered in the past.",Adults with chronic conditions,4,2024
CZE,2025-01-01,policy_comment,"Vaccination is recommended, regardless of the number of doses of COVID-19 vaccine administered in the past.",Pregnant women,4,2024
CZE,2025-01-01,policy_comment,"Vaccination is recommended, regardless of the number of doses of COVID-19 vaccine administered in the past.",Health and care workers,4,2024
CZE,2025-01-01,policy_comment,"Vaccination of healthy children from 6 months of age and adults up to 60 years of age is recommended based on an individual assessment of possible risk factors and a clinical decision, taking into account the preferences of the vaccinated person/legal representative.",Children & adolescents,4,2024
CZE,2025-01-01,policy_comment,immunocompromised persons aged 6 months and older,Child. & ado. with chronic conditions,4,2024
CZE,2025-01-01,policy_vacc,YES,Older adults,4,2024
CZE,2025-01-01,policy_vacc,YES,Older adults with chronic conditions,4,2024
CZE,2025-01-01,policy_vacc,YES,Adults,4,2024
CZE,2025-01-01,policy_vacc,YES,Adults with chronic conditions,4,2024
CZE,2025-01-01,policy_vacc,YES,Pregnant women,4,2024
CZE,2025-01-01,policy_vacc,YES,Health and care workers,4,2024
CZE,2025-01-01,policy_vacc,YES,Children & adolescents,4,2024
CZE,2025-01-01,policy_vacc,YES,Child. & ado. with chronic conditions,4,2024
CZE,2025-01-01,policy_vacc,NO,Other groups,4,2024
TCA,2024-04-01,date_product_start,2024-03-20T00:00:00Z,MOC-SXBB-1,1,2024
TCA,2024-04-01,date_product_start,2024-03-20T00:00:00Z,PFI-COXBB-1,1,2024
TCA,2024-04-01,status_product_use,YES,MOC-SXBB-1,1,2024
TCA,2024-04-01,status_product_use,YES,PFI-COXBB-1,1,2024
TCA,2024-07-01,status_product_use,YES,PFI-COXBB-1,2,2024
TCA,2024-07-01,status_product_use,YES,MOC-SXBB-1,2,2024
TCA,2024-07-01,date_product_start,2024-03-20T00:00:00Z,PFI-COXBB-1,2,2024
TCA,2024-07-01,date_product_start,2024-03-20T00:00:00Z,MOC-SXBB-1,2,2024
TCA,2024-04-01,policy_vacc,YES,Older adults,1,2024
TCA,2024-04-01,policy_vacc,YES,Older adults with chronic conditions,1,2024
TCA,2024-04-01,policy_vacc,YES,Adults,1,2024
TCA,2024-04-01,policy_vacc,YES,Adults with chronic conditions,1,2024
TCA,2024-04-01,policy_vacc,YES,Health and care workers,1,2024
TCA,2024-04-01,policy_revacc_interval,12 months,Older adults,1,2024
TCA,2024-04-01,policy_revacc_interval,12 months,Older adults with chronic conditions,1,2024
TCA,2024-04-01,policy_revacc_interval,As required,Adults,1,2024
TCA,2024-04-01,policy_revacc_interval,12 months,Adults with chronic conditions,1,2024
TCA,2024-04-01,policy_revacc_interval,12 months,Health and care workers,1,2024
TCA,2024-07-01,policy_vacc,YES,Older adults,2,2024
TCA,2024-07-01,policy_vacc,YES,Older adults with chronic conditions,2,2024
TCA,2024-07-01,policy_vacc,YES,Adults,2,2024
TCA,2024-07-01,policy_vacc,YES,Adults with chronic conditions,2,2024
TCA,2024-07-01,policy_vacc,YES,Health and care workers,2,2024
TCA,2024-07-01,policy_revacc_interval,12 months,Older adults,2,2024
TCA,2024-07-01,policy_revacc_interval,12 months,Older adults with chronic conditions,2,2024
TCA,2024-07-01,policy_revacc_interval,As required,Adults,2,2024
TCA,2024-07-01,policy_revacc_interval,12 months,Adults with chronic conditions,2,2024
TCA,2024-07-01,policy_revacc_interval,12 months,Health and care workers,2,2024
PER,2024-04-01,policy_vacc,YES,Older adults,1,2024
PER,2024-04-01,policy_vacc,YES,Older adults with chronic conditions,1,2024
PER,2024-04-01,policy_vacc,YES,Adults,1,2024
PER,2024-04-01,policy_vacc,YES,Adults with chronic conditions,1,2024
PER,2024-04-01,policy_vacc,YES,Pregnant women,1,2024
PER,2024-04-01,policy_vacc,YES,Health and care workers,1,2024
PER,2024-04-01,policy_vacc,YES,Children & adolescents,1,2024
PER,2024-04-01,policy_vacc,YES,Child. & ado. with chronic conditions,1,2024
PER,2024-04-01,policy_vacc,YES,Other groups,1,2024
PER,2024-04-01,policy_revacc,YES,Older adults,1,2024
PER,2024-04-01,policy_revacc,YES,Older adults with chronic conditions,1,2024
PER,2024-04-01,policy_revacc,YES,Adults,1,2024
PER,2024-04-01,policy_revacc,YES,Adults with chronic conditions,1,2024
PER,2024-04-01,policy_revacc,YES,Pregnant women,1,2024
PER,2024-04-01,policy_revacc,YES,Health and care workers,1,2024
PER,2024-04-01,policy_revacc,YES,Children & adolescents,1,2024
PER,2024-04-01,policy_revacc,YES,Child. & ado. with chronic conditions,1,2024
PER,2024-04-01,policy_revacc,YES,Other groups,1,2024
PER,2024-04-01,policy_revacc_interval,2 meses,Older adults,1,2024
PER,2024-04-01,policy_revacc_interval,2 meses,Older adults with chronic conditions,1,2024
PER,2024-04-01,policy_revacc_interval,2 meses,Adults,1,2024
PER,2024-04-01,policy_revacc_interval,2 meses,Adults with chronic conditions,1,2024
PER,2024-04-01,policy_revacc_interval,2 meses,Pregnant women,1,2024
PER,2024-04-01,policy_revacc_interval,2 meses,Health and care workers,1,2024
PER,2024-04-01,policy_revacc_interval,2 meses,Children & adolescents,1,2024
PER,2024-04-01,policy_revacc_interval,2 meses,Child. & ado. with chronic conditions,1,2024
PER,2024-04-01,policy_revacc_interval,2 meses,Other groups,1,2024
PER,2024-04-01,policy_comment,refuerzo,Older adults,1,2024
PER,2024-04-01,policy_comment,refuerzo,Older adults with chronic conditions,1,2024
PER,2024-04-01,policy_comment,refuerzo,Adults,1,2024
PER,2024-04-01,policy_comment,refuerzo,Adults with chronic conditions,1,2024
PER,2024-04-01,policy_comment,refuerzo,Pregnant women,1,2024
PER,2024-04-01,policy_comment,refuerzo,Health and care workers,1,2024
PER,2024-04-01,policy_comment,refuerzo,Children & adolescents,1,2024
PER,2024-04-01,policy_comment,refuerzo,Child. & ado. with chronic conditions,1,2024
PER,2024-04-01,policy_comment,refuerzo,Other groups,1,2024
PER,2025-01-01,policy_comment,,Adults,4,2024
PER,2025-01-01,policy_comment,,Children & adolescents,4,2024
PER,2025-01-01,policy_revacc_interval,,Adults,4,2024
PER,2025-01-01,policy_revacc_interval,,Children & adolescents,4,2024
PER,2025-01-01,policy_revacc_interval,,Pregnant women,4,2024
PER,2024-04-01,date_product_start,2023-01-01T00:00:00Z,PFI-CBOOB1-2,1,2024
PER,2024-04-01,date_product_start,2024-01-19T00:00:00Z,PFI-COXBB-1,1,2024
PER,2024-04-01,date_product_start,2023-04-04T00:00:00Z,MOC-SBOOB1-2,1,2024
PER,2024-04-01,date_product_start,2022-04-02T00:00:00Z,MOC-MRNA-1273-1,1,2024
PER,2024-04-01,date_product_start,2021-03-08T00:00:00Z,PFI-COMIRNATY-1,1,2024
PER,2024-04-01,date_product_start,2021-02-09T00:00:00Z,BIB-INAC-SARS2-1,1,2024
PER,2024-04-01,date_product_start,2021-04-21T00:00:00Z,ASZ-AZD1222-1,1,2024
PER,2024-04-01,status_product_use,YES,PFI-CBOOB1-2,1,2024
PER,2024-04-01,status_product_use,YES,PFI-COXBB-1,1,2024
PER,2024-04-01,status_product_use,NO,MOC-SBOOB1-2,1,2024
PER,2024-04-01,status_product_use,NO,MOC-MRNA-1273-1,1,2024
PER,2024-04-01,status_product_use,NO,PFI-COMIRNATY-1,1,2024
PER,2024-04-01,status_product_use,NO,BIB-INAC-SARS2-1,1,2024
PER,2024-04-01,status_product_use,NO,ASZ-AZD1222-1,1,2024
PER,2024-10-01,policy_revacc_interval,3 meses,Older adults,3,2024
PER,2024-10-01,policy_revacc_interval,esquema según norma vigente,Older adults with chronic conditions,3,2024
PER,2024-10-01,policy_revacc_interval,3 meses,Health and care workers,3,2024
PER,2024-10-01,policy_revacc_interval,3 meses,Children & adolescents,3,2024
PER,2024-10-01,policy_revacc_interval,esquema según norma vigente,Child. & ado. with chronic conditions,3,2024
PER,2024-10-01,policy_revacc_interval,esquema según norma vigente,Other groups,3,2024
PER,2024-10-01,policy_revacc_interval,3 meses,Adults,3,2024
PER,2024-10-01,policy_revacc_interval,esquema según norma vigente,Adults with chronic conditions,3,2024
PER,2024-10-01,policy_revacc_interval,3 meses,Pregnant women,3,2024
PER,2024-10-01,policy_comment,dosis única anual,Older adults,3,2024
PER,2024-10-01,policy_comment,esquema según norma vigente,Older adults with chronic conditions,3,2024
PER,2024-10-01,policy_comment,dosis única anual,Health and care workers,3,2024
PER,2024-10-01,policy_comment,dosis única anual,Children & adolescents,3,2024
PER,2024-10-01,policy_comment,esquema según norma vigente,Child. & ado. with chronic conditions,3,2024
PER,2024-10-01,policy_comment,esquema según norma vigente,Other groups,3,2024
PER,2024-10-01,policy_comment,dosis única anual,Adults,3,2024
PER,2024-10-01,policy_comment,esquema según norma vigente,Adults with chronic conditions,3,2024
PER,2024-10-01,policy_comment,dosis única anual,Pregnant women,3,2024
PER,2024-10-01,policy_revacc,YES,Older adults,3,2024
PER,2024-10-01,policy_revacc,YES,Older adults with chronic conditions,3,2024
PER,2024-10-01,policy_revacc,YES,Health and care workers,3,2024
PER,2024-10-01,policy_revacc,YES,Children & adolescents,3,2024
PER,2024-10-01,policy_revacc,YES,Child. & ado. with chronic conditions,3,2024
PER,2024-10-01,policy_revacc,YES,Other groups,3,2024
PER,2024-10-01,policy_revacc,YES,Adults,3,2024
PER,2024-10-01,policy_revacc,YES,Adults with chronic conditions,3,2024
PER,2024-10-01,policy_revacc,YES,Pregnant women,3,2024
PER,2024-10-01,policy_vacc,YES,Older adults,3,2024
PER,2024-10-01,policy_vacc,YES,Older adults with chronic conditions,3,2024
PER,2024-10-01,policy_vacc,YES,Health and care workers,3,2024
PER,2024-10-01,policy_vacc,YES,Children & adolescents,3,2024
PER,2024-10-01,policy_vacc,YES,Child. & ado. with chronic conditions,3,2024
PER,2024-10-01,policy_vacc,YES,Other groups,3,2024
PER,2024-10-01,policy_vacc,YES,Adults,3,2024
PER,2024-10-01,policy_vacc,YES,Adults with chronic conditions,3,2024
PER,2024-10-01,policy_vacc,YES,Pregnant women,3,2024
PER,2024-10-01,status_product_use,NO,BIB-INAC-SARS2-1,3,2024
PER,2024-10-01,status_product_use,NO,ASZ-AZD1222-1,3,2024
PER,2024-10-01,status_product_use,NO,MOC-SBOOB1-2,3,2024
PER,2024-10-01,status_product_use,NO,MOC-MRNA-1273-1,3,2024
PER,2024-10-01,status_product_use,NO,PFI-COMIRNATY-1,3,2024
PER,2024-10-01,status_product_use,NO,PFI-CBOOB1-2,3,2024
PER,2024-10-01,status_product_use,YES,PFI-COXBB-1,3,2024
PER,2024-10-01,status_product_use,YES,MOC-SXBB-1,3,2024
PER,2024-10-01,date_product_start,2021-02-09T00:00:00Z,BIB-INAC-SARS2-1,3,2024
PER,2024-10-01,date_product_start,2021-04-21T00:00:00Z,ASZ-AZD1222-1,3,2024
PER,2024-10-01,date_product_start,2023-04-04T00:00:00Z,MOC-SBOOB1-2,3,2024
PER,2024-10-01,date_product_start,2022-04-02T00:00:00Z,MOC-MRNA-1273-1,3,2024
PER,2024-10-01,date_product_start,2021-03-08T00:00:00Z,PFI-COMIRNATY-1,3,2024
PER,2024-10-01,date_product_start,2023-01-01T00:00:00Z,PFI-CBOOB1-2,3,2024
PER,2024-10-01,date_product_start,2024-01-19T00:00:00Z,PFI-COXBB-1,3,2024
PER,2024-10-01,date_product_start,2024-08-20T00:00:00Z,MOC-SXBB-1,3,2024
PER,2024-07-01,policy_revacc,YES,Pregnant women,2,2024
PER,2024-07-01,policy_revacc,YES,Health and care workers,2,2024
PER,2024-07-01,policy_revacc,YES,Children & adolescents,2,2024
PER,2024-07-01,policy_revacc,YES,Child. & ado. with chronic conditions,2,2024
PER,2024-07-01,policy_revacc,YES,Other groups,2,2024
PER,2024-07-01,policy_revacc,YES,Older adults,2,2024
PER,2024-07-01,policy_revacc,YES,Older adults with chronic conditions,2,2024
PER,2024-07-01,policy_revacc,YES,Adults,2,2024
PER,2024-07-01,policy_revacc,YES,Adults with chronic conditions,2,2024
PER,2024-07-01,policy_revacc_interval,2 meses,Pregnant women,2,2024
PER,2024-07-01,policy_revacc_interval,2 meses,Health and care workers,2,2024
PER,2024-07-01,policy_revacc_interval,2 meses,Children & adolescents,2,2024
PER,2024-07-01,policy_revacc_interval,2 meses,Child. & ado. with chronic conditions,2,2024
PER,2024-07-01,policy_revacc_interval,2 meses,Other groups,2,2024
PER,2024-07-01,policy_revacc_interval,2 meses,Older adults,2,2024
PER,2024-07-01,policy_revacc_interval,2 meses,Older adults with chronic conditions,2,2024
PER,2024-07-01,policy_revacc_interval,2 meses,Adults,2,2024
PER,2024-07-01,policy_revacc_interval,2 meses,Adults with chronic conditions,2,2024
PER,2024-07-01,policy_comment,Unica anual,Pregnant women,2,2024
PER,2024-07-01,policy_comment,Unica anual,Health and care workers,2,2024
PER,2024-07-01,policy_comment,Unica anual,Children & adolescents,2,2024
PER,2024-07-01,policy_comment,esquema segun norma vigente,Child. & ado. with chronic conditions,2,2024
PER,2024-07-01,policy_comment,esquema segun norma vigente,Other groups,2,2024
PER,2024-07-01,policy_comment,Unica anual,Older adults,2,2024
PER,2024-07-01,policy_comment,esquema segun norma vigente,Older adults with chronic conditions,2,2024
PER,2024-07-01,policy_comment,Unica anual,Adults,2,2024
PER,2024-07-01,policy_comment,esquema segun norma vigente,Adults with chronic conditions,2,2024
PER,2024-07-01,policy_vacc,YES,Pregnant women,2,2024
PER,2024-07-01,policy_vacc,YES,Health and care workers,2,2024
PER,2024-07-01,policy_vacc,YES,Children & adolescents,2,2024
PER,2024-07-01,policy_vacc,YES,Child. & ado. with chronic conditions,2,2024
PER,2024-07-01,policy_vacc,YES,Other groups,2,2024
PER,2024-07-01,policy_vacc,YES,Older adults,2,2024
PER,2024-07-01,policy_vacc,YES,Older adults with chronic conditions,2,2024
PER,2024-07-01,policy_vacc,YES,Adults,2,2024
PER,2024-07-01,policy_vacc,YES,Adults with chronic conditions,2,2024
PER,2024-10-01,comment,La PFIZER Bivalente se aplico hasta finales de agosto 2024,PFI-CBOOB1-2,3,2024
PER,2024-07-01,status_product_use,NO,BIB-INAC-SARS2-1,2,2024
PER,2024-07-01,status_product_use,NO,ASZ-AZD1222-1,2,2024
PER,2024-07-01,status_product_use,NO,MOC-SBOOB1-2,2,2024
PER,2024-07-01,status_product_use,NO,MOC-MRNA-1273-1,2,2024
PER,2024-07-01,status_product_use,NO,PFI-COMIRNATY-1,2,2024
PER,2024-07-01,status_product_use,YES,PFI-CBOOB1-2,2,2024
PER,2024-07-01,status_product_use,YES,PFI-COXBB-1,2,2024
PER,2024-07-01,date_product_start,2021-02-09T00:00:00Z,BIB-INAC-SARS2-1,2,2024
PER,2024-07-01,date_product_start,2021-04-21T00:00:00Z,ASZ-AZD1222-1,2,2024
PER,2024-07-01,date_product_start,2023-04-04T00:00:00Z,MOC-SBOOB1-2,2,2024
PER,2024-07-01,date_product_start,2022-04-02T00:00:00Z,MOC-MRNA-1273-1,2,2024
PER,2024-07-01,date_product_start,2021-03-08T00:00:00Z,PFI-COMIRNATY-1,2,2024
PER,2024-07-01,date_product_start,2023-01-01T00:00:00Z,PFI-CBOOB1-2,2,2024
PER,2024-07-01,date_product_start,2024-01-19T00:00:00Z,PFI-COXBB-1,2,2024
PER,2025-01-01,policy_revacc,YES,Health and care workers,4,2024
PER,2025-01-01,policy_revacc,NO,Children & adolescents,4,2024
PER,2025-01-01,policy_revacc,YES,Child. & ado. with chronic conditions,4,2024
PER,2025-01-01,policy_revacc,YES,Other groups,4,2024
PER,2025-01-01,policy_revacc,YES,Adults with chronic conditions,4,2024
PER,2025-01-01,policy_revacc,NO,Pregnant women,4,2024
PER,2025-01-01,policy_revacc,YES,Older adults,4,2024
PER,2025-01-01,policy_revacc,YES,Older adults with chronic conditions,4,2024
PER,2025-01-01,policy_revacc,NO,Adults,4,2024
PER,2025-01-01,policy_vacc,YES,Health and care workers,4,2024
PER,2025-01-01,policy_vacc,NO,Children & adolescents,4,2024
PER,2025-01-01,policy_vacc,YES,Child. & ado. with chronic conditions,4,2024
PER,2025-01-01,policy_vacc,YES,Other groups,4,2024
PER,2025-01-01,policy_vacc,YES,Adults with chronic conditions,4,2024
PER,2025-01-01,policy_vacc,YES,Pregnant women,4,2024
PER,2025-01-01,policy_vacc,YES,Older adults,4,2024
PER,2025-01-01,policy_vacc,YES,Older adults with chronic conditions,4,2024
PER,2025-01-01,policy_vacc,NO,Adults,4,2024
PER,2025-01-01,policy_revacc_interval,OTHER,Health and care workers,4,2024
PER,2025-01-01,policy_revacc_interval,OTHER,Child. & ado. with chronic conditions,4,2024
PER,2025-01-01,policy_revacc_interval,OTHER,Other groups,4,2024
PER,2025-01-01,policy_revacc_interval,OTHER,Adults with chronic conditions,4,2024
PER,2025-01-01,policy_revacc_interval,OTHER,Older adults,4,2024
PER,2025-01-01,policy_revacc_interval,OTHER,Older adults with chronic conditions,4,2024
PER,2025-01-01,policy_comment,en el intervalo de 3 meses,Health and care workers,4,2024
PER,2025-01-01,policy_comment,en el intervalo de 3 meses,Child. & ado. with chronic conditions,4,2024
PER,2025-01-01,policy_comment,en el intervalo de 3 meses,Other groups,4,2024
PER,2025-01-01,policy_comment,en el intervalo de 3 meses,Adults with chronic conditions,4,2024
PER,2025-01-01,policy_comment,La aplicación de la vacuna contra COVID19 es a partir de las 12 semanas de gestación,Pregnant women,4,2024
PER,2025-01-01,policy_comment,en el intervalo de 3 meses,Older adults,4,2024
PER,2025-01-01,policy_comment,en el intervalo de 3 meses,Older adults with chronic conditions,4,2024
YEM,2025-01-01,policy_comment,50 years and above,Older adults,4,2024
YEM,2025-01-01,policy_comment,50 years and above,Older adults with chronic conditions,4,2024
YEM,2025-01-01,policy_comment,18 - 50 years,Adults,4,2024
YEM,2025-01-01,policy_comment,18 - 50 years,Adults with chronic conditions,4,2024
YEM,2025-01-01,policy_comment,18 years and above,Health and care workers,4,2024
YEM,2025-01-01,policy_revacc_interval,6_MONTHS,Older adults,4,2024
YEM,2025-01-01,policy_revacc_interval,6_MONTHS,Older adults with chronic conditions,4,2024
YEM,2025-01-01,policy_revacc_interval,6_MONTHS,Adults,4,2024
YEM,2025-01-01,policy_revacc_interval,6_MONTHS,Adults with chronic conditions,4,2024
YEM,2025-01-01,policy_revacc_interval,6_MONTHS,Pregnant women,4,2024
YEM,2025-01-01,policy_revacc_interval,6_MONTHS,Health and care workers,4,2024
YEM,2025-01-01,policy_revacc_interval,OTHER,Other groups,4,2024
YEM,2025-01-01,policy_revacc,YES,Older adults,4,2024
YEM,2025-01-01,policy_revacc,YES,Older adults with chronic conditions,4,2024
YEM,2025-01-01,policy_revacc,YES,Adults,4,2024
YEM,2025-01-01,policy_revacc,YES,Adults with chronic conditions,4,2024
YEM,2025-01-01,policy_revacc,YES,Health and care workers,4,2024
YEM,2025-01-01,policy_revacc,NO,Children & adolescents,4,2024
YEM,2025-01-01,policy_revacc,NO,Child. & ado. with chronic conditions,4,2024
YEM,2025-01-01,policy_revacc,NO,Other groups,4,2024
YEM,2025-01-01,policy_comment,,Child. & ado. with chronic conditions,4,2024
YEM,2025-01-01,policy_comment,,Children & adolescents,4,2024
YEM,2025-01-01,policy_comment,,Other groups,4,2024
YEM,2025-01-01,policy_comment,,Pregnant women,4,2024
YEM,2025-01-01,policy_revacc,,Pregnant women,4,2024
YEM,2025-01-01,policy_revacc_interval,,Child. & ado. with chronic conditions,4,2024
YEM,2025-01-01,policy_revacc_interval,,Children & adolescents,4,2024
YEM,2025-01-01,policy_vacc,YES,Older adults,4,2024
YEM,2025-01-01,policy_vacc,YES,Older adults with chronic conditions,4,2024
YEM,2025-01-01,policy_vacc,YES,Adults,4,2024
YEM,2025-01-01,policy_vacc,YES,Adults with chronic conditions,4,2024
YEM,2025-01-01,policy_vacc,YES,Pregnant women,4,2024
YEM,2025-01-01,policy_vacc,YES,Health and care workers,4,2024
YEM,2025-01-01,policy_vacc,NO,Children & adolescents,4,2024
YEM,2025-01-01,policy_vacc,NO,Child. & ado. with chronic conditions,4,2024
YEM,2025-01-01,policy_vacc,NO,Other groups,4,2024
LCA,2025-01-01,policy_vacc,YES,Older adults,4,2024
LCA,2025-01-01,policy_vacc,YES,Older adults with chronic conditions,4,2024
LCA,2025-01-01,policy_vacc,YES,Adults,4,2024
LCA,2025-01-01,policy_vacc,YES,Adults with chronic conditions,4,2024
LCA,2025-01-01,policy_vacc,YES,Pregnant women,4,2024
LCA,2025-01-01,policy_vacc,YES,Health and care workers,4,2024
LCA,2025-01-01,policy_vacc,YES,Children & adolescents,4,2024
LCA,2025-01-01,policy_vacc,YES,Child. & ado. with chronic conditions,4,2024
LCA,2025-01-01,policy_vacc,NO,Other groups,4,2024
LCA,2025-01-01,policy_revacc,YES,Older adults,4,2024
LCA,2025-01-01,policy_revacc,YES,Older adults with chronic conditions,4,2024
LCA,2025-01-01,policy_revacc,YES,Adults,4,2024
LCA,2025-01-01,policy_revacc,YES,Adults with chronic conditions,4,2024
LCA,2025-01-01,policy_revacc,YES,Pregnant women,4,2024
LCA,2025-01-01,policy_revacc,YES,Health and care workers,4,2024
LCA,2025-01-01,policy_revacc,YES,Children & adolescents,4,2024
LCA,2025-01-01,policy_revacc,YES,Child. & ado. with chronic conditions,4,2024
LCA,2025-01-01,policy_revacc_interval,6_MONTHS,Older adults,4,2024
LCA,2025-01-01,policy_revacc_interval,6_MONTHS,Older adults with chronic conditions,4,2024
LCA,2025-01-01,policy_revacc_interval,6_MONTHS,Adults,4,2024
LCA,2025-01-01,policy_revacc_interval,6_MONTHS,Adults with chronic conditions,4,2024
LCA,2025-01-01,policy_revacc_interval,6_MONTHS,Pregnant women,4,2024
LCA,2025-01-01,policy_revacc_interval,6_MONTHS,Health and care workers,4,2024
LCA,2025-01-01,policy_revacc_interval,6_MONTHS,Children & adolescents,4,2024
LCA,2025-01-01,policy_revacc_interval,6_MONTHS,Child. & ado. with chronic conditions,4,2024
LCA,2024-10-01,date_product_start,2021-02-17T00:00:00Z,ASZ-AZD1222-1,3,2024
LCA,2024-10-01,date_product_start,2021-02-17T00:00:00Z,SII-COVISHIELD-1,3,2024
LCA,2024-10-01,status_product_use,NO,ASZ-AZD1222-1,3,2024
LCA,2024-10-01,status_product_use,NO,SII-COVISHIELD-1,3,2024
LCA,2024-10-01,policy_revacc_interval,8 Weeks,Older adults,3,2024
LCA,2024-10-01,policy_revacc_interval,8 Weeks,Older adults with chronic conditions,3,2024
LCA,2024-10-01,policy_revacc_interval,8 weeks,Adults,3,2024
LCA,2024-10-01,policy_revacc_interval,8 weeks,Adults with chronic conditions,3,2024
LCA,2024-10-01,policy_revacc_interval,8 Weeks,Pregnant women,3,2024
LCA,2024-10-01,policy_revacc_interval,8 Weeks,Health and care workers,3,2024
LCA,2024-10-01,policy_revacc_interval,8 Weeks,Children & adolescents,3,2024
LCA,2024-10-01,policy_revacc_interval,8 Weeks,Child. & ado. with chronic conditions,3,2024
LCA,2024-10-01,policy_vacc,YES,Older adults,3,2024
LCA,2024-10-01,policy_vacc,YES,Older adults with chronic conditions,3,2024
LCA,2024-10-01,policy_vacc,YES,Adults,3,2024
LCA,2024-10-01,policy_vacc,YES,Adults with chronic conditions,3,2024
LCA,2024-10-01,policy_vacc,YES,Pregnant women,3,2024
LCA,2024-10-01,policy_vacc,YES,Health and care workers,3,2024
LCA,2024-10-01,policy_vacc,YES,Children & adolescents,3,2024
LCA,2024-10-01,policy_vacc,YES,Child. & ado. with chronic conditions,3,2024
LCA,2024-10-01,policy_revacc,YES,Older adults,3,2024
LCA,2024-10-01,policy_revacc,YES,Older adults with chronic conditions,3,2024
LCA,2024-10-01,policy_revacc,YES,Adults,3,2024
LCA,2024-10-01,policy_revacc,YES,Adults with chronic conditions,3,2024
LCA,2024-10-01,policy_revacc,YES,Pregnant women,3,2024
LCA,2024-10-01,policy_revacc,YES,Health and care workers,3,2024
LCA,2024-10-01,policy_revacc,YES,Children & adolescents,3,2024
LCA,2024-10-01,policy_revacc,YES,Child. & ado. with chronic conditions,3,2024
LCA,2024-10-01,policy_comment,Vaccination is for children 12 years and above,Children & adolescents,3,2024
LCA,2024-10-01,policy_comment,Vaccination is for chidren 12 years and above,Child. & ado. with chronic conditions,3,2024
LCA,2025-01-01,policy_comment,,Adults,4,2024
LCA,2025-01-01,policy_comment,,Adults with chronic conditions,4,2024
LCA,2025-01-01,policy_comment,,Child. & ado. with chronic conditions,4,2024
LCA,2025-01-01,policy_comment,,Children & adolescents,4,2024
LCA,2025-01-01,policy_comment,,Health and care workers,4,2024
LCA,2025-01-01,policy_comment,,Older adults,4,2024
LCA,2025-01-01,policy_comment,,Older adults with chronic conditions,4,2024
LCA,2025-01-01,policy_comment,,Other groups,4,2024
LCA,2025-01-01,policy_comment,,Pregnant women,4,2024
LCA,2025-01-01,policy_revacc,,Other groups,4,2024
LCA,2025-01-01,policy_revacc_interval,,Other groups,4,2024
NLD,2025-01-01,policy_comment,All adults aged 60 years and over (born in 1964 or before). No distinction is made between primary vaccination or booster vaccinations.,Older adults,4,2024
NLD,2025-01-01,policy_comment,For all adults aged 60 years and over vaccination was recommended and also for all adults with chronic conditions.,Older adults with chronic conditions,4,2024
NLD,2025-01-01,policy_comment,"Adults aged between 18 and 59 who also receive an annual invitation to have the flu vaccine (source: https://lci.rivm.nl/richtlijnen/covid-19-vaccinatie#3-definitie-medische-hoog-risicogroepen, section 3.1, retrieved on 11 March 2025)",Adults with chronic conditions,4,2024
NLD,2025-01-01,policy_comment,"Pregnant women were advised to vaccinate until March 2024.  From 4 April 2024 onwards, only pregnant women who belong to one of the risk groups were advised to be vaccinated during the 2024 autumn round.",Pregnant women,4,2024
NLD,2025-01-01,policy_comment,"Healthcare workers who are directly in contact with vulnerable patients. Source: https://lci.rivm.nl/richtlijnen/covid-19-vaccinatie#3-definitie-medische-hoog-risicogroepen, Table 3.1 (retrieved on 11 March 2025).",Health and care workers,4,2024
NLD,2025-01-01,policy_comment,,Child. & ado. with chronic conditions,4,2024
NLD,2025-01-01,policy_comment,"People from medical high-risk groups if the treating physician advises additional vaccination, for example in case of severe immunosuppression.",Other groups,4,2024
NLD,2025-01-01,policy_revacc_interval,12_MONTHS,Older adults,4,2024
NLD,2025-01-01,policy_revacc_interval,12_MONTHS,Older adults with chronic conditions,4,2024
NLD,2025-01-01,policy_revacc_interval,12_MONTHS,Adults with chronic conditions,4,2024
NLD,2025-01-01,policy_revacc_interval,12_MONTHS,Health and care workers,4,2024
NLD,2025-01-01,policy_revacc_interval,12_MONTHS,Child. & ado. with chronic conditions,4,2024
NLD,2025-01-01,policy_revacc_interval,6_MONTHS,Other groups,4,2024
NLD,2025-01-01,policy_revacc,YES,Older adults,4,2024
NLD,2025-01-01,policy_revacc,YES,Older adults with chronic conditions,4,2024
NLD,2025-01-01,policy_revacc,NO,Adults,4,2024
NLD,2025-01-01,policy_revacc,YES,Adults with chronic conditions,4,2024
NLD,2025-01-01,policy_revacc,NO,Pregnant women,4,2024
NLD,2025-01-01,policy_revacc,YES,Health and care workers,4,2024
NLD,2025-01-01,policy_revacc,NO,Children & adolescents,4,2024
NLD,2025-01-01,policy_revacc,YES,Child. & ado. with chronic conditions,4,2024
NLD,2025-01-01,policy_revacc,YES,Other groups,4,2024
NLD,2025-01-01,policy_vacc,YES,Older adults,4,2024
NLD,2025-01-01,policy_vacc,YES,Older adults with chronic conditions,4,2024
NLD,2025-01-01,policy_vacc,NO,Adults,4,2024
NLD,2025-01-01,policy_vacc,YES,Adults with chronic conditions,4,2024
NLD,2025-01-01,policy_vacc,NO,Pregnant women,4,2024
NLD,2025-01-01,policy_vacc,YES,Health and care workers,4,2024
NLD,2025-01-01,policy_vacc,NO,Children & adolescents,4,2024
NLD,2025-01-01,policy_vacc,YES,Child. & ado. with chronic conditions,4,2024
NLD,2025-01-01,policy_vacc,YES,Other groups,4,2024
NLD,2025-01-01,policy_comment,,Adults,4,2024
NLD,2025-01-01,policy_comment,,Children & adolescents,4,2024
NLD,2025-01-01,policy_revacc_interval,,Adults,4,2024
NLD,2025-01-01,policy_revacc_interval,,Children & adolescents,4,2024
NLD,2025-01-01,policy_revacc_interval,,Pregnant women,4,2024
HKG,2024-04-01,policy_comment,50 years and up,Older adults,1,2024
HKG,2024-04-01,policy_comment,50 years and up,Older adults with chronic conditions,1,2024
HKG,2024-04-01,policy_comment,18-49 years,Adults,1,2024
HKG,2024-04-01,policy_comment,18-49 years with underlying comorbidities,Adults with chronic conditions,1,2024
HKG,2024-04-01,policy_comment,Pregnant women at any stage of pregnancy,Pregnant women,1,2024
HKG,2024-04-01,policy_comment,HCWs included staff of the Department of Health and staff of public hospitals under Hospital Authority,Health and care workers,1,2024
HKG,2024-04-01,policy_comment,6 months to 17 years,Children & adolescents,1,2024
HKG,2024-04-01,policy_comment,6 months to 17 years with immunocompromising conditions,Child. & ado. with chronic conditions,1,2024
HKG,2024-04-01,policy_revacc_interval,180 days,Older adults,1,2024
HKG,2024-04-01,policy_revacc_interval,180 days,Older adults with chronic conditions,1,2024
HKG,2024-04-01,policy_revacc_interval,180 days,Adults,1,2024
HKG,2024-04-01,policy_revacc_interval,180 days,Adults with chronic conditions,1,2024
HKG,2024-04-01,policy_revacc_interval,180 days,Pregnant women,1,2024
HKG,2024-04-01,policy_revacc_interval,180 days,Health and care workers,1,2024
HKG,2024-04-01,policy_revacc_interval,180 days,Child. & ado. with chronic conditions,1,2024
HKG,2024-04-01,policy_vacc,YES,Older adults,1,2024
HKG,2024-04-01,policy_vacc,YES,Older adults with chronic conditions,1,2024
HKG,2024-04-01,policy_vacc,YES,Adults,1,2024
HKG,2024-04-01,policy_vacc,YES,Adults with chronic conditions,1,2024
HKG,2024-04-01,policy_vacc,YES,Pregnant women,1,2024
HKG,2024-04-01,policy_vacc,YES,Health and care workers,1,2024
HKG,2024-04-01,policy_vacc,YES,Children & adolescents,1,2024
HKG,2024-04-01,policy_vacc,YES,Child. & ado. with chronic conditions,1,2024
HKG,2024-04-01,policy_revacc,YES,Older adults,1,2024
HKG,2024-04-01,policy_revacc,YES,Older adults with chronic conditions,1,2024
HKG,2024-04-01,policy_revacc,YES,Adults,1,2024
HKG,2024-04-01,policy_revacc,YES,Adults with chronic conditions,1,2024
HKG,2024-04-01,policy_revacc,YES,Pregnant women,1,2024
HKG,2024-04-01,policy_revacc,YES,Health and care workers,1,2024
HKG,2024-04-01,policy_revacc,NO,Children & adolescents,1,2024
HKG,2024-04-01,policy_revacc,YES,Child. & ado. with chronic conditions,1,2024
HKG,2024-04-01,status_product_use,YES,PFI-COMIRNATY-1,1,2024
HKG,2024-04-01,status_product_use,YES,SIN-CORONAVAC-1,1,2024
HKG,2024-04-01,status_product_use,YES,PFI-CBOOB1-2,1,2024
HKG,2024-04-01,status_product_use,YES,PFI-COXBB-1,1,2024
HKG,2024-04-01,status_product_use,YES,MOC-MRNA-1273-1,1,2024
HKG,2024-07-01,status_product_use,YES,PFI-COMIRNATY-1,2,2024
HKG,2024-07-01,status_product_use,YES,SIN-CORONAVAC-1,2,2024
HKG,2024-07-01,status_product_use,YES,PFI-CBOOB1-2,2,2024
HKG,2024-07-01,status_product_use,YES,PFI-COXBB-1,2,2024
HKG,2024-07-01,status_product_use,YES,MOC-MRNA-1273-1,2,2024
HKG,2024-07-01,policy_comment,50 years and up,Older adults,2,2024
HKG,2024-07-01,policy_comment,50 years and up,Older adults with chronic conditions,2,2024
HKG,2024-07-01,policy_comment,18-49 years,Adults,2,2024
HKG,2024-07-01,policy_comment,18-49 years with underlying comorbidities,Adults with chronic conditions,2,2024
HKG,2024-07-01,policy_comment,Pregnant women at any stage of pregnancy,Pregnant women,2,2024
HKG,2024-07-01,policy_comment,HCWs included staff of the Department of Health and staff of public hospitals under Hospital Authority,Health and care workers,2,2024
HKG,2024-07-01,policy_comment,6 months to 17 years,Children & adolescents,2,2024
HKG,2024-07-01,policy_comment,6 months to 17 years with immunocompromising conditions,Child. & ado. with chronic conditions,2,2024
HKG,2024-07-01,policy_revacc_interval,180 days,Older adults,2,2024
HKG,2024-07-01,policy_revacc_interval,180 days,Older adults with chronic conditions,2,2024
HKG,2024-07-01,policy_revacc_interval,180 days,Adults,2,2024
HKG,2024-07-01,policy_revacc_interval,180 days,Adults with chronic conditions,2,2024
HKG,2024-07-01,policy_revacc_interval,180 days,Pregnant women,2,2024
HKG,2024-07-01,policy_revacc_interval,180 days,Health and care workers,2,2024
HKG,2024-07-01,policy_revacc_interval,180 days,Child. & ado. with chronic conditions,2,2024
HKG,2024-07-01,policy_vacc,YES,Older adults,2,2024
HKG,2024-07-01,policy_vacc,YES,Older adults with chronic conditions,2,2024
HKG,2024-07-01,policy_vacc,YES,Adults,2,2024
HKG,2024-07-01,policy_vacc,YES,Adults with chronic conditions,2,2024
HKG,2024-07-01,policy_vacc,YES,Pregnant women,2,2024
HKG,2024-07-01,policy_vacc,YES,Health and care workers,2,2024
HKG,2024-07-01,policy_vacc,YES,Children & adolescents,2,2024
HKG,2024-07-01,policy_vacc,YES,Child. & ado. with chronic conditions,2,2024
HKG,2024-07-01,policy_revacc,YES,Older adults,2,2024
HKG,2024-07-01,policy_revacc,YES,Older adults with chronic conditions,2,2024
HKG,2024-07-01,policy_revacc,YES,Adults,2,2024
HKG,2024-07-01,policy_revacc,YES,Adults with chronic conditions,2,2024
HKG,2024-07-01,policy_revacc,YES,Pregnant women,2,2024
HKG,2024-07-01,policy_revacc,YES,Health and care workers,2,2024
HKG,2024-07-01,policy_revacc,NO,Children & adolescents,2,2024
HKG,2024-07-01,policy_revacc,YES,Child. & ado. with chronic conditions,2,2024
HKG,2024-10-01,policy_comment,50 years and up,Older adults,3,2024
HKG,2024-10-01,policy_comment,50 years and up,Older adults with chronic conditions,3,2024
HKG,2024-10-01,policy_comment,18-49 years,Adults,3,2024
HKG,2024-10-01,policy_comment,18-49 years with underlying comorbidities,Adults with chronic conditions,3,2024
HKG,2024-10-01,policy_comment,Pregnant women at any stage of pregnancy,Pregnant women,3,2024
HKG,2024-10-01,policy_comment,HCWs included staff of the Department of Health and staff of public hospitals under Hospital Authority,Health and care workers,3,2024
HKG,2024-10-01,policy_comment,6 months to 17 years,Children & adolescents,3,2024
HKG,2024-10-01,policy_comment,6 months to 17 years with immunocompromising conditions,Child. & ado. with chronic conditions,3,2024
HKG,2024-10-01,policy_revacc_interval,180 days,Older adults,3,2024
HKG,2024-10-01,policy_revacc_interval,180 days,Older adults with chronic conditions,3,2024
HKG,2024-10-01,policy_revacc_interval,180 days,Adults,3,2024
HKG,2024-10-01,policy_revacc_interval,180 days,Adults with chronic conditions,3,2024
HKG,2024-10-01,policy_revacc_interval,180 days,Pregnant women,3,2024
HKG,2024-10-01,policy_revacc_interval,180 days,Health and care workers,3,2024
HKG,2024-10-01,policy_revacc_interval,180 days,Child. & ado. with chronic conditions,3,2024
HKG,2024-10-01,policy_vacc,YES,Older adults,3,2024
HKG,2024-10-01,policy_vacc,YES,Older adults with chronic conditions,3,2024
HKG,2024-10-01,policy_vacc,YES,Adults,3,2024
HKG,2024-10-01,policy_vacc,YES,Adults with chronic conditions,3,2024
HKG,2024-10-01,policy_vacc,YES,Pregnant women,3,2024
HKG,2024-10-01,policy_vacc,YES,Health and care workers,3,2024
HKG,2024-10-01,policy_vacc,YES,Children & adolescents,3,2024
HKG,2024-10-01,policy_vacc,YES,Child. & ado. with chronic conditions,3,2024
HKG,2024-10-01,policy_revacc,YES,Older adults,3,2024
HKG,2024-10-01,policy_revacc,YES,Older adults with chronic conditions,3,2024
HKG,2024-10-01,policy_revacc,YES,Adults,3,2024
HKG,2024-10-01,policy_revacc,YES,Adults with chronic conditions,3,2024
HKG,2024-10-01,policy_revacc,YES,Pregnant women,3,2024
HKG,2024-10-01,policy_revacc,YES,Health and care workers,3,2024
HKG,2024-10-01,policy_revacc,NO,Children & adolescents,3,2024
HKG,2024-10-01,policy_revacc,YES,Child. & ado. with chronic conditions,3,2024
HKG,2024-10-01,status_product_use,YES,PFI-COMIRNATY-1,3,2024
HKG,2024-10-01,status_product_use,YES,SIN-CORONAVAC-1,3,2024
HKG,2024-10-01,status_product_use,YES,PFI-CBOOB1-2,3,2024
HKG,2024-10-01,status_product_use,YES,PFI-COXBB-1,3,2024
HKG,2024-10-01,status_product_use,YES,MOC-MRNA-1273-1,3,2024
SVN,2024-10-01,status_product_use,YES,PFI-COJN-1,3,2024
SVN,2024-10-01,comment,Approved for use by EMA,PFI-COJN-1,3,2024
SVN,2024-10-01,date_product_start,2024-08-27T00:00:00Z,PFI-COJN-1,3,2024
SVN,2024-10-01,comment,Approved for use by EMA.,PFI-CBOOB1-2,3,2024
SVN,2024-10-01,comment,Approved for use by EMA.,PFI-CBOOB1-1,3,2024
SVN,2024-10-01,comment,In Slovenia we use Covid-19 vaccine Astra Zeneca approved for emergency use by EMA.,ASZ-AZD1222-1,3,2024
SVN,2024-10-01,comment,Approved for use by EMA.,SPG-VIDPREVTYN-1,3,2024
SVN,2024-10-01,comment,Approved for use by EMA.,MOC-SBOOB1-2,3,2024
SVN,2024-10-01,comment,Approved for use by EMA.,MOC-SBOOB1-1,3,2024
SVN,2024-10-01,comment,Approved for use by EMA,PFI-COXBB-1,3,2024
SVN,2024-10-01,comment,Approved for use by EMA,NOV-NOXBB-1,3,2024
SVN,2024-10-01,comment,In Slovenia we use Covid-19 vaccine Janssen approved for emergency use by EMA.,JAP-AD26-COV-2.5-1,3,2024
SVN,2024-10-01,comment,In Slovenia we use Covid-19 vaccine Moderna approved for emergency use by EMA.,MOC-MRNA-1273-1,3,2024
SVN,2024-10-01,comment,In Slovenia we use vaccine Comirnaty approved for emergency use by EMA.,PFI-COMIRNATY-1,3,2024
SVN,2024-10-01,comment,Approved for emergency use by EMA.,NOV-COVAX-1,3,2024
SVN,2024-10-01,comment,Pfizer BioNTech - Comirnaty JN.1,OTHER,3,2024
SVN,2024-10-01,status_product_use,NO,PFI-CBOOB1-2,3,2024
SVN,2024-10-01,status_product_use,NO,PFI-CBOOB1-1,3,2024
SVN,2024-10-01,status_product_use,NO,ASZ-AZD1222-1,3,2024
SVN,2024-10-01,status_product_use,NO,SPG-VIDPREVTYN-1,3,2024
SVN,2024-10-01,status_product_use,NO,MOC-SBOOB1-2,3,2024
SVN,2024-10-01,status_product_use,NO,MOC-SBOOB1-1,3,2024
SVN,2024-10-01,status_product_use,YES,PFI-COXBB-1,3,2024
SVN,2024-10-01,status_product_use,YES,NOV-NOXBB-1,3,2024
SVN,2024-10-01,status_product_use,NO,JAP-AD26-COV-2.5-1,3,2024
SVN,2024-10-01,status_product_use,NO,MOC-MRNA-1273-1,3,2024
SVN,2024-10-01,status_product_use,NO,PFI-COMIRNATY-1,3,2024
SVN,2024-10-01,status_product_use,NO,NOV-COVAX-1,3,2024
SVN,2024-10-01,status_product_use,YES,OTHER,3,2024
SVN,2024-10-01,date_product_start,2022-09-22T00:00:00Z,PFI-CBOOB1-2,3,2024
SVN,2024-10-01,date_product_start,2022-09-13T00:00:00Z,PFI-CBOOB1-1,3,2024
SVN,2024-10-01,date_product_start,2021-02-08T00:00:00Z,ASZ-AZD1222-1,3,2024
SVN,2024-10-01,date_product_start,2023-03-15T00:00:00Z,SPG-VIDPREVTYN-1,3,2024
SVN,2024-10-01,date_product_start,2022-12-13T00:00:00Z,MOC-SBOOB1-2,3,2024
SVN,2024-10-01,date_product_start,2022-09-27T00:00:00Z,MOC-SBOOB1-1,3,2024
SVN,2024-10-01,date_product_start,2023-10-05T00:00:00Z,PFI-COXBB-1,3,2024
SVN,2024-10-01,date_product_start,2023-12-19T00:00:00Z,NOV-NOXBB-1,3,2024
SVN,2024-10-01,date_product_start,2021-04-19T00:00:00Z,JAP-AD26-COV-2.5-1,3,2024
SVN,2024-10-01,date_product_start,2021-01-19T00:00:00Z,MOC-MRNA-1273-1,3,2024
SVN,2024-10-01,date_product_start,2020-12-27T00:00:00Z,PFI-COMIRNATY-1,3,2024
SVN,2024-10-01,date_product_start,2022-03-01T00:00:00Z,NOV-COVAX-1,3,2024
SVN,2024-10-01,date_product_start,2024-08-27T00:00:00Z,OTHER,3,2024
SVN,2025-01-01,policy_revacc,YES,Child. & ado. with chronic conditions,4,2024
SVN,2025-01-01,policy_revacc,YES,Other groups,4,2024
SVN,2025-01-01,policy_revacc,YES,Older adults,4,2024
SVN,2025-01-01,policy_revacc,YES,Older adults with chronic conditions,4,2024
SVN,2025-01-01,policy_revacc,YES,Adults with chronic conditions,4,2024
SVN,2025-01-01,policy_revacc_interval,12_MONTHS,Child. & ado. with chronic conditions,4,2024
SVN,2025-01-01,policy_revacc_interval,6_MONTHS,Other groups,4,2024
SVN,2025-01-01,policy_revacc_interval,12_MONTHS,Older adults,4,2024
SVN,2025-01-01,policy_revacc_interval,12_MONTHS,Older adults with chronic conditions,4,2024
SVN,2025-01-01,policy_revacc_interval,12_MONTHS,Adults with chronic conditions,4,2024
SVN,2025-01-01,policy_comment,,Other groups,4,2024
SVN,2025-01-01,policy_comment,"COVID-19 vaccination is recommended for residents of long-term care facilities, vulnerable individuals with chronic conditions (from 6 months of age), and those aged 65 or older. Others may vaccinate if they wish. Each autumn, our recommendations are updated. Individuals can choose to vaccinate annually if desired.",Older adults,4,2024
SVN,2024-10-01,policy_vacc,YES,Older adults,3,2024
SVN,2024-10-01,policy_vacc,YES,Older adults with chronic conditions,3,2024
SVN,2024-10-01,policy_vacc,NO,Adults,3,2024
SVN,2024-10-01,policy_vacc,YES,Adults with chronic conditions,3,2024
SVN,2024-10-01,policy_vacc,NO,Pregnant women,3,2024
SVN,2024-10-01,policy_vacc,NO,Health and care workers,3,2024
SVN,2024-10-01,policy_vacc,NO,Children & adolescents,3,2024
SVN,2024-10-01,policy_vacc,YES,Child. & ado. with chronic conditions,3,2024
SVN,2024-10-01,policy_comment,"COVID-19 vaccination is recommended for residents of long-term care facilities, vulnerable individuals with chronic conditions (from 6 months of age), and those aged 65 or older. Others may vaccinate if they wish. Each autumn, our recommendations are updated. Individuals can choose to vaccinate annually if desired.",Older adults,3,2024
SVN,2024-04-01,policy_vacc,YES,Adults with chronic conditions,1,2024
SVN,2024-04-01,policy_vacc,YES,Older adults,1,2024
SVN,2024-04-01,policy_vacc,YES,Older adults with chronic conditions,1,2024
SVN,2024-04-01,policy_vacc,YES,Child. & ado. with chronic conditions,1,2024
SVN,2025-01-01,policy_comment,,Adults,4,2024
SVN,2025-01-01,policy_comment,,Adults with chronic conditions,4,2024
SVN,2025-01-01,policy_comment,,Child. & ado. with chronic conditions,4,2024
SVN,2025-01-01,policy_comment,,Children & adolescents,4,2024
SVN,2025-01-01,policy_comment,,Health and care workers,4,2024
SVN,2025-01-01,policy_comment,,Older adults with chronic conditions,4,2024
SVN,2025-01-01,policy_comment,,Pregnant women,4,2024
SVN,2025-01-01,policy_revacc,,Adults,4,2024
SVN,2025-01-01,policy_revacc,,Children & adolescents,4,2024
SVN,2025-01-01,policy_revacc,,Health and care workers,4,2024
SVN,2025-01-01,policy_revacc,,Pregnant women,4,2024
SVN,2025-01-01,policy_revacc_interval,,Adults,4,2024
SVN,2025-01-01,policy_revacc_interval,,Children & adolescents,4,2024
SVN,2025-01-01,policy_revacc_interval,,Health and care workers,4,2024
SVN,2025-01-01,policy_revacc_interval,,Pregnant women,4,2024
SVN,2024-07-01,date_product_start,2022-09-22T00:00:00Z,PFI-CBOOB1-2,2,2024
SVN,2024-07-01,date_product_start,2022-09-13T00:00:00Z,PFI-CBOOB1-1,2,2024
SVN,2024-07-01,date_product_start,2021-02-08T00:00:00Z,ASZ-AZD1222-1,2,2024
SVN,2024-07-01,date_product_start,2023-03-15T00:00:00Z,SPG-VIDPREVTYN-1,2,2024
SVN,2024-07-01,date_product_start,2022-12-13T00:00:00Z,MOC-SBOOB1-2,2,2024
SVN,2024-07-01,date_product_start,2022-09-27T00:00:00Z,MOC-SBOOB1-1,2,2024
SVN,2024-07-01,date_product_start,2023-10-05T00:00:00Z,PFI-COXBB-1,2,2024
SVN,2024-07-01,date_product_start,2023-12-19T00:00:00Z,NOV-NOXBB-1,2,2024
SVN,2024-07-01,date_product_start,2021-04-19T00:00:00Z,JAP-AD26-COV-2.5-1,2,2024
SVN,2024-07-01,date_product_start,2021-01-19T00:00:00Z,MOC-MRNA-1273-1,2,2024
SVN,2024-07-01,date_product_start,2020-12-27T00:00:00Z,PFI-COMIRNATY-1,2,2024
SVN,2024-07-01,date_product_start,2022-03-01T00:00:00Z,NOV-COVAX-1,2,2024
SVN,2024-07-01,comment,Approved for use by EMA.,PFI-CBOOB1-2,2,2024
SVN,2024-07-01,comment,Approved for use by EMA.,PFI-CBOOB1-1,2,2024
SVN,2024-07-01,comment,In Slovenia we use Covid-19 vaccine Astra Zeneca approved for emergency use by EMA.,ASZ-AZD1222-1,2,2024
SVN,2024-07-01,comment,Approved for use by EMA.,SPG-VIDPREVTYN-1,2,2024
SVN,2024-07-01,comment,Approved for use by EMA.,MOC-SBOOB1-2,2,2024
SVN,2024-07-01,comment,Approved for use by EMA.,MOC-SBOOB1-1,2,2024
SVN,2024-07-01,comment,Approved for use by EMA,PFI-COXBB-1,2,2024
SVN,2024-07-01,comment,Approved for use by EMA,NOV-NOXBB-1,2,2024
SVN,2024-07-01,comment,In Slovenia we use Covid-19 vaccine Janssen approved for emergency use by EMA.,JAP-AD26-COV-2.5-1,2,2024
SVN,2024-07-01,comment,In Slovenia we use Covid-19 vaccine Moderna approved for emergency use by EMA.,MOC-MRNA-1273-1,2,2024
SVN,2024-07-01,comment,In Slovenia we use vaccine Comirnaty approved for emergency use by EMA.,PFI-COMIRNATY-1,2,2024
SVN,2024-07-01,comment,Approved for emergency use by EMA.,NOV-COVAX-1,2,2024
SVN,2024-07-01,status_product_use,NO,PFI-CBOOB1-2,2,2024
SVN,2024-07-01,status_product_use,NO,PFI-CBOOB1-1,2,2024
SVN,2024-07-01,status_product_use,NO,ASZ-AZD1222-1,2,2024
SVN,2024-07-01,status_product_use,NO,SPG-VIDPREVTYN-1,2,2024
SVN,2024-07-01,status_product_use,NO,MOC-SBOOB1-2,2,2024
SVN,2024-07-01,status_product_use,NO,MOC-SBOOB1-1,2,2024
SVN,2024-07-01,status_product_use,YES,PFI-COXBB-1,2,2024
SVN,2024-07-01,status_product_use,YES,NOV-NOXBB-1,2,2024
SVN,2024-07-01,status_product_use,NO,JAP-AD26-COV-2.5-1,2,2024
SVN,2024-07-01,status_product_use,NO,MOC-MRNA-1273-1,2,2024
SVN,2024-07-01,status_product_use,NO,PFI-COMIRNATY-1,2,2024
SVN,2024-07-01,status_product_use,NO,NOV-COVAX-1,2,2024
SVN,2025-01-01,policy_vacc,NO,Health and care workers,4,2024
SVN,2025-01-01,policy_vacc,NO,Children & adolescents,4,2024
SVN,2025-01-01,policy_vacc,YES,Child. & ado. with chronic conditions,4,2024
SVN,2025-01-01,policy_vacc,YES,Other groups,4,2024
SVN,2025-01-01,policy_vacc,YES,Older adults,4,2024
SVN,2025-01-01,policy_vacc,YES,Older adults with chronic conditions,4,2024
SVN,2025-01-01,policy_vacc,NO,Adults,4,2024
SVN,2025-01-01,policy_vacc,YES,Adults with chronic conditions,4,2024
SVN,2025-01-01,policy_vacc,NO,Pregnant women,4,2024
SVN,2024-04-01,date_product_start,2023-10-05T00:00:00Z,PFI-COXBB-1,1,2024
SVN,2024-04-01,date_product_start,2023-12-19T00:00:00Z,NOV-NOXBB-1,1,2024
SVN,2024-04-01,date_product_start,2021-04-19T00:00:00Z,JAP-AD26-COV-2.5-1,1,2024
SVN,2024-04-01,date_product_start,2021-01-19T00:00:00Z,MOC-MRNA-1273-1,1,2024
SVN,2024-04-01,date_product_start,2020-12-27T00:00:00Z,PFI-COMIRNATY-1,1,2024
SVN,2024-04-01,date_product_start,2022-03-01T00:00:00Z,NOV-COVAX-1,1,2024
SVN,2024-04-01,date_product_start,2022-09-22T00:00:00Z,PFI-CBOOB1-2,1,2024
SVN,2024-04-01,date_product_start,2022-09-13T00:00:00Z,PFI-CBOOB1-1,1,2024
SVN,2024-04-01,date_product_start,2021-02-08T00:00:00Z,ASZ-AZD1222-1,1,2024
SVN,2024-04-01,date_product_start,2023-03-15T00:00:00Z,SPG-VIDPREVTYN-1,1,2024
SVN,2024-04-01,date_product_start,2022-12-13T00:00:00Z,MOC-SBOOB1-2,1,2024
SVN,2024-04-01,date_product_start,2022-09-27T00:00:00Z,MOC-SBOOB1-1,1,2024
SVN,2024-04-01,status_product_use,YES,PFI-COXBB-1,1,2024
SVN,2024-04-01,status_product_use,YES,NOV-NOXBB-1,1,2024
SVN,2024-04-01,status_product_use,NO,JAP-AD26-COV-2.5-1,1,2024
SVN,2024-04-01,status_product_use,NO,MOC-MRNA-1273-1,1,2024
SVN,2024-04-01,status_product_use,NO,PFI-COMIRNATY-1,1,2024
SVN,2024-04-01,status_product_use,YES,NOV-COVAX-1,1,2024
SVN,2024-04-01,status_product_use,YES,PFI-CBOOB1-2,1,2024
SVN,2024-04-01,status_product_use,NO,PFI-CBOOB1-1,1,2024
SVN,2024-04-01,status_product_use,NO,ASZ-AZD1222-1,1,2024
SVN,2024-04-01,status_product_use,NO,SPG-VIDPREVTYN-1,1,2024
SVN,2024-04-01,status_product_use,NO,MOC-SBOOB1-2,1,2024
SVN,2024-04-01,status_product_use,NO,MOC-SBOOB1-1,1,2024
SVN,2024-04-01,comment,Approved for use by EMA,PFI-COXBB-1,1,2024
SVN,2024-04-01,comment,Approved for use by EMA,NOV-NOXBB-1,1,2024
SVN,2024-04-01,comment,In Slovenia we use Covid-19 vaccine Janssen approved for emergency use by EMA.,JAP-AD26-COV-2.5-1,1,2024
SVN,2024-04-01,comment,In Slovenia we use Covid-19 vaccine Moderna approved for emergency use by EMA.,MOC-MRNA-1273-1,1,2024
SVN,2024-04-01,comment,In Slovenia we use vaccine Comirnaty approved for emergency use by EMA.,PFI-COMIRNATY-1,1,2024
SVN,2024-04-01,comment,Approved for emergency use by EMA.,NOV-COVAX-1,1,2024
SVN,2024-04-01,comment,Approved for use by EMA.,PFI-CBOOB1-2,1,2024
SVN,2024-04-01,comment,Approved for use by EMA.,PFI-CBOOB1-1,1,2024
SVN,2024-04-01,comment,In Slovenia we use Covid-19 vaccine Astra Zeneca approved for emergency use by EMA.,ASZ-AZD1222-1,1,2024
SVN,2024-04-01,comment,Approved for use by EMA.,SPG-VIDPREVTYN-1,1,2024
SVN,2024-04-01,comment,Approved for use by EMA.,MOC-SBOOB1-2,1,2024
SVN,2024-04-01,comment,Approved for use by EMA.,MOC-SBOOB1-1,1,2024
SVN,2024-07-01,policy_vacc,YES,Older adults,2,2024
SVN,2024-07-01,policy_vacc,YES,Older adults with chronic conditions,2,2024
SVN,2024-07-01,policy_vacc,YES,Adults with chronic conditions,2,2024
SVN,2024-07-01,policy_vacc,YES,Child. & ado. with chronic conditions,2,2024
MDG,2025-01-01,policy_comment,,Adults,4,2024
MDG,2025-01-01,policy_comment,,Adults with chronic conditions,4,2024
MDG,2025-01-01,policy_comment,,Child. & ado. with chronic conditions,4,2024
MDG,2025-01-01,policy_comment,,Children & adolescents,4,2024
MDG,2025-01-01,policy_comment,,Health and care workers,4,2024
MDG,2025-01-01,policy_comment,,Older adults,4,2024
MDG,2025-01-01,policy_comment,,Older adults with chronic conditions,4,2024
MDG,2025-01-01,policy_comment,,Other groups,4,2024
MDG,2025-01-01,policy_comment,,Pregnant women,4,2024
MDG,2025-01-01,policy_revacc_interval,,Child. & ado. with chronic conditions,4,2024
MDG,2025-01-01,policy_revacc_interval,,Children & adolescents,4,2024
MDG,2024-10-01,policy_vacc,YES,Adults,3,2024
MDG,2024-10-01,policy_vacc,YES,Adults with chronic conditions,3,2024
MDG,2024-10-01,policy_vacc,YES,Pregnant women,3,2024
MDG,2024-10-01,policy_vacc,YES,Health and care workers,3,2024
MDG,2024-10-01,policy_vacc,YES,Older adults,3,2024
MDG,2024-10-01,policy_vacc,NO,Older adults with chronic conditions,3,2024
MDG,2024-10-01,policy_revacc,YES,Adults,3,2024
MDG,2024-10-01,policy_revacc,YES,Adults with chronic conditions,3,2024
MDG,2024-10-01,policy_revacc,YES,Pregnant women,3,2024
MDG,2024-10-01,policy_revacc,YES,Health and care workers,3,2024
MDG,2024-10-01,policy_revacc,YES,Older adults,3,2024
MDG,2024-10-01,policy_revacc,NO,Older adults with chronic conditions,3,2024
MDG,2024-10-01,policy_revacc_interval,6 mois,Adults,3,2024
MDG,2024-10-01,policy_revacc_interval,6 mois,Adults with chronic conditions,3,2024
MDG,2024-10-01,policy_revacc_interval,12 mois,Pregnant women,3,2024
MDG,2024-10-01,policy_revacc_interval,6 mois,Health and care workers,3,2024
MDG,2024-10-01,policy_revacc_interval,6 mois,Older adults,3,2024
MDG,2025-01-01,policy_revacc_interval,6_MONTHS,Adults with chronic conditions,4,2024
MDG,2025-01-01,policy_revacc_interval,6_MONTHS,Older adults,4,2024
MDG,2025-01-01,policy_revacc_interval,6_MONTHS,Older adults with chronic conditions,4,2024
MDG,2025-01-01,policy_revacc_interval,6_MONTHS,Pregnant women,4,2024
MDG,2025-01-01,policy_revacc_interval,6_MONTHS,Health and care workers,4,2024
MDG,2025-01-01,policy_revacc_interval,6_MONTHS,Adults,4,2024
MDG,2025-01-01,policy_revacc_interval,6_MONTHS,Other groups,4,2024
MDG,2025-01-01,policy_vacc,YES,Adults with chronic conditions,4,2024
MDG,2025-01-01,policy_vacc,YES,Older adults,4,2024
MDG,2025-01-01,policy_vacc,YES,Older adults with chronic conditions,4,2024
MDG,2025-01-01,policy_vacc,YES,Pregnant women,4,2024
MDG,2025-01-01,policy_vacc,YES,Health and care workers,4,2024
MDG,2025-01-01,policy_vacc,NO,Children & adolescents,4,2024
MDG,2025-01-01,policy_vacc,YES,Adults,4,2024
MDG,2025-01-01,policy_vacc,NO,Child. & ado. with chronic conditions,4,2024
MDG,2025-01-01,policy_vacc,YES,Other groups,4,2024
MDG,2025-01-01,policy_revacc,YES,Adults with chronic conditions,4,2024
MDG,2025-01-01,policy_revacc,YES,Older adults,4,2024
MDG,2025-01-01,policy_revacc,YES,Older adults with chronic conditions,4,2024
MDG,2025-01-01,policy_revacc,YES,Pregnant women,4,2024
MDG,2025-01-01,policy_revacc,YES,Health and care workers,4,2024
MDG,2025-01-01,policy_revacc,NO,Children & adolescents,4,2024
MDG,2025-01-01,policy_revacc,YES,Adults,4,2024
MDG,2025-01-01,policy_revacc,NO,Child. & ado. with chronic conditions,4,2024
MDG,2025-01-01,policy_revacc,YES,Other groups,4,2024
MDG,2024-10-01,policy_comment,Personnes 18 ans et plus,Adults,3,2024
MDG,2024-10-01,policy_comment,"Pour les femmes allaitantes, un intervalle de 12 mois après l'administration de la dernière dose est recommandé, conformément aux directives du GTCV du pays.",Pregnant women,3,2024
MDG,2024-10-01,policy_comment,"Le pays a suivi les recommandations de GTCV pays pour la vaccination des groupes prioritaires, tout en conservant le principe de vaccination volontaire.",Health and care workers,3,2024
MDG,2024-10-01,policy_comment,"Le pays a suivi les recommandations de GTCV pays pour la vaccination des groupes prioritaires, tout en conservant le principe de vaccination volontaire.",Older adults,3,2024
MDG,2024-10-01,comment,Arrivage de ce produit le mois d'août 2024,PFI-COMIRNATY-1,3,2024
MDG,2024-10-01,date_product_start,2021-05-08T00:00:00Z,SII-COVISHIELD-1,3,2024
MDG,2024-10-01,date_product_start,2021-07-27T00:00:00Z,JAP-AD26-COV-2.5-1,3,2024
MDG,2024-10-01,date_product_start,2021-10-28T00:00:00Z,BIB-INAC-SARS2-1,3,2024
MDG,2024-10-01,date_product_start,2021-11-25T00:00:00Z,PFI-COMIRNATY-1,3,2024
MDG,2024-10-01,date_product_start,2021-12-26T00:00:00Z,ASZ-AZD1222-1,3,2024
MDG,2024-10-01,status_product_use,NO,SII-COVISHIELD-1,3,2024
MDG,2024-10-01,status_product_use,YES,JAP-AD26-COV-2.5-1,3,2024
MDG,2024-10-01,status_product_use,NO,BIB-INAC-SARS2-1,3,2024
MDG,2024-10-01,status_product_use,YES,PFI-COMIRNATY-1,3,2024
MDG,2024-10-01,status_product_use,NO,ASZ-AZD1222-1,3,2024
THA,2025-01-01,policy_comment,,Adults,4,2024
THA,2025-01-01,policy_comment,,Adults with chronic conditions,4,2024
THA,2025-01-01,policy_comment,,Child. & ado. with chronic conditions,4,2024
THA,2025-01-01,policy_comment,,Children & adolescents,4,2024
THA,2025-01-01,policy_comment,,Health and care workers,4,2024
THA,2025-01-01,policy_comment,,Older adults,4,2024
THA,2025-01-01,policy_comment,,Older adults with chronic conditions,4,2024
THA,2025-01-01,policy_comment,,Other groups,4,2024
THA,2025-01-01,policy_comment,,Pregnant women,4,2024
THA,2025-01-01,policy_revacc,,Adults,4,2024
THA,2025-01-01,policy_revacc,,Adults with chronic conditions,4,2024
THA,2025-01-01,policy_revacc,,Child. & ado. with chronic conditions,4,2024
THA,2025-01-01,policy_revacc,,Children & adolescents,4,2024
THA,2025-01-01,policy_revacc,,Health and care workers,4,2024
THA,2025-01-01,policy_revacc,,Older adults,4,2024
THA,2025-01-01,policy_revacc,,Older adults with chronic conditions,4,2024
THA,2025-01-01,policy_revacc,,Other groups,4,2024
THA,2025-01-01,policy_revacc,,Pregnant women,4,2024
THA,2025-01-01,policy_revacc_interval,,Adults,4,2024
THA,2025-01-01,policy_revacc_interval,,Adults with chronic conditions,4,2024
THA,2025-01-01,policy_revacc_interval,,Child. & ado. with chronic conditions,4,2024
THA,2025-01-01,policy_revacc_interval,,Children & adolescents,4,2024
THA,2025-01-01,policy_revacc_interval,,Health and care workers,4,2024
THA,2025-01-01,policy_revacc_interval,,Older adults,4,2024
THA,2025-01-01,policy_revacc_interval,,Older adults with chronic conditions,4,2024
THA,2025-01-01,policy_revacc_interval,,Other groups,4,2024
THA,2025-01-01,policy_revacc_interval,,Pregnant women,4,2024
THA,2025-01-01,policy_vacc,,Adults,4,2024
THA,2025-01-01,policy_vacc,,Adults with chronic conditions,4,2024
THA,2025-01-01,policy_vacc,,Child. & ado. with chronic conditions,4,2024
THA,2025-01-01,policy_vacc,,Children & adolescents,4,2024
THA,2025-01-01,policy_vacc,,Health and care workers,4,2024
THA,2025-01-01,policy_vacc,,Older adults,4,2024
THA,2025-01-01,policy_vacc,,Older adults with chronic conditions,4,2024
THA,2025-01-01,policy_vacc,,Other groups,4,2024
THA,2025-01-01,policy_vacc,,Pregnant women,4,2024
GMB,2025-01-01,policy_revacc,YES,Older adults,4,2024
GMB,2025-01-01,policy_revacc,YES,Older adults with chronic conditions,4,2024
GMB,2025-01-01,policy_revacc,YES,Adults,4,2024
GMB,2025-01-01,policy_revacc,YES,Adults with chronic conditions,4,2024
GMB,2025-01-01,policy_revacc,YES,Pregnant women,4,2024
GMB,2025-01-01,policy_revacc,YES,Health and care workers,4,2024
GMB,2025-01-01,policy_revacc,YES,Children & adolescents,4,2024
GMB,2025-01-01,policy_vacc,YES,Older adults,4,2024
GMB,2025-01-01,policy_vacc,YES,Older adults with chronic conditions,4,2024
GMB,2025-01-01,policy_vacc,YES,Adults,4,2024
GMB,2025-01-01,policy_vacc,YES,Adults with chronic conditions,4,2024
GMB,2025-01-01,policy_vacc,YES,Pregnant women,4,2024
GMB,2025-01-01,policy_vacc,YES,Health and care workers,4,2024
GMB,2025-01-01,policy_vacc,YES,Children & adolescents,4,2024
GMB,2025-01-01,policy_comment,,Adults,4,2024
GMB,2025-01-01,policy_comment,,Adults with chronic conditions,4,2024
GMB,2025-01-01,policy_comment,,Child. & ado. with chronic conditions,4,2024
GMB,2025-01-01,policy_comment,,Children & adolescents,4,2024
GMB,2025-01-01,policy_comment,,Health and care workers,4,2024
GMB,2025-01-01,policy_comment,,Older adults,4,2024
GMB,2025-01-01,policy_comment,,Older adults with chronic conditions,4,2024
GMB,2025-01-01,policy_comment,,Other groups,4,2024
GMB,2025-01-01,policy_comment,,Pregnant women,4,2024
GMB,2025-01-01,policy_revacc,,Child. & ado. with chronic conditions,4,2024
GMB,2025-01-01,policy_revacc,,Other groups,4,2024
GMB,2025-01-01,policy_revacc_interval,,Child. & ado. with chronic conditions,4,2024
GMB,2025-01-01,policy_revacc_interval,,Other groups,4,2024
GMB,2025-01-01,policy_vacc,,Child. & ado. with chronic conditions,4,2024
GMB,2025-01-01,policy_vacc,,Other groups,4,2024
GMB,2025-01-01,policy_revacc_interval,6_MONTHS,Older adults,4,2024
GMB,2025-01-01,policy_revacc_interval,6_MONTHS,Older adults with chronic conditions,4,2024
GMB,2025-01-01,policy_revacc_interval,6_MONTHS,Adults,4,2024
GMB,2025-01-01,policy_revacc_interval,6_MONTHS,Adults with chronic conditions,4,2024
GMB,2025-01-01,policy_revacc_interval,6_MONTHS,Pregnant women,4,2024
GMB,2025-01-01,policy_revacc_interval,6_MONTHS,Health and care workers,4,2024
GMB,2025-01-01,policy_revacc_interval,12_MONTHS,Children & adolescents,4,2024
MLT,2025-01-01,policy_revacc_interval,12_MONTHS,Older adults,4,2024
MLT,2025-01-01,policy_revacc_interval,12_MONTHS,Older adults with chronic conditions,4,2024
MLT,2025-01-01,policy_revacc_interval,12_MONTHS,Adults,4,2024
MLT,2025-01-01,policy_revacc_interval,12_MONTHS,Adults with chronic conditions,4,2024
MLT,2025-01-01,policy_revacc_interval,12_MONTHS,Pregnant women,4,2024
MLT,2025-01-01,policy_revacc_interval,12_MONTHS,Health and care workers,4,2024
MLT,2025-01-01,policy_revacc_interval,12_MONTHS,Children & adolescents,4,2024
MLT,2025-01-01,policy_revacc_interval,12_MONTHS,Child. & ado. with chronic conditions,4,2024
MLT,2025-01-01,policy_revacc_interval,12_MONTHS,Other groups,4,2024
MLT,2025-01-01,policy_revacc,YES,Older adults,4,2024
MLT,2025-01-01,policy_revacc,YES,Older adults with chronic conditions,4,2024
MLT,2025-01-01,policy_revacc,YES,Adults,4,2024
MLT,2025-01-01,policy_revacc,YES,Adults with chronic conditions,4,2024
MLT,2025-01-01,policy_revacc,YES,Pregnant women,4,2024
MLT,2025-01-01,policy_revacc,YES,Health and care workers,4,2024
MLT,2025-01-01,policy_revacc,YES,Children & adolescents,4,2024
MLT,2025-01-01,policy_revacc,YES,Child. & ado. with chronic conditions,4,2024
MLT,2025-01-01,policy_revacc,YES,Other groups,4,2024
MLT,2025-01-01,policy_vacc,YES,Older adults,4,2024
MLT,2025-01-01,policy_vacc,YES,Older adults with chronic conditions,4,2024
MLT,2025-01-01,policy_vacc,YES,Adults,4,2024
MLT,2025-01-01,policy_vacc,YES,Adults with chronic conditions,4,2024
MLT,2025-01-01,policy_vacc,YES,Pregnant women,4,2024
MLT,2025-01-01,policy_vacc,YES,Health and care workers,4,2024
MLT,2025-01-01,policy_vacc,YES,Children & adolescents,4,2024
MLT,2025-01-01,policy_vacc,YES,Child. & ado. with chronic conditions,4,2024
MLT,2025-01-01,policy_vacc,YES,Other groups,4,2024
MLT,2024-07-01,status_product_use,YES,PFI-COXBB-1,2,2024
MLT,2024-07-01,date_product_start,2023-10-01T00:00:00Z,PFI-COXBB-1,2,2024
MLT,2025-01-01,policy_comment,,Adults,4,2024
MLT,2025-01-01,policy_comment,,Adults with chronic conditions,4,2024
MLT,2025-01-01,policy_comment,,Child. & ado. with chronic conditions,4,2024
MLT,2025-01-01,policy_comment,,Children & adolescents,4,2024
MLT,2025-01-01,policy_comment,,Health and care workers,4,2024
MLT,2025-01-01,policy_comment,,Older adults,4,2024
MLT,2025-01-01,policy_comment,,Older adults with chronic conditions,4,2024
MLT,2025-01-01,policy_comment,,Other groups,4,2024
MLT,2025-01-01,policy_comment,,Pregnant women,4,2024
MLT,2024-04-01,policy_vacc,YES,Older adults,1,2024
MLT,2024-04-01,policy_vacc,YES,Older adults with chronic conditions,1,2024
MLT,2024-04-01,policy_vacc,YES,Adults with chronic conditions,1,2024
MLT,2024-04-01,policy_vacc,YES,Pregnant women,1,2024
MLT,2024-04-01,policy_vacc,YES,Health and care workers,1,2024
MLT,2024-04-01,policy_vacc,YES,Children & adolescents,1,2024
MLT,2024-04-01,policy_vacc,YES,Child. & ado. with chronic conditions,1,2024
MLT,2024-04-01,policy_revacc,YES,Older adults,1,2024
MLT,2024-04-01,policy_revacc,YES,Older adults with chronic conditions,1,2024
MLT,2024-04-01,policy_revacc,YES,Adults with chronic conditions,1,2024
MLT,2024-04-01,policy_revacc,NO,Pregnant women,1,2024
MLT,2024-04-01,policy_revacc,YES,Health and care workers,1,2024
MLT,2024-04-01,policy_revacc,NO,Children & adolescents,1,2024
MLT,2024-04-01,policy_revacc,YES,Child. & ado. with chronic conditions,1,2024
MLT,2024-04-01,policy_comment,"with regards to time frame there is no stipulated interval between booster doses. It depends on the caring consultant of the patient wtih chronic conditions and in the case of older ppl, it is offered as a yearly booster with the flu vaccine, unless otherwise prescribed by the caring physician.",Older adults,1,2024
MLT,2024-04-01,date_product_start,2023-10-01T00:00:00Z,PFI-COXBB-1,1,2024
MLT,2024-04-01,status_product_use,YES,PFI-COXBB-1,1,2024
MLT,2024-07-01,policy_comment,"with regards to time frame there is no stipulated interval between booster doses. It depends on the caring consultant of the patient wtih chronic conditions and in the case of older ppl, it is offered as a yearly booster with the flu vaccine, unless otherwise prescribed by the caring physician.",Older adults,2,2024
MLT,2024-07-01,policy_revacc,YES,Older adults with chronic conditions,2,2024
MLT,2024-07-01,policy_revacc,YES,Adults with chronic conditions,2,2024
MLT,2024-07-01,policy_revacc,NO,Pregnant women,2,2024
MLT,2024-07-01,policy_revacc,YES,Health and care workers,2,2024
MLT,2024-07-01,policy_revacc,NO,Children & adolescents,2,2024
MLT,2024-07-01,policy_revacc,YES,Child. & ado. with chronic conditions,2,2024
MLT,2024-07-01,policy_revacc,YES,Older adults,2,2024
MLT,2024-07-01,policy_vacc,YES,Older adults with chronic conditions,2,2024
MLT,2024-07-01,policy_vacc,YES,Adults with chronic conditions,2,2024
MLT,2024-07-01,policy_vacc,YES,Pregnant women,2,2024
MLT,2024-07-01,policy_vacc,YES,Health and care workers,2,2024
MLT,2024-07-01,policy_vacc,YES,Children & adolescents,2,2024
MLT,2024-07-01,policy_vacc,YES,Child. & ado. with chronic conditions,2,2024
MLT,2024-07-01,policy_vacc,YES,Older adults,2,2024
PRY,2024-10-01,policy_revacc,YES,Older adults,3,2024
PRY,2024-10-01,policy_revacc,YES,Older adults with chronic conditions,3,2024
PRY,2024-10-01,policy_revacc,NO,Adults,3,2024
PRY,2024-10-01,policy_revacc,YES,Adults with chronic conditions,3,2024
PRY,2024-10-01,policy_revacc,YES,Pregnant women,3,2024
PRY,2024-10-01,policy_revacc,YES,Health and care workers,3,2024
PRY,2024-10-01,policy_revacc,NO,Children & adolescents,3,2024
PRY,2024-10-01,policy_revacc,YES,Child. & ado. with chronic conditions,3,2024
PRY,2024-10-01,policy_vacc,YES,Older adults,3,2024
PRY,2024-10-01,policy_vacc,YES,Older adults with chronic conditions,3,2024
PRY,2024-10-01,policy_vacc,NO,Adults,3,2024
PRY,2024-10-01,policy_vacc,YES,Adults with chronic conditions,3,2024
PRY,2024-10-01,policy_vacc,YES,Pregnant women,3,2024
PRY,2024-10-01,policy_vacc,YES,Health and care workers,3,2024
PRY,2024-10-01,policy_vacc,NO,Children & adolescents,3,2024
PRY,2024-10-01,policy_vacc,YES,Child. & ado. with chronic conditions,3,2024
PRY,2024-04-01,date_product_start,2021-03-10T00:00:00Z,SIN-CORONAVAC-1,1,2024
PRY,2024-04-01,date_product_start,2021-05-09T00:00:00Z,MOC-MRNA-1273-1,1,2024
PRY,2024-04-01,date_product_start,2021-07-10T00:00:00Z,PFI-COMIRNATY-1,1,2024
PRY,2024-04-01,date_product_start,2021-02-22T00:00:00Z,GRI-SPUTNIKV-1,1,2024
PRY,2024-04-01,date_product_start,2021-04-10T00:00:00Z,BHB-BECOV2-1,1,2024
PRY,2024-04-01,date_product_start,2021-03-15T00:00:00Z,BIB-INAC-SARS2-1,1,2024
PRY,2024-04-01,date_product_start,2021-03-23T00:00:00Z,ASZ-AZD1222-1,1,2024
PRY,2024-04-01,date_product_start,2021-05-24T00:00:00Z,JUL-HAYAT-1,1,2024
PRY,2024-04-01,status_product_use,NO,SIN-CORONAVAC-1,1,2024
PRY,2024-04-01,status_product_use,YES,MOC-MRNA-1273-1,1,2024
PRY,2024-04-01,status_product_use,YES,PFI-COMIRNATY-1,1,2024
PRY,2024-04-01,status_product_use,NO,GRI-SPUTNIKV-1,1,2024
PRY,2024-04-01,policy_vacc,YES,Older adults,1,2024
PRY,2024-04-01,policy_vacc,YES,Older adults with chronic conditions,1,2024
PRY,2024-04-01,policy_vacc,NO,Adults,1,2024
PRY,2024-04-01,policy_vacc,YES,Adults with chronic conditions,1,2024
PRY,2024-04-01,policy_vacc,YES,Pregnant women,1,2024
PRY,2024-04-01,policy_vacc,YES,Health and care workers,1,2024
PRY,2024-04-01,policy_vacc,NO,Children & adolescents,1,2024
PRY,2024-04-01,policy_vacc,YES,Child. & ado. with chronic conditions,1,2024
PRY,2024-04-01,policy_revacc,YES,Older adults,1,2024
PRY,2024-04-01,policy_revacc,YES,Older adults with chronic conditions,1,2024
PRY,2024-04-01,policy_revacc,NO,Adults,1,2024
PRY,2024-04-01,policy_revacc,YES,Adults with chronic conditions,1,2024
PRY,2024-04-01,policy_revacc,YES,Pregnant women,1,2024
PRY,2024-04-01,policy_revacc,YES,Health and care workers,1,2024
PRY,2024-04-01,policy_revacc,NO,Children & adolescents,1,2024
PRY,2024-04-01,policy_revacc,YES,Child. & ado. with chronic conditions,1,2024
PRY,2024-04-01,policy_revacc_interval,6 - 12,Older adults,1,2024
PRY,2024-04-01,policy_revacc_interval,6 - 12,Older adults with chronic conditions,1,2024
PRY,2024-04-01,policy_revacc_interval,12,Adults with chronic conditions,1,2024
PRY,2024-04-01,policy_revacc_interval,12,Pregnant women,1,2024
PRY,2024-04-01,policy_revacc_interval,12,Health and care workers,1,2024
PRY,2024-04-01,policy_revacc_interval,12,Child. & ado. with chronic conditions,1,2024
PRY,2024-04-01,policy_comment,No se recomienda de forma sistematica,Adults,1,2024
PRY,2024-04-01,policy_comment,En cada embarazo a partir de las 20 semanas de gestación. Sin importar antecedente de vacunación previa.,Pregnant women,1,2024
PRY,2025-01-01,policy_comment,,Adults with chronic conditions,4,2024
PRY,2025-01-01,policy_comment,,Child. & ado. with chronic conditions,4,2024
PRY,2025-01-01,policy_comment,,Children & adolescents,4,2024
PRY,2025-01-01,policy_comment,,Health and care workers,4,2024
PRY,2025-01-01,policy_comment,,Other groups,4,2024
PRY,2025-01-01,policy_revacc_interval,,Adults,4,2024
PRY,2025-01-01,policy_revacc_interval,,Children & adolescents,4,2024
PRY,2025-01-01,policy_revacc_interval,,Other groups,4,2024
PRY,2025-01-01,policy_vacc,,Other groups,4,2024
PRY,2024-07-01,policy_vacc,YES,Older adults,2,2024
PRY,2024-07-01,policy_vacc,YES,Older adults with chronic conditions,2,2024
PRY,2024-07-01,policy_vacc,NO,Adults,2,2024
PRY,2024-07-01,policy_vacc,YES,Adults with chronic conditions,2,2024
PRY,2024-07-01,policy_vacc,YES,Pregnant women,2,2024
PRY,2024-07-01,policy_vacc,YES,Health and care workers,2,2024
PRY,2024-07-01,policy_vacc,NO,Children & adolescents,2,2024
PRY,2024-07-01,policy_vacc,YES,Child. & ado. with chronic conditions,2,2024
PRY,2024-07-01,policy_revacc,YES,Older adults,2,2024
PRY,2024-07-01,policy_revacc,YES,Older adults with chronic conditions,2,2024
PRY,2024-07-01,policy_revacc,NO,Adults,2,2024
PRY,2024-07-01,policy_revacc,YES,Adults with chronic conditions,2,2024
PRY,2024-07-01,policy_revacc,YES,Pregnant women,2,2024
PRY,2024-07-01,policy_revacc,YES,Health and care workers,2,2024
PRY,2024-07-01,policy_revacc,NO,Children & adolescents,2,2024
PRY,2024-07-01,policy_revacc,YES,Child. & ado. with chronic conditions,2,2024
PRY,2024-07-01,policy_comment,No se recomienda de forma sistematica,Adults,2,2024
PRY,2024-07-01,policy_comment,En cada embarazo a partir de las 20 semanas de gestación. Sin importar antecedente de vacunación previa.,Pregnant women,2,2024
PRY,2024-07-01,policy_revacc_interval,6 - 12,Older adults,2,2024
PRY,2024-07-01,policy_revacc_interval,6 - 12,Older adults with chronic conditions,2,2024
PRY,2024-07-01,policy_revacc_interval,12,Adults with chronic conditions,2,2024
PRY,2024-07-01,policy_revacc_interval,12,Pregnant women,2,2024
PRY,2024-07-01,policy_revacc_interval,12,Health and care workers,2,2024
PRY,2024-07-01,policy_revacc_interval,12,Child. & ado. with chronic conditions,2,2024
PRY,2024-07-01,status_product_use,NO,SIN-CORONAVAC-1,2,2024
PRY,2024-07-01,status_product_use,YES,MOC-MRNA-1273-1,2,2024
PRY,2024-07-01,status_product_use,YES,PFI-COMIRNATY-1,2,2024
PRY,2024-07-01,status_product_use,NO,GRI-SPUTNIKV-1,2,2024
PRY,2024-07-01,status_product_use,NO,BHB-BECOV2-1,2,2024
PRY,2024-07-01,status_product_use,NO,BIB-INAC-SARS2-1,2,2024
PRY,2024-07-01,status_product_use,NO,ASZ-AZD1222-1,2,2024
PRY,2024-07-01,status_product_use,NO,JUL-HAYAT-1,2,2024
PRY,2024-07-01,date_product_start,2021-03-10T00:00:00Z,SIN-CORONAVAC-1,2,2024
PRY,2024-07-01,date_product_start,2021-05-09T00:00:00Z,MOC-MRNA-1273-1,2,2024
PRY,2024-07-01,date_product_start,2021-07-10T00:00:00Z,PFI-COMIRNATY-1,2,2024
PRY,2024-07-01,date_product_start,2021-02-22T00:00:00Z,GRI-SPUTNIKV-1,2,2024
PRY,2024-07-01,date_product_start,2021-04-10T00:00:00Z,BHB-BECOV2-1,2,2024
PRY,2024-07-01,date_product_start,2021-03-15T00:00:00Z,BIB-INAC-SARS2-1,2,2024
PRY,2024-07-01,date_product_start,2021-03-23T00:00:00Z,ASZ-AZD1222-1,2,2024
PRY,2024-07-01,date_product_start,2021-05-24T00:00:00Z,JUL-HAYAT-1,2,2024
PRY,2024-04-01,status_product_use,NO,BHB-BECOV2-1,1,2024
PRY,2024-04-01,status_product_use,NO,BIB-INAC-SARS2-1,1,2024
PRY,2024-04-01,status_product_use,NO,ASZ-AZD1222-1,1,2024
PRY,2024-04-01,status_product_use,NO,JUL-HAYAT-1,1,2024
PRY,2025-01-01,policy_vacc,YES,Older adults,4,2024
PRY,2025-01-01,policy_vacc,NO,Adults,4,2024
PRY,2025-01-01,policy_vacc,YES,Adults with chronic conditions,4,2024
PRY,2025-01-01,policy_vacc,YES,Pregnant women,4,2024
PRY,2025-01-01,policy_vacc,YES,Older adults with chronic conditions,4,2024
PRY,2025-01-01,policy_vacc,YES,Health and care workers,4,2024
PRY,2025-01-01,policy_vacc,NO,Children & adolescents,4,2024
PRY,2025-01-01,policy_vacc,YES,Child. & ado. with chronic conditions,4,2024
PRY,2024-10-01,policy_comment,No se recomienda de forma sistematica,Adults,3,2024
PRY,2024-10-01,policy_comment,En cada embarazo a partir de las 20 semanas de gestación. Sin importar antecedente de vacunación previa.,Pregnant women,3,2024
PRY,2024-10-01,policy_revacc_interval,6 - 12,Older adults,3,2024
PRY,2024-10-01,policy_revacc_interval,6 - 12,Older adults with chronic conditions,3,2024
PRY,2024-10-01,policy_revacc_interval,12,Adults with chronic conditions,3,2024
PRY,2024-10-01,policy_revacc_interval,12,Pregnant women,3,2024
PRY,2024-10-01,policy_revacc_interval,12,Health and care workers,3,2024
PRY,2024-10-01,policy_revacc_interval,12,Child. & ado. with chronic conditions,3,2024
PRY,2024-10-01,status_product_use,YES,PFI-COXBB-1,3,2024
PRY,2024-10-01,status_product_use,YES,MOC-SXBB-1,3,2024
PRY,2024-10-01,status_product_use,NO,SIN-CORONAVAC-1,3,2024
PRY,2024-10-01,status_product_use,NO,MOC-MRNA-1273-1,3,2024
PRY,2024-10-01,status_product_use,NO,PFI-COMIRNATY-1,3,2024
PRY,2024-10-01,status_product_use,NO,GRI-SPUTNIKV-1,3,2024
PRY,2024-10-01,status_product_use,NO,BHB-BECOV2-1,3,2024
PRY,2024-10-01,status_product_use,NO,BIB-INAC-SARS2-1,3,2024
PRY,2024-10-01,status_product_use,NO,ASZ-AZD1222-1,3,2024
PRY,2024-10-01,status_product_use,NO,JUL-HAYAT-1,3,2024
PRY,2024-10-01,date_product_start,2024-01-15T00:00:00Z,PFI-COXBB-1,3,2024
PRY,2024-10-01,date_product_start,2024-02-05T00:00:00Z,MOC-SXBB-1,3,2024
PRY,2024-10-01,date_product_start,2021-03-10T00:00:00Z,SIN-CORONAVAC-1,3,2024
PRY,2024-10-01,date_product_start,2024-02-05T00:00:00Z,MOC-MRNA-1273-1,3,2024
PRY,2024-10-01,date_product_start,2021-07-10T00:00:00Z,PFI-COMIRNATY-1,3,2024
PRY,2024-10-01,date_product_start,2021-02-22T00:00:00Z,GRI-SPUTNIKV-1,3,2024
PRY,2024-10-01,date_product_start,2021-04-10T00:00:00Z,BHB-BECOV2-1,3,2024
PRY,2024-10-01,date_product_start,2021-03-15T00:00:00Z,BIB-INAC-SARS2-1,3,2024
PRY,2024-10-01,date_product_start,2021-03-23T00:00:00Z,ASZ-AZD1222-1,3,2024
PRY,2024-10-01,date_product_start,2021-05-24T00:00:00Z,JUL-HAYAT-1,3,2024
PRY,2025-01-01,policy_revacc_interval,OTHER,Older adults,4,2024
PRY,2025-01-01,policy_revacc_interval,12_MONTHS,Adults with chronic conditions,4,2024
PRY,2025-01-01,policy_revacc_interval,12_MONTHS,Pregnant women,4,2024
PRY,2025-01-01,policy_revacc_interval,OTHER,Older adults with chronic conditions,4,2024
PRY,2025-01-01,policy_revacc_interval,12_MONTHS,Health and care workers,4,2024
PRY,2025-01-01,policy_revacc_interval,12_MONTHS,Child. & ado. with chronic conditions,4,2024
PRY,2025-01-01,policy_revacc,YES,Older adults,4,2024
PRY,2025-01-01,policy_revacc,NO,Adults,4,2024
PRY,2025-01-01,policy_revacc,YES,Adults with chronic conditions,4,2024
PRY,2025-01-01,policy_revacc,YES,Pregnant women,4,2024
PRY,2025-01-01,policy_revacc,YES,Older adults with chronic conditions,4,2024
PRY,2025-01-01,policy_revacc,YES,Health and care workers,4,2024
PRY,2025-01-01,policy_revacc,NO,Children & adolescents,4,2024
PRY,2025-01-01,policy_revacc,YES,Child. & ado. with chronic conditions,4,2024
PRY,2025-01-01,policy_revacc,NO,Other groups,4,2024
PRY,2025-01-01,policy_comment,60 años y más,Older adults,4,2024
PRY,2025-01-01,policy_comment,No se recomienda de forma sistemática,Adults,4,2024
PRY,2025-01-01,policy_comment,En cada embarazo a partir de las 20 semanas de gestación. Sin importar  antecedentes de vacunación previa,Pregnant women,4,2024
PRY,2025-01-01,policy_comment,60 años y más,Older adults with chronic conditions,4,2024
ARG,2025-01-01,policy_comment,,Adults,4,2024
ARG,2025-01-01,policy_comment,,Adults with chronic conditions,4,2024
ARG,2025-01-01,policy_comment,,Child. & ado. with chronic conditions,4,2024
ARG,2025-01-01,policy_comment,,Children & adolescents,4,2024
ARG,2025-01-01,policy_comment,,Health and care workers,4,2024
ARG,2025-01-01,policy_comment,,Older adults,4,2024
ARG,2025-01-01,policy_comment,,Older adults with chronic conditions,4,2024
ARG,2025-01-01,policy_comment,,Other groups,4,2024
ARG,2025-01-01,policy_comment,,Pregnant women,4,2024
ARG,2025-01-01,policy_revacc,,Adults,4,2024
ARG,2025-01-01,policy_revacc,,Adults with chronic conditions,4,2024
ARG,2025-01-01,policy_revacc,,Child. & ado. with chronic conditions,4,2024
ARG,2025-01-01,policy_revacc,,Children & adolescents,4,2024
ARG,2025-01-01,policy_revacc,,Health and care workers,4,2024
ARG,2025-01-01,policy_revacc,,Older adults,4,2024
ARG,2025-01-01,policy_revacc,,Older adults with chronic conditions,4,2024
ARG,2025-01-01,policy_revacc,,Other groups,4,2024
ARG,2025-01-01,policy_revacc,,Pregnant women,4,2024
ARG,2025-01-01,policy_revacc_interval,,Adults,4,2024
ARG,2025-01-01,policy_revacc_interval,,Adults with chronic conditions,4,2024
ARG,2025-01-01,policy_revacc_interval,,Child. & ado. with chronic conditions,4,2024
ARG,2025-01-01,policy_revacc_interval,,Children & adolescents,4,2024
ARG,2025-01-01,policy_revacc_interval,,Health and care workers,4,2024
ARG,2025-01-01,policy_revacc_interval,,Older adults,4,2024
ARG,2025-01-01,policy_revacc_interval,,Older adults with chronic conditions,4,2024
ARG,2025-01-01,policy_revacc_interval,,Other groups,4,2024
ARG,2025-01-01,policy_revacc_interval,,Pregnant women,4,2024
ARG,2025-01-01,policy_vacc,,Adults,4,2024
ARG,2025-01-01,policy_vacc,,Adults with chronic conditions,4,2024
ARG,2025-01-01,policy_vacc,,Child. & ado. with chronic conditions,4,2024
ARG,2025-01-01,policy_vacc,,Children & adolescents,4,2024
ARG,2025-01-01,policy_vacc,,Health and care workers,4,2024
ARG,2025-01-01,policy_vacc,,Older adults,4,2024
ARG,2025-01-01,policy_vacc,,Older adults with chronic conditions,4,2024
ARG,2025-01-01,policy_vacc,,Other groups,4,2024
ARG,2025-01-01,policy_vacc,,Pregnant women,4,2024
ARG,2024-07-01,date_product_start,2023-01-01T00:00:00Z,MOC-SBOOB1-2,2,2024
ARG,2024-07-01,date_product_start,2023-01-01T00:00:00Z,PFI-CBOOB1-2,2,2024
ARG,2024-07-01,date_product_start,2024-04-01T00:00:00Z,MOC-SXBB-1,2,2024
ARG,2024-07-01,date_product_start,2021-07-30T00:00:00Z,MOC-MRNA-1273-1,2,2024
ARG,2024-07-01,date_product_start,2021-02-21T00:00:00Z,SII-COVISHIELD-1,2,2024
ARG,2024-07-01,date_product_start,2021-09-16T00:00:00Z,PFI-COMIRNATY-1,2,2024
ARG,2024-07-01,date_product_start,2021-09-03T00:00:00Z,CAB-AD5-NCOV19-1,2,2024
ARG,2024-07-01,date_product_start,2020-12-29T00:00:00Z,GRI-SPUTNIKV-1,2,2024
ARG,2024-07-01,date_product_start,2021-03-02T00:00:00Z,BIB-INAC-SARS2-1,2,2024
ARG,2024-07-01,date_product_start,2021-03-30T00:00:00Z,ASZ-AZD1222-1,2,2024
ARG,2024-04-01,date_product_start,2023-01-01T00:00:00Z,MOC-SBOOB1-2,1,2024
ARG,2024-04-01,date_product_start,2023-01-01T00:00:00Z,PFI-CBOOB1-2,1,2024
ARG,2024-04-01,date_product_start,2024-04-01T00:00:00Z,MOC-SXBB-1,1,2024
ARG,2024-04-01,date_product_start,2021-07-30T00:00:00Z,MOC-MRNA-1273-1,1,2024
ARG,2024-04-01,date_product_start,2021-02-21T00:00:00Z,SII-COVISHIELD-1,1,2024
ARG,2024-04-01,date_product_start,2021-09-16T00:00:00Z,PFI-COMIRNATY-1,1,2024
ARG,2024-04-01,date_product_start,2021-09-03T00:00:00Z,CAB-AD5-NCOV19-1,1,2024
ARG,2024-04-01,date_product_start,2020-12-29T00:00:00Z,GRI-SPUTNIKV-1,1,2024
ARG,2024-04-01,date_product_start,2021-03-02T00:00:00Z,BIB-INAC-SARS2-1,1,2024
ARG,2024-04-01,date_product_start,2021-03-30T00:00:00Z,ASZ-AZD1222-1,1,2024
ARG,2024-04-01,status_product_use,YES,MOC-SBOOB1-2,1,2024
ARG,2024-04-01,status_product_use,YES,PFI-CBOOB1-2,1,2024
ARG,2024-04-01,status_product_use,YES,MOC-SXBB-1,1,2024
ARG,2024-04-01,status_product_use,NO,MOC-MRNA-1273-1,1,2024
ARG,2024-04-01,status_product_use,NO,SII-COVISHIELD-1,1,2024
ARG,2024-04-01,status_product_use,NO,PFI-COMIRNATY-1,1,2024
ARG,2024-04-01,status_product_use,NO,CAB-AD5-NCOV19-1,1,2024
ARG,2024-04-01,status_product_use,NO,GRI-SPUTNIKV-1,1,2024
ARG,2024-04-01,status_product_use,NO,BIB-INAC-SARS2-1,1,2024
ARG,2024-04-01,status_product_use,NO,ASZ-AZD1222-1,1,2024
ARG,2024-04-01,comment,El 12 de marzo de 2022 ANMAT autorizó el uso de vacuna Moderna entre los 6-11 años con dosis de 50 mcg. El 15-07-2022 inicio la vacunación de 6 meses a 3 años con con dosis 25 mcg,MOC-MRNA-1273-1,1,2024
ARG,2024-04-01,comment,El 25 de febrero de 2022 se inició la vacunación pediátrica (5 a 11 años) con vacuna Pfizer pediátrica 10 mcg.,PFI-COMIRNATY-1,1,2024
ARG,2024-07-01,status_product_use,YES,MOC-SBOOB1-2,2,2024
ARG,2024-07-01,status_product_use,YES,PFI-CBOOB1-2,2,2024
ARG,2024-07-01,status_product_use,YES,MOC-SXBB-1,2,2024
ARG,2024-07-01,status_product_use,NO,MOC-MRNA-1273-1,2,2024
ARG,2024-07-01,status_product_use,NO,SII-COVISHIELD-1,2,2024
ARG,2024-07-01,status_product_use,NO,PFI-COMIRNATY-1,2,2024
ARG,2024-07-01,status_product_use,NO,CAB-AD5-NCOV19-1,2,2024
ARG,2024-07-01,status_product_use,NO,GRI-SPUTNIKV-1,2,2024
ARG,2024-07-01,status_product_use,NO,BIB-INAC-SARS2-1,2,2024
ARG,2024-07-01,status_product_use,NO,ASZ-AZD1222-1,2,2024
ARG,2024-07-01,comment,El 12 de marzo de 2022 ANMAT autorizó el uso de vacuna Moderna entre los 6-11 años con dosis de 50 mcg. El 15-07-2022 inicio la vacunación de 6 meses a 3 años con con dosis 25 mcg,MOC-MRNA-1273-1,2,2024
ARG,2024-07-01,comment,El 25 de febrero de 2022 se inició la vacunación pediátrica (5 a 11 años) con vacuna Pfizer pediátrica 10 mcg.,PFI-COMIRNATY-1,2,2024
ARG,2024-07-01,policy_comment,"Cada 12 meses con comorbilidades sin inmunosupresión, cada 6 meses con inmunosupresion",Adults,2,2024
ARG,2024-07-01,policy_comment,Con inmunosupresion,Adults with chronic conditions,2,2024
ARG,2024-07-01,policy_comment,cada 6 meses con inmunosupresion,Child. & ado. with chronic conditions,2,2024
ARG,2024-07-01,policy_revacc_interval,6,Older adults,2,2024
ARG,2024-07-01,policy_revacc_interval,6,Older adults with chronic conditions,2,2024
ARG,2024-07-01,policy_revacc_interval,12,Adults,2,2024
ARG,2024-07-01,policy_revacc_interval,6,Adults with chronic conditions,2,2024
ARG,2024-07-01,policy_revacc_interval,6,Pregnant women,2,2024
ARG,2024-07-01,policy_revacc_interval,12,Health and care workers,2,2024
ARG,2024-07-01,policy_revacc_interval,12,Children & adolescents,2,2024
ARG,2024-07-01,policy_revacc_interval,12,Child. & ado. with chronic conditions,2,2024
ARG,2024-07-01,policy_revacc,YES,Older adults,2,2024
ARG,2024-07-01,policy_revacc,YES,Older adults with chronic conditions,2,2024
ARG,2024-07-01,policy_revacc,YES,Adults,2,2024
ARG,2024-07-01,policy_revacc,YES,Adults with chronic conditions,2,2024
ARG,2024-07-01,policy_revacc,YES,Pregnant women,2,2024
ARG,2024-07-01,policy_revacc,YES,Health and care workers,2,2024
ARG,2024-07-01,policy_revacc,NO,Children & adolescents,2,2024
ARG,2024-07-01,policy_revacc,YES,Child. & ado. with chronic conditions,2,2024
ARG,2024-07-01,policy_revacc,NO,Other groups,2,2024
ARG,2024-07-01,policy_vacc,YES,Older adults,2,2024
ARG,2024-07-01,policy_vacc,YES,Older adults with chronic conditions,2,2024
ARG,2024-07-01,policy_vacc,YES,Adults,2,2024
ARG,2024-07-01,policy_vacc,YES,Adults with chronic conditions,2,2024
ARG,2024-07-01,policy_vacc,YES,Pregnant women,2,2024
ARG,2024-07-01,policy_vacc,YES,Health and care workers,2,2024
ARG,2024-07-01,policy_vacc,YES,Children & adolescents,2,2024
ARG,2024-07-01,policy_vacc,YES,Child. & ado. with chronic conditions,2,2024
ARG,2024-07-01,policy_vacc,NO,Other groups,2,2024
ZWE,2025-01-01,policy_comment,,Adults,4,2024
ZWE,2025-01-01,policy_comment,,Adults with chronic conditions,4,2024
ZWE,2025-01-01,policy_comment,,Child. & ado. with chronic conditions,4,2024
ZWE,2025-01-01,policy_comment,,Children & adolescents,4,2024
ZWE,2025-01-01,policy_comment,,Health and care workers,4,2024
ZWE,2025-01-01,policy_comment,,Older adults,4,2024
ZWE,2025-01-01,policy_comment,,Older adults with chronic conditions,4,2024
ZWE,2025-01-01,policy_comment,,Other groups,4,2024
ZWE,2025-01-01,policy_comment,,Pregnant women,4,2024
ZWE,2025-01-01,policy_revacc,,Adults,4,2024
ZWE,2025-01-01,policy_revacc,,Adults with chronic conditions,4,2024
ZWE,2025-01-01,policy_revacc,,Child. & ado. with chronic conditions,4,2024
ZWE,2025-01-01,policy_revacc,,Children & adolescents,4,2024
ZWE,2025-01-01,policy_revacc,,Health and care workers,4,2024
ZWE,2025-01-01,policy_revacc,,Older adults,4,2024
ZWE,2025-01-01,policy_revacc,,Older adults with chronic conditions,4,2024
ZWE,2025-01-01,policy_revacc,,Other groups,4,2024
ZWE,2025-01-01,policy_revacc,,Pregnant women,4,2024
ZWE,2025-01-01,policy_revacc_interval,,Adults,4,2024
ZWE,2025-01-01,policy_revacc_interval,,Adults with chronic conditions,4,2024
ZWE,2025-01-01,policy_revacc_interval,,Child. & ado. with chronic conditions,4,2024
ZWE,2025-01-01,policy_revacc_interval,,Children & adolescents,4,2024
ZWE,2025-01-01,policy_revacc_interval,,Health and care workers,4,2024
ZWE,2025-01-01,policy_revacc_interval,,Older adults,4,2024
ZWE,2025-01-01,policy_revacc_interval,,Older adults with chronic conditions,4,2024
ZWE,2025-01-01,policy_revacc_interval,,Other groups,4,2024
ZWE,2025-01-01,policy_revacc_interval,,Pregnant women,4,2024
ZWE,2025-01-01,policy_vacc,,Adults,4,2024
ZWE,2025-01-01,policy_vacc,,Adults with chronic conditions,4,2024
ZWE,2025-01-01,policy_vacc,,Child. & ado. with chronic conditions,4,2024
ZWE,2025-01-01,policy_vacc,,Children & adolescents,4,2024
ZWE,2025-01-01,policy_vacc,,Health and care workers,4,2024
ZWE,2025-01-01,policy_vacc,,Older adults,4,2024
ZWE,2025-01-01,policy_vacc,,Older adults with chronic conditions,4,2024
ZWE,2025-01-01,policy_vacc,,Other groups,4,2024
ZWE,2025-01-01,policy_vacc,,Pregnant women,4,2024
DJI,2025-01-01,policy_comment,,Adults,4,2024
DJI,2025-01-01,policy_comment,,Adults with chronic conditions,4,2024
DJI,2025-01-01,policy_comment,,Child. & ado. with chronic conditions,4,2024
DJI,2025-01-01,policy_comment,,Children & adolescents,4,2024
DJI,2025-01-01,policy_comment,,Health and care workers,4,2024
DJI,2025-01-01,policy_comment,,Older adults,4,2024
DJI,2025-01-01,policy_comment,,Older adults with chronic conditions,4,2024
DJI,2025-01-01,policy_comment,,Other groups,4,2024
DJI,2025-01-01,policy_comment,,Pregnant women,4,2024
DJI,2025-01-01,policy_revacc,,Adults,4,2024
DJI,2025-01-01,policy_revacc,,Adults with chronic conditions,4,2024
DJI,2025-01-01,policy_revacc,,Child. & ado. with chronic conditions,4,2024
DJI,2025-01-01,policy_revacc,,Children & adolescents,4,2024
DJI,2025-01-01,policy_revacc,,Health and care workers,4,2024
DJI,2025-01-01,policy_revacc,,Older adults,4,2024
DJI,2025-01-01,policy_revacc,,Older adults with chronic conditions,4,2024
DJI,2025-01-01,policy_revacc,,Other groups,4,2024
DJI,2025-01-01,policy_revacc,,Pregnant women,4,2024
DJI,2025-01-01,policy_revacc_interval,,Adults,4,2024
DJI,2025-01-01,policy_revacc_interval,,Adults with chronic conditions,4,2024
DJI,2025-01-01,policy_revacc_interval,,Child. & ado. with chronic conditions,4,2024
DJI,2025-01-01,policy_revacc_interval,,Children & adolescents,4,2024
DJI,2025-01-01,policy_revacc_interval,,Health and care workers,4,2024
DJI,2025-01-01,policy_revacc_interval,,Older adults,4,2024
DJI,2025-01-01,policy_revacc_interval,,Older adults with chronic conditions,4,2024
DJI,2025-01-01,policy_revacc_interval,,Other groups,4,2024
DJI,2025-01-01,policy_revacc_interval,,Pregnant women,4,2024
DJI,2025-01-01,policy_vacc,,Adults,4,2024
DJI,2025-01-01,policy_vacc,,Adults with chronic conditions,4,2024
DJI,2025-01-01,policy_vacc,,Child. & ado. with chronic conditions,4,2024
DJI,2025-01-01,policy_vacc,,Children & adolescents,4,2024
DJI,2025-01-01,policy_vacc,,Health and care workers,4,2024
DJI,2025-01-01,policy_vacc,,Older adults,4,2024
DJI,2025-01-01,policy_vacc,,Older adults with chronic conditions,4,2024
DJI,2025-01-01,policy_vacc,,Other groups,4,2024
DJI,2025-01-01,policy_vacc,,Pregnant women,4,2024
AUT,2024-10-01,date_product_start,2023-09-05T00:00:00Z,PFI-COXBB-1,3,2024
AUT,2024-10-01,date_product_start,2024-07-22T00:00:00Z,PFI-COJN-1,3,2024
AUT,2024-10-01,status_product_use,YES,PFI-COXBB-1,3,2024
AUT,2024-10-01,status_product_use,YES,PFI-COJN-1,3,2024
AUT,2024-10-01,policy_vacc,YES,Children & adolescents,3,2024
AUT,2024-10-01,policy_vacc,YES,Child. & ado. with chronic conditions,3,2024
AUT,2024-10-01,policy_vacc,YES,Older adults,3,2024
AUT,2024-10-01,policy_vacc,YES,Older adults with chronic conditions,3,2024
AUT,2024-10-01,policy_vacc,YES,Adults,3,2024
AUT,2024-10-01,policy_vacc,YES,Adults with chronic conditions,3,2024
AUT,2024-10-01,policy_vacc,YES,Pregnant women,3,2024
AUT,2024-10-01,policy_vacc,YES,Health and care workers,3,2024
AUT,2024-10-01,policy_comment,12 years and above,Children & adolescents,3,2024
AUT,2025-01-01,policy_comment,,Adults,4,2024
AUT,2025-01-01,policy_comment,,Adults with chronic conditions,4,2024
AUT,2025-01-01,policy_comment,,Health and care workers,4,2024
AUT,2025-01-01,policy_comment,,Older adults with chronic conditions,4,2024
AUT,2025-01-01,policy_comment,,Other groups,4,2024
AUT,2025-01-01,policy_revacc,,Other groups,4,2024
AUT,2025-01-01,policy_revacc_interval,,Other groups,4,2024
AUT,2025-01-01,policy_vacc,,Other groups,4,2024
AUT,2025-01-01,policy_revacc_interval,OTHER,Child. & ado. with chronic conditions,4,2024
AUT,2025-01-01,policy_revacc_interval,OTHER,Older adults,4,2024
AUT,2025-01-01,policy_revacc_interval,OTHER,Older adults with chronic conditions,4,2024
AUT,2025-01-01,policy_revacc_interval,OTHER,Adults,4,2024
AUT,2025-01-01,policy_revacc_interval,OTHER,Adults with chronic conditions,4,2024
AUT,2025-01-01,policy_revacc_interval,OTHER,Pregnant women,4,2024
AUT,2025-01-01,policy_revacc_interval,OTHER,Health and care workers,4,2024
AUT,2025-01-01,policy_revacc_interval,OTHER,Children & adolescents,4,2024
AUT,2025-01-01,policy_comment,according to EMA SmPC,Child. & ado. with chronic conditions,4,2024
AUT,2025-01-01,policy_comment,People 60+ years,Older adults,4,2024
AUT,2025-01-01,policy_comment,2/3 trimester,Pregnant women,4,2024
AUT,2025-01-01,policy_comment,"people 6 months and above generally possible according to EMA SmPC, though recommendation is given for people 12 years and above",Children & adolescents,4,2024
AUT,2024-04-01,date_product_start,2023-11-28T00:00:00Z,MOC-SXBB-1,1,2024
AUT,2024-04-01,date_product_start,2023-11-28T00:00:00Z,NOV-NOXBB-1,1,2024
AUT,2024-04-01,date_product_start,2023-09-05T00:00:00Z,PFI-COXBB-1,1,2024
AUT,2024-04-01,status_product_use,YES,MOC-SXBB-1,1,2024
AUT,2024-04-01,status_product_use,YES,NOV-NOXBB-1,1,2024
AUT,2024-04-01,status_product_use,YES,PFI-COXBB-1,1,2024
AUT,2024-04-01,policy_vacc,YES,Older adults,1,2024
AUT,2024-04-01,policy_vacc,YES,Older adults with chronic conditions,1,2024
AUT,2024-04-01,policy_vacc,YES,Adults,1,2024
AUT,2024-04-01,policy_vacc,YES,Adults with chronic conditions,1,2024
AUT,2024-04-01,policy_vacc,YES,Pregnant women,1,2024
AUT,2024-04-01,policy_vacc,YES,Health and care workers,1,2024
AUT,2024-04-01,policy_vacc,YES,Children & adolescents,1,2024
AUT,2024-04-01,policy_vacc,YES,Child. & ado. with chronic conditions,1,2024
AUT,2024-04-01,policy_comment,12 years and above,Children & adolescents,1,2024
AUT,2024-07-01,policy_vacc,YES,Older adults,2,2024
AUT,2024-07-01,policy_vacc,YES,Older adults with chronic conditions,2,2024
AUT,2024-07-01,policy_vacc,YES,Adults,2,2024
AUT,2024-07-01,policy_vacc,YES,Adults with chronic conditions,2,2024
AUT,2024-07-01,policy_vacc,YES,Pregnant women,2,2024
AUT,2024-07-01,policy_vacc,YES,Health and care workers,2,2024
AUT,2024-07-01,policy_vacc,YES,Children & adolescents,2,2024
AUT,2024-07-01,policy_vacc,YES,Child. & ado. with chronic conditions,2,2024
AUT,2024-07-01,policy_comment,12 years and above,Children & adolescents,2,2024
AUT,2024-07-01,status_product_use,YES,MOC-SXBB-1,2,2024
AUT,2024-07-01,status_product_use,YES,NOV-NOXBB-1,2,2024
AUT,2024-07-01,status_product_use,YES,PFI-COXBB-1,2,2024
AUT,2024-07-01,date_product_start,2023-11-28T00:00:00Z,MOC-SXBB-1,2,2024
AUT,2024-07-01,date_product_start,2023-11-28T00:00:00Z,NOV-NOXBB-1,2,2024
AUT,2024-07-01,date_product_start,2023-09-05T00:00:00Z,PFI-COXBB-1,2,2024
AUT,2025-01-01,policy_revacc,YES,Child. & ado. with chronic conditions,4,2024
AUT,2025-01-01,policy_revacc,YES,Older adults,4,2024
AUT,2025-01-01,policy_revacc,YES,Older adults with chronic conditions,4,2024
AUT,2025-01-01,policy_revacc,YES,Adults,4,2024
AUT,2025-01-01,policy_revacc,YES,Adults with chronic conditions,4,2024
AUT,2025-01-01,policy_revacc,YES,Pregnant women,4,2024
AUT,2025-01-01,policy_revacc,YES,Health and care workers,4,2024
AUT,2025-01-01,policy_revacc,YES,Children & adolescents,4,2024
AUT,2025-01-01,policy_vacc,YES,Child. & ado. with chronic conditions,4,2024
AUT,2025-01-01,policy_vacc,YES,Older adults,4,2024
AUT,2025-01-01,policy_vacc,YES,Older adults with chronic conditions,4,2024
AUT,2025-01-01,policy_vacc,YES,Adults,4,2024
AUT,2025-01-01,policy_vacc,YES,Adults with chronic conditions,4,2024
AUT,2025-01-01,policy_vacc,YES,Pregnant women,4,2024
AUT,2025-01-01,policy_vacc,YES,Health and care workers,4,2024
AUT,2025-01-01,policy_vacc,YES,Children & adolescents,4,2024
GAB,2025-01-01,policy_comment,,Adults,4,2024
GAB,2025-01-01,policy_comment,,Adults with chronic conditions,4,2024
GAB,2025-01-01,policy_comment,,Child. & ado. with chronic conditions,4,2024
GAB,2025-01-01,policy_comment,,Children & adolescents,4,2024
GAB,2025-01-01,policy_comment,,Health and care workers,4,2024
GAB,2025-01-01,policy_comment,,Older adults,4,2024
GAB,2025-01-01,policy_comment,,Older adults with chronic conditions,4,2024
GAB,2025-01-01,policy_comment,,Other groups,4,2024
GAB,2025-01-01,policy_comment,,Pregnant women,4,2024
GAB,2025-01-01,policy_revacc,,Adults,4,2024
GAB,2025-01-01,policy_revacc,,Adults with chronic conditions,4,2024
GAB,2025-01-01,policy_revacc,,Child. & ado. with chronic conditions,4,2024
GAB,2025-01-01,policy_revacc,,Children & adolescents,4,2024
GAB,2025-01-01,policy_revacc,,Health and care workers,4,2024
GAB,2025-01-01,policy_revacc,,Older adults,4,2024
GAB,2025-01-01,policy_revacc,,Older adults with chronic conditions,4,2024
GAB,2025-01-01,policy_revacc,,Other groups,4,2024
GAB,2025-01-01,policy_revacc,,Pregnant women,4,2024
GAB,2025-01-01,policy_revacc_interval,,Adults,4,2024
GAB,2025-01-01,policy_revacc_interval,,Adults with chronic conditions,4,2024
GAB,2025-01-01,policy_revacc_interval,,Child. & ado. with chronic conditions,4,2024
GAB,2025-01-01,policy_revacc_interval,,Children & adolescents,4,2024
GAB,2025-01-01,policy_revacc_interval,,Health and care workers,4,2024
GAB,2025-01-01,policy_revacc_interval,,Older adults,4,2024
GAB,2025-01-01,policy_revacc_interval,,Older adults with chronic conditions,4,2024
GAB,2025-01-01,policy_revacc_interval,,Other groups,4,2024
GAB,2025-01-01,policy_revacc_interval,,Pregnant women,4,2024
GAB,2025-01-01,policy_vacc,,Adults,4,2024
GAB,2025-01-01,policy_vacc,,Adults with chronic conditions,4,2024
GAB,2025-01-01,policy_vacc,,Child. & ado. with chronic conditions,4,2024
GAB,2025-01-01,policy_vacc,,Children & adolescents,4,2024
GAB,2025-01-01,policy_vacc,,Health and care workers,4,2024
GAB,2025-01-01,policy_vacc,,Older adults,4,2024
GAB,2025-01-01,policy_vacc,,Older adults with chronic conditions,4,2024
GAB,2025-01-01,policy_vacc,,Other groups,4,2024
GAB,2025-01-01,policy_vacc,,Pregnant women,4,2024
TUR,2025-01-01,policy_comment,,Adults,4,2024
TUR,2025-01-01,policy_comment,,Adults with chronic conditions,4,2024
TUR,2025-01-01,policy_comment,,Child. & ado. with chronic conditions,4,2024
TUR,2025-01-01,policy_comment,,Children & adolescents,4,2024
TUR,2025-01-01,policy_comment,,Health and care workers,4,2024
TUR,2025-01-01,policy_comment,,Older adults,4,2024
TUR,2025-01-01,policy_comment,,Older adults with chronic conditions,4,2024
TUR,2025-01-01,policy_comment,,Other groups,4,2024
TUR,2025-01-01,policy_comment,,Pregnant women,4,2024
TUR,2025-01-01,policy_revacc,,Adults,4,2024
TUR,2025-01-01,policy_revacc,,Adults with chronic conditions,4,2024
TUR,2025-01-01,policy_revacc,,Child. & ado. with chronic conditions,4,2024
TUR,2025-01-01,policy_revacc,,Children & adolescents,4,2024
TUR,2025-01-01,policy_revacc,,Health and care workers,4,2024
TUR,2025-01-01,policy_revacc,,Older adults,4,2024
TUR,2025-01-01,policy_revacc,,Older adults with chronic conditions,4,2024
TUR,2025-01-01,policy_revacc,,Other groups,4,2024
TUR,2025-01-01,policy_revacc,,Pregnant women,4,2024
TUR,2025-01-01,policy_revacc_interval,,Adults,4,2024
TUR,2025-01-01,policy_revacc_interval,,Adults with chronic conditions,4,2024
TUR,2025-01-01,policy_revacc_interval,,Child. & ado. with chronic conditions,4,2024
TUR,2025-01-01,policy_revacc_interval,,Children & adolescents,4,2024
TUR,2025-01-01,policy_revacc_interval,,Health and care workers,4,2024
TUR,2025-01-01,policy_revacc_interval,,Older adults,4,2024
TUR,2025-01-01,policy_revacc_interval,,Older adults with chronic conditions,4,2024
TUR,2025-01-01,policy_revacc_interval,,Other groups,4,2024
TUR,2025-01-01,policy_revacc_interval,,Pregnant women,4,2024
TUR,2025-01-01,policy_vacc,,Adults,4,2024
TUR,2025-01-01,policy_vacc,,Adults with chronic conditions,4,2024
TUR,2025-01-01,policy_vacc,,Child. & ado. with chronic conditions,4,2024
TUR,2025-01-01,policy_vacc,,Children & adolescents,4,2024
TUR,2025-01-01,policy_vacc,,Health and care workers,4,2024
TUR,2025-01-01,policy_vacc,,Older adults,4,2024
TUR,2025-01-01,policy_vacc,,Older adults with chronic conditions,4,2024
TUR,2025-01-01,policy_vacc,,Other groups,4,2024
TUR,2025-01-01,policy_vacc,,Pregnant women,4,2024
CYM,2024-07-01,policy_revacc,NO,Older adults,2,2024
CYM,2024-07-01,policy_revacc,YES,Older adults with chronic conditions,2,2024
CYM,2024-07-01,policy_revacc,NO,Adults,2,2024
CYM,2024-07-01,policy_revacc,YES,Adults with chronic conditions,2,2024
CYM,2024-07-01,policy_revacc,NO,Pregnant women,2,2024
CYM,2024-07-01,policy_revacc,YES,Health and care workers,2,2024
CYM,2024-07-01,policy_revacc,NO,Children & adolescents,2,2024
CYM,2024-07-01,policy_revacc,NO,Child. & ado. with chronic conditions,2,2024
CYM,2024-07-01,policy_vacc,YES,Older adults,2,2024
CYM,2024-07-01,policy_vacc,YES,Older adults with chronic conditions,2,2024
CYM,2024-07-01,policy_vacc,YES,Adults,2,2024
CYM,2024-07-01,policy_vacc,YES,Adults with chronic conditions,2,2024
CYM,2024-07-01,policy_vacc,YES,Pregnant women,2,2024
CYM,2024-07-01,policy_vacc,YES,Health and care workers,2,2024
CYM,2024-07-01,policy_vacc,YES,Child. & ado. with chronic conditions,2,2024
CYM,2024-07-01,policy_comment,When Indicated,Older adults with chronic conditions,2,2024
CYM,2024-07-01,policy_comment,When Indicated,Adults with chronic conditions,2,2024
CYM,2024-07-01,policy_comment,When Indicated,Health and care workers,2,2024
CYM,2024-07-01,policy_comment,For immigration purposes,Other groups,2,2024
CYM,2024-07-01,policy_revacc_interval,6M,Older adults with chronic conditions,2,2024
CYM,2024-07-01,policy_revacc_interval,6M,Adults with chronic conditions,2,2024
CYM,2024-07-01,policy_revacc_interval,6M,Health and care workers,2,2024
CYM,2024-07-01,comment,Out of Stock,MOC-SXBB-1,2,2024
CYM,2024-07-01,status_product_use,NO,MOC-SXBB-1,2,2024
CYM,2024-07-01,status_product_use,YES,PFI-COXBB-1,2,2024
CYM,2024-07-01,date_product_start,2024-01-13T00:00:00Z,MOC-SXBB-1,2,2024
CYM,2024-07-01,date_product_start,2024-01-13T00:00:00Z,PFI-COXBB-1,2,2024
CYM,2024-10-01,policy_comment,When Indicated,Older adults with chronic conditions,3,2024
CYM,2024-10-01,policy_comment,When Indicated,Adults with chronic conditions,3,2024
CYM,2024-10-01,policy_comment,When Indicated,Health and care workers,3,2024
CYM,2024-10-01,policy_comment,For immigration purposes,Other groups,3,2024
CYM,2024-10-01,policy_vacc,YES,Older adults,3,2024
CYM,2024-10-01,policy_vacc,YES,Older adults with chronic conditions,3,2024
CYM,2024-10-01,policy_vacc,YES,Adults,3,2024
CYM,2024-10-01,policy_vacc,YES,Adults with chronic conditions,3,2024
CYM,2024-10-01,policy_vacc,YES,Pregnant women,3,2024
CYM,2024-10-01,policy_vacc,YES,Health and care workers,3,2024
CYM,2024-10-01,policy_vacc,YES,Child. & ado. with chronic conditions,3,2024
CYM,2024-10-01,policy_revacc,NO,Older adults,3,2024
CYM,2024-10-01,policy_revacc,YES,Older adults with chronic conditions,3,2024
CYM,2024-10-01,policy_revacc,NO,Adults,3,2024
CYM,2024-10-01,policy_revacc,YES,Adults with chronic conditions,3,2024
CYM,2024-10-01,policy_revacc,NO,Pregnant women,3,2024
CYM,2024-10-01,policy_revacc,YES,Health and care workers,3,2024
CYM,2024-10-01,policy_revacc,NO,Children & adolescents,3,2024
CYM,2024-10-01,policy_revacc,NO,Child. & ado. with chronic conditions,3,2024
CYM,2024-10-01,policy_revacc_interval,6M,Older adults with chronic conditions,3,2024
CYM,2024-10-01,policy_revacc_interval,6M,Adults with chronic conditions,3,2024
CYM,2024-10-01,policy_revacc_interval,6M,Health and care workers,3,2024
CYM,2024-10-01,date_product_start,2024-01-13T00:00:00Z,MOC-SXBB-1,3,2024
CYM,2024-10-01,date_product_start,2024-01-13T00:00:00Z,PFI-COXBB-1,3,2024
CYM,2024-10-01,comment,Out of Stock,MOC-SXBB-1,3,2024
CYM,2024-10-01,status_product_use,NO,MOC-SXBB-1,3,2024
CYM,2024-10-01,status_product_use,YES,PFI-COXBB-1,3,2024
URY,2024-10-01,comment,Se dejó de utilizar con la introducción de XBB.1.5 en 2024,PFI-COMIRNATY-1,3,2024
URY,2024-10-01,comment,"Campaña 2024: Mayores de 50 en general, menores de 50 años con comorbilidades de moderado y alto riesgo para covid-19 grave",PFI-COXBB-1,3,2024
URY,2024-10-01,comment,"Se inicia con vacunadores y población menor de 60 años, ampliandose la autorización hasta 70 años inclusive",SIN-CORONAVAC-1,3,2024
URY,2024-10-01,comment,La vacunación se realiza en mayores de 60 años,ASZ-AZD1222-1,3,2024
URY,2024-10-01,date_product_start,2021-02-01T00:00:00Z,PFI-COMIRNATY-1,3,2024
URY,2024-10-01,date_product_start,2024-01-01T00:00:00Z,PFI-COXBB-1,3,2024
URY,2024-10-01,date_product_start,2021-02-27T00:00:00Z,SIN-CORONAVAC-1,3,2024
URY,2024-10-01,date_product_start,2021-04-17T00:00:00Z,ASZ-AZD1222-1,3,2024
URY,2024-10-01,status_product_use,NO,PFI-COMIRNATY-1,3,2024
URY,2024-10-01,status_product_use,YES,PFI-COXBB-1,3,2024
URY,2024-10-01,status_product_use,NO,SIN-CORONAVAC-1,3,2024
URY,2024-10-01,status_product_use,NO,ASZ-AZD1222-1,3,2024
URY,2024-10-01,policy_revacc_interval,Al menos 4 meses después de la última dosis o cursar infección,Older adults,3,2024
URY,2024-10-01,policy_revacc_interval,Al menos 4 meses después de la última dosis o cursar infección,Older adults with chronic conditions,3,2024
URY,2024-10-01,policy_revacc_interval,Al menos 4 meses después de la última dosis o cursar infección,Adults with chronic conditions,3,2024
URY,2024-10-01,policy_revacc_interval,"En cada embarazo, independientemente del número de dosis previamente recibida",Pregnant women,3,2024
URY,2024-10-01,policy_revacc_interval,"Si criterio de riesgo, al menos 4 meses después de la última dosis o cursar infección",Child. & ado. with chronic conditions,3,2024
URY,2024-10-01,policy_vacc,YES,Older adults,3,2024
URY,2024-10-01,policy_vacc,YES,Older adults with chronic conditions,3,2024
URY,2024-10-01,policy_vacc,NO,Adults,3,2024
URY,2024-10-01,policy_vacc,YES,Adults with chronic conditions,3,2024
URY,2024-10-01,policy_vacc,YES,Pregnant women,3,2024
URY,2024-10-01,policy_vacc,YES,Child. & ado. with chronic conditions,3,2024
URY,2025-01-01,policy_revacc_interval,6_MONTHS,Adults with chronic conditions,4,2024
URY,2025-01-01,policy_revacc_interval,OTHER,Pregnant women,4,2024
URY,2025-01-01,policy_revacc_interval,6_MONTHS,Health and care workers,4,2024
URY,2025-01-01,policy_revacc_interval,6_MONTHS,Child. & ado. with chronic conditions,4,2024
URY,2025-01-01,policy_revacc_interval,6_MONTHS,Other groups,4,2024
URY,2025-01-01,policy_revacc_interval,6_MONTHS,Older adults,4,2024
URY,2025-01-01,policy_revacc_interval,6_MONTHS,Older adults with chronic conditions,4,2024
URY,2025-01-01,policy_revacc_interval,6_MONTHS,Adults,4,2024
URY,2025-01-01,policy_revacc,YES,Adults with chronic conditions,4,2024
URY,2025-01-01,policy_revacc,YES,Pregnant women,4,2024
URY,2025-01-01,policy_revacc,YES,Health and care workers,4,2024
URY,2025-01-01,policy_revacc,NO,Children & adolescents,4,2024
URY,2025-01-01,policy_revacc,YES,Child. & ado. with chronic conditions,4,2024
URY,2025-01-01,policy_revacc,YES,Other groups,4,2024
URY,2025-01-01,policy_revacc,YES,Older adults,4,2024
URY,2025-01-01,policy_revacc,YES,Older adults with chronic conditions,4,2024
URY,2025-01-01,policy_revacc,NO,Adults,4,2024
URY,2025-01-01,policy_comment,En función del riesgo individual,Health and care workers,4,2024
URY,2025-01-01,policy_comment,Con enfermedades asociadas a mayor riesgo de COVID-19 grave a partir de los 5 años,Child. & ado. with chronic conditions,4,2024
URY,2025-01-01,policy_comment,"Inmunodeprimidos, Sd. de Down, Hemodiálisis, trasplantados",Other groups,4,2024
URY,2025-01-01,policy_comment,Mayores de 65 años,Older adults,4,2024
URY,2024-07-01,date_product_start,2021-02-01T00:00:00Z,PFI-COMIRNATY-1,2,2024
URY,2024-07-01,date_product_start,2024-01-01T00:00:00Z,PFI-COXBB-1,2,2024
URY,2024-07-01,date_product_start,2021-02-27T00:00:00Z,SIN-CORONAVAC-1,2,2024
URY,2024-07-01,date_product_start,2021-04-17T00:00:00Z,ASZ-AZD1222-1,2,2024
URY,2024-07-01,status_product_use,NO,PFI-COMIRNATY-1,2,2024
URY,2024-07-01,status_product_use,YES,PFI-COXBB-1,2,2024
URY,2024-07-01,status_product_use,NO,SIN-CORONAVAC-1,2,2024
URY,2024-07-01,status_product_use,NO,ASZ-AZD1222-1,2,2024
URY,2024-07-01,comment,Se dejó de utilizar con la introducción de XBB.1.5 en 2024,PFI-COMIRNATY-1,2,2024
URY,2024-07-01,comment,"Campaña 2024: Mayores de 50 en general, menores de 50 años con comorbilidades de moderado y alto riesgo para covid-19 grave",PFI-COXBB-1,2,2024
URY,2024-07-01,comment,"Se inicia con vacunadores y población menor de 60 años, ampliandose la autorización hasta 70 años inclusive",SIN-CORONAVAC-1,2,2024
URY,2024-07-01,comment,La vacunación se realiza en mayores de 60 años,ASZ-AZD1222-1,2,2024
URY,2025-01-01,policy_vacc,YES,Adults with chronic conditions,4,2024
URY,2025-01-01,policy_vacc,YES,Pregnant women,4,2024
URY,2025-01-01,policy_vacc,YES,Health and care workers,4,2024
URY,2025-01-01,policy_vacc,NO,Children & adolescents,4,2024
URY,2025-01-01,policy_vacc,YES,Child. & ado. with chronic conditions,4,2024
URY,2025-01-01,policy_vacc,YES,Other groups,4,2024
URY,2025-01-01,policy_vacc,YES,Older adults,4,2024
URY,2025-01-01,policy_vacc,YES,Older adults with chronic conditions,4,2024
URY,2025-01-01,policy_vacc,NO,Adults,4,2024
URY,2024-07-01,policy_revacc_interval,Al menos 6 meses después de la última dosis o cursar infección,Adults with chronic conditions,2,2024
URY,2024-07-01,policy_revacc_interval,Al menos 6 meses después de la última dosis o cursar infección,Pregnant women,2,2024
URY,2024-07-01,policy_revacc_interval,"Si criterio de riesgo, al menos 6 meses después de la última dosis o cursar infección",Child. & ado. with chronic conditions,2,2024
URY,2024-07-01,policy_revacc_interval,Al menos 6 meses después de la última dosis o cursar infección,Older adults,2,2024
URY,2024-07-01,policy_revacc_interval,Al menos 6 meses después de la última dosis o cursar infección,Older adults with chronic conditions,2,2024
URY,2024-07-01,policy_vacc,NO,Adults,2,2024
URY,2024-07-01,policy_vacc,YES,Adults with chronic conditions,2,2024
URY,2024-07-01,policy_vacc,YES,Pregnant women,2,2024
URY,2024-07-01,policy_vacc,YES,Child. & ado. with chronic conditions,2,2024
URY,2024-07-01,policy_vacc,YES,Older adults,2,2024
URY,2024-07-01,policy_vacc,YES,Older adults with chronic conditions,2,2024
URY,2025-01-01,policy_comment,,Adults,4,2024
URY,2025-01-01,policy_comment,,Adults with chronic conditions,4,2024
URY,2025-01-01,policy_comment,,Children & adolescents,4,2024
URY,2025-01-01,policy_comment,,Older adults with chronic conditions,4,2024
URY,2025-01-01,policy_comment,,Pregnant women,4,2024
URY,2025-01-01,policy_revacc_interval,,Children & adolescents,4,2024
URY,2024-04-01,status_product_use,YES,PFI-COMIRNATY-1,1,2024
URY,2024-04-01,status_product_use,NO,SIN-CORONAVAC-1,1,2024
URY,2024-04-01,status_product_use,NO,ASZ-AZD1222-1,1,2024
URY,2024-04-01,date_product_start,2021-03-12T00:00:00Z,PFI-COMIRNATY-1,1,2024
URY,2024-04-01,date_product_start,2021-02-27T00:00:00Z,SIN-CORONAVAC-1,1,2024
URY,2024-04-01,date_product_start,2021-04-17T00:00:00Z,ASZ-AZD1222-1,1,2024
URY,2024-04-01,comment,"Campaña 2024: Mayores de 50 en general, menores de 50 años con comorbilidades de moderado y alto riesgo para covid-19 grave",PFI-COMIRNATY-1,1,2024
URY,2024-04-01,comment,"Se inicia con vacunadores y población menor de 60 años, ampliandose la autorización hasta 70 años inclusive",SIN-CORONAVAC-1,1,2024
URY,2024-04-01,comment,La vacunación se realiza en mayores de 60 años,ASZ-AZD1222-1,1,2024
URY,2024-04-01,policy_revacc_interval,Al menos 6 meses después de la última dosis o cursar infección,Older adults,1,2024
URY,2024-04-01,policy_revacc_interval,Al menos 6 meses después de la última dosis o cursar infección,Older adults with chronic conditions,1,2024
URY,2024-04-01,policy_revacc_interval,Al menos 6 meses después de la última dosis o cursar infección,Adults with chronic conditions,1,2024
URY,2024-04-01,policy_revacc_interval,Al menos 6 meses después de la última dosis o cursar infección,Pregnant women,1,2024
URY,2024-04-01,policy_revacc_interval,"Si criterio de riesgo, al menos 6 meses después de la última dosis o cursar infección",Child. & ado. with chronic conditions,1,2024
URY,2024-04-01,policy_vacc,YES,Older adults,1,2024
URY,2024-04-01,policy_vacc,YES,Older adults with chronic conditions,1,2024
URY,2024-04-01,policy_vacc,NO,Adults,1,2024
URY,2024-04-01,policy_vacc,YES,Adults with chronic conditions,1,2024
URY,2024-04-01,policy_vacc,YES,Pregnant women,1,2024
URY,2024-04-01,policy_vacc,YES,Child. & ado. with chronic conditions,1,2024
NER,2024-04-01,policy_vacc,YES,Older adults,1,2024
NER,2024-04-01,policy_vacc,YES,Older adults with chronic conditions,1,2024
NER,2024-04-01,policy_vacc,YES,Adults,1,2024
NER,2024-04-01,policy_vacc,YES,Adults with chronic conditions,1,2024
NER,2024-04-01,policy_vacc,YES,Pregnant women,1,2024
NER,2024-04-01,policy_vacc,YES,Health and care workers,1,2024
NER,2024-04-01,policy_vacc,YES,Children & adolescents,1,2024
NER,2024-04-01,policy_vacc,YES,Child. & ado. with chronic conditions,1,2024
NER,2024-04-01,policy_comment,"A part les séries de doses initialement prévues, la politique n'a pas encore spéficié les cas de renouvellement périodique",Older adults,1,2024
NER,2025-01-01,policy_comment,,Adults,4,2024
NER,2025-01-01,policy_comment,,Adults with chronic conditions,4,2024
NER,2025-01-01,policy_comment,,Child. & ado. with chronic conditions,4,2024
NER,2025-01-01,policy_comment,,Children & adolescents,4,2024
NER,2025-01-01,policy_comment,,Health and care workers,4,2024
NER,2025-01-01,policy_comment,,Older adults,4,2024
NER,2025-01-01,policy_comment,,Older adults with chronic conditions,4,2024
NER,2025-01-01,policy_comment,,Other groups,4,2024
NER,2025-01-01,policy_comment,,Pregnant women,4,2024
NER,2025-01-01,policy_revacc,,Other groups,4,2024
NER,2025-01-01,policy_revacc_interval,,Adults,4,2024
NER,2025-01-01,policy_revacc_interval,,Adults with chronic conditions,4,2024
NER,2025-01-01,policy_revacc_interval,,Child. & ado. with chronic conditions,4,2024
NER,2025-01-01,policy_revacc_interval,,Children & adolescents,4,2024
NER,2025-01-01,policy_revacc_interval,,Health and care workers,4,2024
NER,2025-01-01,policy_revacc_interval,,Older adults,4,2024
NER,2025-01-01,policy_revacc_interval,,Older adults with chronic conditions,4,2024
NER,2025-01-01,policy_revacc_interval,,Other groups,4,2024
NER,2025-01-01,policy_revacc_interval,,Pregnant women,4,2024
NER,2025-01-01,policy_vacc,,Other groups,4,2024
NER,2025-01-01,policy_vacc,NO,Pregnant women,4,2024
NER,2025-01-01,policy_vacc,YES,Health and care workers,4,2024
NER,2025-01-01,policy_vacc,NO,Children & adolescents,4,2024
NER,2025-01-01,policy_vacc,NO,Child. & ado. with chronic conditions,4,2024
NER,2025-01-01,policy_vacc,YES,Older adults,4,2024
NER,2025-01-01,policy_vacc,YES,Older adults with chronic conditions,4,2024
NER,2025-01-01,policy_vacc,YES,Adults,4,2024
NER,2025-01-01,policy_vacc,YES,Adults with chronic conditions,4,2024
NER,2025-01-01,policy_revacc,NO,Pregnant women,4,2024
NER,2025-01-01,policy_revacc,NO,Health and care workers,4,2024
NER,2025-01-01,policy_revacc,NO,Children & adolescents,4,2024
NER,2025-01-01,policy_revacc,NO,Child. & ado. with chronic conditions,4,2024
NER,2025-01-01,policy_revacc,NO,Older adults,4,2024
NER,2025-01-01,policy_revacc,NO,Older adults with chronic conditions,4,2024
NER,2024-04-01,date_product_start,2021-03-29T00:00:00Z,SII-COVISHIELD-1,1,2024
NER,2024-04-01,date_product_start,2022-03-14T00:00:00Z,SIN-CORONAVAC-1,1,2024
NER,2024-04-01,date_product_start,2021-04-14T00:00:00Z,ASZ-AZD1222-1,1,2024
NER,2024-04-01,date_product_start,2021-07-27T00:00:00Z,JAP-AD26-COV-2.5-1,1,2024
NER,2024-04-01,date_product_start,2021-03-21T00:00:00Z,WIB-INAC-SARSCOV2-1,1,2024
NER,2024-04-01,date_product_start,2022-01-08T00:00:00Z,PFI-COMIRNATY-1,1,2024
NER,2024-04-01,status_product_use,NO,SII-COVISHIELD-1,1,2024
NER,2024-04-01,status_product_use,YES,SIN-CORONAVAC-1,1,2024
NER,2024-04-01,status_product_use,NO,ASZ-AZD1222-1,1,2024
NER,2024-04-01,status_product_use,YES,JAP-AD26-COV-2.5-1,1,2024
NER,2024-04-01,status_product_use,NO,WIB-INAC-SARSCOV2-1,1,2024
NER,2024-04-01,status_product_use,NO,PFI-COMIRNATY-1,1,2024
NER,2025-01-01,policy_revacc,NO,Adults,4,2024
NER,2025-01-01,policy_revacc,NO,Adults with chronic conditions,4,2024
CAF,2025-01-01,policy_revacc,YES,Older adults,4,2024
CAF,2025-01-01,policy_revacc,YES,Adults,4,2024
CAF,2025-01-01,policy_revacc,YES,Older adults with chronic conditions,4,2024
CAF,2025-01-01,policy_revacc,YES,Adults with chronic conditions,4,2024
CAF,2025-01-01,policy_revacc,YES,Health and care workers,4,2024
CAF,2025-01-01,policy_revacc,YES,Children & adolescents,4,2024
CAF,2025-01-01,policy_revacc,YES,Child. & ado. with chronic conditions,4,2024
CAF,2025-01-01,policy_revacc,NO,Other groups,4,2024
CAF,2025-01-01,policy_vacc,YES,Older adults,4,2024
CAF,2025-01-01,policy_vacc,YES,Adults,4,2024
CAF,2025-01-01,policy_vacc,YES,Older adults with chronic conditions,4,2024
CAF,2025-01-01,policy_vacc,YES,Adults with chronic conditions,4,2024
CAF,2025-01-01,policy_vacc,YES,Health and care workers,4,2024
CAF,2025-01-01,policy_vacc,YES,Children & adolescents,4,2024
CAF,2025-01-01,policy_vacc,YES,Child. & ado. with chronic conditions,4,2024
CAF,2025-01-01,policy_vacc,NO,Other groups,4,2024
CAF,2025-01-01,policy_revacc_interval,12_MONTHS,Older adults,4,2024
CAF,2025-01-01,policy_revacc_interval,12_MONTHS,Adults,4,2024
CAF,2025-01-01,policy_revacc_interval,12_MONTHS,Older adults with chronic conditions,4,2024
CAF,2025-01-01,policy_revacc_interval,12_MONTHS,Adults with chronic conditions,4,2024
CAF,2025-01-01,policy_revacc_interval,12_MONTHS,Health and care workers,4,2024
CAF,2025-01-01,policy_revacc_interval,12_MONTHS,Children & adolescents,4,2024
CAF,2025-01-01,policy_revacc_interval,12_MONTHS,Child. & ado. with chronic conditions,4,2024
CAF,2025-01-01,policy_revacc_interval,12_MONTHS,Other groups,4,2024
CAF,2025-01-01,policy_comment,,Adults,4,2024
CAF,2025-01-01,policy_comment,,Adults with chronic conditions,4,2024
CAF,2025-01-01,policy_comment,,Child. & ado. with chronic conditions,4,2024
CAF,2025-01-01,policy_comment,,Children & adolescents,4,2024
CAF,2025-01-01,policy_comment,,Health and care workers,4,2024
CAF,2025-01-01,policy_comment,,Older adults,4,2024
CAF,2025-01-01,policy_comment,,Older adults with chronic conditions,4,2024
CAF,2025-01-01,policy_comment,,Other groups,4,2024
CAF,2025-01-01,policy_comment,,Pregnant women,4,2024
CAF,2025-01-01,policy_revacc,,Pregnant women,4,2024
CAF,2025-01-01,policy_revacc_interval,,Pregnant women,4,2024
CAF,2025-01-01,policy_vacc,,Pregnant women,4,2024
CAF,2024-10-01,policy_revacc_interval,28 jours,Older adults,3,2024
CAF,2024-10-01,policy_revacc_interval,28 jours,Older adults with chronic conditions,3,2024
CAF,2024-10-01,policy_revacc_interval,28 Jours,Adults,3,2024
CAF,2024-10-01,policy_revacc_interval,28 Jours,Adults with chronic conditions,3,2024
CAF,2024-10-01,policy_revacc_interval,28 Jours,Pregnant women,3,2024
CAF,2024-10-01,policy_revacc_interval,28 Jours,Health and care workers,3,2024
CAF,2024-10-01,policy_revacc_interval,28 Jours,Children & adolescents,3,2024
CAF,2024-10-01,policy_revacc_interval,28 Jousr,Child. & ado. with chronic conditions,3,2024
CAF,2024-10-01,policy_revacc,YES,Older adults,3,2024
CAF,2024-10-01,policy_revacc,YES,Older adults with chronic conditions,3,2024
CAF,2024-10-01,policy_revacc,YES,Adults,3,2024
CAF,2024-10-01,policy_revacc,YES,Adults with chronic conditions,3,2024
CAF,2024-10-01,policy_revacc,YES,Pregnant women,3,2024
CAF,2024-10-01,policy_revacc,YES,Health and care workers,3,2024
CAF,2024-10-01,policy_revacc,YES,Children & adolescents,3,2024
CAF,2024-10-01,policy_revacc,YES,Child. & ado. with chronic conditions,3,2024
CAF,2024-10-01,policy_vacc,YES,Older adults,3,2024
CAF,2024-10-01,policy_vacc,YES,Older adults with chronic conditions,3,2024
CAF,2024-10-01,policy_vacc,YES,Adults,3,2024
CAF,2024-10-01,policy_vacc,YES,Adults with chronic conditions,3,2024
CAF,2024-10-01,policy_vacc,YES,Pregnant women,3,2024
CAF,2024-10-01,policy_vacc,YES,Health and care workers,3,2024
CAF,2024-10-01,policy_vacc,YES,Children & adolescents,3,2024
CAF,2024-10-01,policy_vacc,YES,Child. & ado. with chronic conditions,3,2024
CAF,2024-10-01,policy_comment,RAS,Older adults,3,2024
CAF,2024-10-01,policy_comment,RAS,Older adults with chronic conditions,3,2024
CAF,2024-10-01,policy_comment,RAS,Adults,3,2024
CAF,2024-10-01,policy_comment,RAS,Adults with chronic conditions,3,2024
CAF,2024-10-01,policy_comment,RAS,Pregnant women,3,2024
CAF,2024-10-01,policy_comment,RAS,Health and care workers,3,2024
CAF,2024-10-01,policy_comment,RAS,Children & adolescents,3,2024
CAF,2024-10-01,policy_comment,RAS,Child. & ado. with chronic conditions,3,2024
CAF,2024-10-01,status_product_use,YES,BIE-BECOV2-1,3,2024
CAF,2024-10-01,date_product_start,2024-10-26T00:00:00Z,BIE-BECOV2-1,3,2024
WSM,2025-01-01,policy_vacc,YES,Older adults,4,2024
WSM,2025-01-01,policy_vacc,YES,Older adults with chronic conditions,4,2024
WSM,2025-01-01,policy_vacc,NO,Adults,4,2024
WSM,2025-01-01,policy_vacc,YES,Adults with chronic conditions,4,2024
WSM,2025-01-01,policy_vacc,YES,Pregnant women,4,2024
WSM,2025-01-01,policy_vacc,YES,Health and care workers,4,2024
WSM,2025-01-01,policy_vacc,NO,Children & adolescents,4,2024
WSM,2025-01-01,policy_vacc,YES,Child. & ado. with chronic conditions,4,2024
WSM,2025-01-01,policy_revacc_interval,12_MONTHS,Older adults,4,2024
WSM,2025-01-01,policy_revacc_interval,12_MONTHS,Older adults with chronic conditions,4,2024
WSM,2025-01-01,policy_revacc_interval,12_MONTHS,Adults,4,2024
WSM,2025-01-01,policy_revacc_interval,6_MONTHS,Adults with chronic conditions,4,2024
WSM,2025-01-01,policy_revacc_interval,12_MONTHS,Pregnant women,4,2024
WSM,2025-01-01,policy_revacc_interval,12_MONTHS,Health and care workers,4,2024
WSM,2025-01-01,policy_revacc_interval,6_MONTHS,Child. & ado. with chronic conditions,4,2024
WSM,2025-01-01,policy_revacc,YES,Older adults,4,2024
WSM,2025-01-01,policy_revacc,YES,Older adults with chronic conditions,4,2024
WSM,2025-01-01,policy_revacc,YES,Adults,4,2024
WSM,2025-01-01,policy_revacc,YES,Adults with chronic conditions,4,2024
WSM,2025-01-01,policy_revacc,YES,Pregnant women,4,2024
WSM,2025-01-01,policy_revacc,YES,Health and care workers,4,2024
WSM,2025-01-01,policy_revacc,NO,Children & adolescents,4,2024
WSM,2025-01-01,policy_revacc,YES,Child. & ado. with chronic conditions,4,2024
WSM,2025-01-01,policy_comment,,Adults,4,2024
WSM,2025-01-01,policy_comment,,Adults with chronic conditions,4,2024
WSM,2025-01-01,policy_comment,,Child. & ado. with chronic conditions,4,2024
WSM,2025-01-01,policy_comment,,Children & adolescents,4,2024
WSM,2025-01-01,policy_comment,,Health and care workers,4,2024
WSM,2025-01-01,policy_comment,,Older adults,4,2024
WSM,2025-01-01,policy_comment,,Older adults with chronic conditions,4,2024
WSM,2025-01-01,policy_comment,,Other groups,4,2024
WSM,2025-01-01,policy_comment,,Pregnant women,4,2024
WSM,2025-01-01,policy_revacc,,Other groups,4,2024
WSM,2025-01-01,policy_revacc_interval,,Children & adolescents,4,2024
WSM,2025-01-01,policy_revacc_interval,,Other groups,4,2024
WSM,2025-01-01,policy_vacc,,Other groups,4,2024
ROU,2024-07-01,policy_revacc_interval,3 months,Health and care workers,2,2024
ROU,2024-07-01,policy_revacc_interval,3 months,Children & adolescents,2,2024
ROU,2024-07-01,policy_revacc_interval,3 months,Child. & ado. with chronic conditions,2,2024
ROU,2024-07-01,policy_revacc_interval,2 months,Other groups,2,2024
ROU,2024-07-01,policy_revacc_interval,3 months,Older adults,2,2024
ROU,2024-07-01,policy_revacc_interval,3 months,Older adults with chronic conditions,2,2024
ROU,2024-07-01,policy_revacc_interval,3 months,Adults,2,2024
ROU,2024-07-01,policy_revacc_interval,3 months,Adults with chronic conditions,2,2024
ROU,2024-07-01,policy_revacc_interval,3 months,Pregnant women,2,2024
ROU,2024-07-01,policy_revacc,YES,Health and care workers,2,2024
ROU,2024-07-01,policy_revacc,YES,Children & adolescents,2,2024
ROU,2024-07-01,policy_revacc,YES,Child. & ado. with chronic conditions,2,2024
ROU,2024-07-01,policy_revacc,YES,Other groups,2,2024
ROU,2024-07-01,policy_revacc,YES,Older adults,2,2024
ROU,2024-07-01,policy_revacc,YES,Older adults with chronic conditions,2,2024
ROU,2024-07-01,policy_revacc,YES,Adults,2,2024
ROU,2024-07-01,policy_revacc,YES,Adults with chronic conditions,2,2024
ROU,2024-07-01,policy_revacc,NO,Pregnant women,2,2024
ROU,2024-07-01,policy_vacc,YES,Health and care workers,2,2024
ROU,2024-07-01,policy_vacc,YES,Children & adolescents,2,2024
ROU,2024-07-01,policy_vacc,YES,Child. & ado. with chronic conditions,2,2024
ROU,2024-07-01,policy_vacc,YES,Other groups,2,2024
ROU,2024-07-01,policy_vacc,YES,Older adults,2,2024
ROU,2024-07-01,policy_vacc,YES,Older adults with chronic conditions,2,2024
ROU,2024-07-01,policy_vacc,YES,Adults,2,2024
ROU,2024-07-01,policy_vacc,YES,Adults with chronic conditions,2,2024
ROU,2024-07-01,policy_vacc,YES,Pregnant women,2,2024
ROU,2024-07-01,policy_comment,starting with 12 y.o,Children & adolescents,2,2024
ROU,2024-07-01,policy_comment,immunosupressed,Other groups,2,2024
ROU,2025-01-01,policy_vacc,YES,Older adults,4,2024
ROU,2025-01-01,policy_vacc,YES,Pregnant women,4,2024
ROU,2025-01-01,policy_vacc,YES,Older adults with chronic conditions,4,2024
ROU,2025-01-01,policy_vacc,YES,Health and care workers,4,2024
ROU,2025-01-01,policy_vacc,NO,Children & adolescents,4,2024
ROU,2025-01-01,policy_vacc,YES,Child. & ado. with chronic conditions,4,2024
ROU,2025-01-01,policy_vacc,NO,Other groups,4,2024
ROU,2025-01-01,policy_vacc,NO,Adults,4,2024
ROU,2025-01-01,policy_vacc,YES,Adults with chronic conditions,4,2024
ROU,2024-07-01,status_product_use,YES,PFI-COXBB-1,2,2024
ROU,2024-07-01,status_product_use,YES,MOC-SXBB-1,2,2024
ROU,2024-07-01,date_product_start,2022-11-28T00:00:00Z,PFI-COXBB-1,2,2024
ROU,2024-07-01,date_product_start,2024-01-17T00:00:00Z,MOC-SXBB-1,2,2024
ROU,2025-01-01,policy_comment,,Adults,4,2024
ROU,2025-01-01,policy_comment,,Adults with chronic conditions,4,2024
ROU,2025-01-01,policy_comment,,Child. & ado. with chronic conditions,4,2024
ROU,2025-01-01,policy_comment,,Children & adolescents,4,2024
ROU,2025-01-01,policy_comment,,Health and care workers,4,2024
ROU,2025-01-01,policy_comment,,Older adults,4,2024
ROU,2025-01-01,policy_comment,,Older adults with chronic conditions,4,2024
ROU,2025-01-01,policy_comment,,Other groups,4,2024
ROU,2025-01-01,policy_comment,,Pregnant women,4,2024
ROU,2025-01-01,policy_revacc,,Older adults,4,2024
ROU,2025-01-01,policy_revacc,,Older adults with chronic conditions,4,2024
ROU,2025-01-01,policy_revacc_interval,,Adults,4,2024
ROU,2025-01-01,policy_revacc_interval,,Adults with chronic conditions,4,2024
ROU,2025-01-01,policy_revacc_interval,,Child. & ado. with chronic conditions,4,2024
ROU,2025-01-01,policy_revacc_interval,,Children & adolescents,4,2024
ROU,2025-01-01,policy_revacc_interval,,Health and care workers,4,2024
ROU,2025-01-01,policy_revacc_interval,,Older adults,4,2024
ROU,2025-01-01,policy_revacc_interval,,Older adults with chronic conditions,4,2024
ROU,2025-01-01,policy_revacc_interval,,Other groups,4,2024
ROU,2025-01-01,policy_revacc_interval,,Pregnant women,4,2024
ROU,2025-01-01,policy_revacc,NO,Pregnant women,4,2024
ROU,2025-01-01,policy_revacc,NO,Health and care workers,4,2024
ROU,2025-01-01,policy_revacc,NO,Children & adolescents,4,2024
ROU,2025-01-01,policy_revacc,NO,Child. & ado. with chronic conditions,4,2024
ROU,2025-01-01,policy_revacc,NO,Other groups,4,2024
ROU,2025-01-01,policy_revacc,NO,Adults,4,2024
ROU,2025-01-01,policy_revacc,NO,Adults with chronic conditions,4,2024
QAT,2025-01-01,policy_comment,,Adults,4,2024
QAT,2025-01-01,policy_comment,,Adults with chronic conditions,4,2024
QAT,2025-01-01,policy_comment,,Child. & ado. with chronic conditions,4,2024
QAT,2025-01-01,policy_comment,,Children & adolescents,4,2024
QAT,2025-01-01,policy_comment,,Health and care workers,4,2024
QAT,2025-01-01,policy_comment,,Older adults with chronic conditions,4,2024
QAT,2025-01-01,policy_comment,,Other groups,4,2024
QAT,2025-01-01,policy_comment,,Pregnant women,4,2024
QAT,2025-01-01,policy_revacc,,Adults,4,2024
QAT,2025-01-01,policy_revacc,,Children & adolescents,4,2024
QAT,2025-01-01,policy_revacc,,Health and care workers,4,2024
QAT,2025-01-01,policy_revacc,,Other groups,4,2024
QAT,2025-01-01,policy_revacc,,Pregnant women,4,2024
QAT,2025-01-01,policy_revacc_interval,,Adults,4,2024
QAT,2025-01-01,policy_revacc_interval,,Children & adolescents,4,2024
QAT,2025-01-01,policy_revacc_interval,,Health and care workers,4,2024
QAT,2025-01-01,policy_revacc_interval,,Other groups,4,2024
QAT,2025-01-01,policy_revacc_interval,,Pregnant women,4,2024
QAT,2024-04-01,comment,last stock will expired on: 30-june-2024  -,MOC-SBOOB1-1,1,2024
QAT,2024-04-01,date_product_start,2022-11-07T00:00:00Z,MOC-SBOOB1-1,1,2024
QAT,2024-04-01,status_product_use,YES,MOC-SBOOB1-1,1,2024
QAT,2025-01-01,policy_comment,50+ years,Older adults,4,2024
QAT,2025-01-01,policy_revacc,YES,Older adults,4,2024
QAT,2025-01-01,policy_revacc,YES,Older adults with chronic conditions,4,2024
QAT,2025-01-01,policy_revacc,YES,Adults with chronic conditions,4,2024
QAT,2025-01-01,policy_revacc,YES,Child. & ado. with chronic conditions,4,2024
QAT,2025-01-01,policy_revacc_interval,12_MONTHS,Older adults,4,2024
QAT,2025-01-01,policy_revacc_interval,12_MONTHS,Older adults with chronic conditions,4,2024
QAT,2025-01-01,policy_revacc_interval,12_MONTHS,Adults with chronic conditions,4,2024
QAT,2025-01-01,policy_revacc_interval,12_MONTHS,Child. & ado. with chronic conditions,4,2024
QAT,2025-01-01,policy_vacc,YES,Older adults,4,2024
QAT,2025-01-01,policy_vacc,YES,Older adults with chronic conditions,4,2024
QAT,2025-01-01,policy_vacc,YES,Adults with chronic conditions,4,2024
QAT,2025-01-01,policy_vacc,NO,Pregnant women,4,2024
QAT,2025-01-01,policy_vacc,NO,Adults,4,2024
QAT,2025-01-01,policy_vacc,NO,Other groups,4,2024
QAT,2025-01-01,policy_vacc,NO,Health and care workers,4,2024
QAT,2025-01-01,policy_vacc,NO,Children & adolescents,4,2024
QAT,2025-01-01,policy_vacc,YES,Child. & ado. with chronic conditions,4,2024
QAT,2024-04-01,date_product_start,2020-12-23T00:00:00Z,PFI-COMIRNATY-1,1,2024
QAT,2024-04-01,date_product_start,2021-02-23T00:00:00Z,MOC-MRNA-1273-1,1,2024
QAT,2024-04-01,date_product_start,2021-04-28T00:00:00Z,ASZ-AZD1222-1,1,2024
QAT,2024-04-01,date_product_start,2023-04-06T00:00:00Z,PFI-CBOOB1-2,1,2024
QAT,2024-04-01,status_product_use,NO,PFI-COMIRNATY-1,1,2024
QAT,2024-04-01,status_product_use,NO,MOC-MRNA-1273-1,1,2024
QAT,2024-04-01,status_product_use,NO,ASZ-AZD1222-1,1,2024
QAT,2024-04-01,status_product_use,NO,PFI-CBOOB1-2,1,2024
QAT,2024-04-01,policy_vacc,YES,Older adults,1,2024
QAT,2024-04-01,policy_vacc,YES,Older adults with chronic conditions,1,2024
QAT,2024-04-01,policy_vacc,NO,Adults,1,2024
QAT,2024-04-01,policy_vacc,YES,Adults with chronic conditions,1,2024
QAT,2024-04-01,policy_vacc,NO,Pregnant women,1,2024
QAT,2024-04-01,policy_vacc,NO,Health and care workers,1,2024
QAT,2024-04-01,policy_vacc,NO,Children & adolescents,1,2024
QAT,2024-04-01,policy_vacc,NO,Child. & ado. with chronic conditions,1,2024
QAT,2024-04-01,policy_vacc,NO,Other groups,1,2024
QAT,2024-04-01,policy_revacc,NO,Older adults,1,2024
QAT,2024-04-01,policy_revacc,NO,Older adults with chronic conditions,1,2024
QAT,2024-04-01,policy_revacc,NO,Adults with chronic conditions,1,2024
USA,2024-04-01,policy_vacc,YES,Older adults,1,2024
USA,2024-04-01,policy_vacc,YES,Older adults with chronic conditions,1,2024
USA,2024-04-01,policy_vacc,YES,Adults,1,2024
USA,2024-04-01,policy_vacc,YES,Adults with chronic conditions,1,2024
USA,2024-04-01,policy_vacc,YES,Pregnant women,1,2024
USA,2024-04-01,policy_vacc,YES,Health and care workers,1,2024
USA,2024-04-01,policy_vacc,YES,Children & adolescents,1,2024
USA,2024-04-01,policy_vacc,YES,Child. & ado. with chronic conditions,1,2024
USA,2024-04-01,date_product_start,2021-03-01T00:00:00Z,JAP-AD26-COV-2.5-1,1,2024
USA,2024-04-01,date_product_start,2020-12-21T00:00:00Z,MOC-MRNA-1273-1,1,2024
USA,2024-04-01,date_product_start,2020-12-14T00:00:00Z,PFI-COMIRNATY-1,1,2024
USA,2024-04-01,status_product_use,NO,JAP-AD26-COV-2.5-1,1,2024
USA,2024-04-01,status_product_use,YES,MOC-MRNA-1273-1,1,2024
USA,2024-04-01,status_product_use,YES,PFI-COMIRNATY-1,1,2024
USA,2024-04-01,comment,FDA revoked EUA for Janssen in May 2023,JAP-AD26-COV-2.5-1,1,2024
USA,2024-04-01,comment,"On May 10 2021, authorization expanded to include ages 12year and older.  On Oct 29 2021, authorization expanded to include ages 5 year and older.  On June 18, 2022, authorization expanded to include ages 6 months and older",PFI-COMIRNATY-1,1,2024
USA,2025-01-01,policy_comment,,Adults,4,2024
USA,2025-01-01,policy_comment,,Adults with chronic conditions,4,2024
USA,2025-01-01,policy_comment,,Child. & ado. with chronic conditions,4,2024
USA,2025-01-01,policy_comment,,Children & adolescents,4,2024
USA,2025-01-01,policy_comment,,Health and care workers,4,2024
USA,2025-01-01,policy_comment,,Older adults,4,2024
USA,2025-01-01,policy_comment,,Older adults with chronic conditions,4,2024
USA,2025-01-01,policy_comment,,Other groups,4,2024
USA,2025-01-01,policy_comment,,Pregnant women,4,2024
USA,2025-01-01,policy_revacc,,Adults,4,2024
USA,2025-01-01,policy_revacc,,Adults with chronic conditions,4,2024
USA,2025-01-01,policy_revacc,,Child. & ado. with chronic conditions,4,2024
USA,2025-01-01,policy_revacc,,Children & adolescents,4,2024
USA,2025-01-01,policy_revacc,,Health and care workers,4,2024
USA,2025-01-01,policy_revacc,,Older adults,4,2024
USA,2025-01-01,policy_revacc,,Older adults with chronic conditions,4,2024
USA,2025-01-01,policy_revacc,,Other groups,4,2024
USA,2025-01-01,policy_revacc,,Pregnant women,4,2024
USA,2025-01-01,policy_revacc_interval,,Adults,4,2024
USA,2025-01-01,policy_revacc_interval,,Adults with chronic conditions,4,2024
USA,2025-01-01,policy_revacc_interval,,Child. & ado. with chronic conditions,4,2024
USA,2025-01-01,policy_revacc_interval,,Children & adolescents,4,2024
USA,2025-01-01,policy_revacc_interval,,Health and care workers,4,2024
USA,2025-01-01,policy_revacc_interval,,Older adults,4,2024
USA,2025-01-01,policy_revacc_interval,,Older adults with chronic conditions,4,2024
USA,2025-01-01,policy_revacc_interval,,Other groups,4,2024
USA,2025-01-01,policy_revacc_interval,,Pregnant women,4,2024
USA,2025-01-01,policy_vacc,,Adults,4,2024
USA,2025-01-01,policy_vacc,,Adults with chronic conditions,4,2024
USA,2025-01-01,policy_vacc,,Child. & ado. with chronic conditions,4,2024
USA,2025-01-01,policy_vacc,,Children & adolescents,4,2024
USA,2025-01-01,policy_vacc,,Health and care workers,4,2024
USA,2025-01-01,policy_vacc,,Older adults,4,2024
USA,2025-01-01,policy_vacc,,Older adults with chronic conditions,4,2024
USA,2025-01-01,policy_vacc,,Other groups,4,2024
USA,2025-01-01,policy_vacc,,Pregnant women,4,2024
USA,2024-10-01,comment,"Authorized for 12 years+ on 8/31/2022, 5 years+ on 10/12/2022, and 6months+ 12/8/2022, replaced by 2023-2024 Formula on 9/11/2023",PFI-CBOOB1-2,3,2024
USA,2024-10-01,comment,"Originally authorized for 18 and older. On Ocotber 12, 2022 authorization was expanded to 6 and older. On  December 8, 2022, authorization was expanded to include 6 months and older",MOC-SBOOB1-2,3,2024
USA,2024-10-01,comment,Authorized/approved for 6 months and older on same date,MOC-SXBB-1,3,2024
USA,2024-10-01,comment,Authorized/approved for 6 months and older on same date,MOC-SKP-1,3,2024
USA,2024-10-01,comment,Authorized/approved for 6 months and older on same date,PFI-COXBB-1,3,2024
USA,2024-10-01,comment,Authorized/approved for 6 months and older on same date,PFI-COKP-1,3,2024
USA,2024-10-01,comment,"Note: Novavax is not licened in the US, so the trade name may not be accurate. Authorized for use in ages 12 and older",NOV-NOXBB-1,3,2024
USA,2024-10-01,comment,"Note: Novavax is not licensed in the US, so the trade name may not be accurate. Authorized for use in ages 12 and older",NOV-COVAX-1,3,2024
USA,2024-10-01,comment,FDA revoked EUA for Janssen in May 2023,JAP-AD26-COV-2.5-1,3,2024
USA,2024-10-01,comment,"On May 10 2021, authorization expanded to include ages 12year and older.  On Oct 29 2021, authorization expanded to include ages 5 year and older.  On June 18, 2022, authorization expanded to include ages 6 months and older",PFI-COMIRNATY-1,3,2024
USA,2024-10-01,date_product_start,2024-08-30T00:00:00Z,NOV-NOJN-1,3,2024
USA,2024-10-01,status_product_use,YES,NOV-NOJN-1,3,2024
USA,2024-10-01,comment,"Note: this date is for novavax JN.1. This was not an option from the drop down selection. Additionally, Novavax is not licensed in the US, so the trade name may not be accurate. Authorized for use in ages 12 and older",NOV-NOJN-1,3,2024
USA,2024-10-01,date_product_start,2022-08-31T00:00:00Z,PFI-CBOOB1-2,3,2024
USA,2024-10-01,date_product_start,2022-08-31T00:00:00Z,MOC-SBOOB1-2,3,2024
USA,2024-10-01,date_product_start,2023-09-11T00:00:00Z,MOC-SXBB-1,3,2024
USA,2024-10-01,date_product_start,2024-08-22T00:00:00Z,MOC-SKP-1,3,2024
USA,2024-10-01,date_product_start,2023-09-11T00:00:00Z,PFI-COXBB-1,3,2024
USA,2024-10-01,date_product_start,2024-08-22T00:00:00Z,PFI-COKP-1,3,2024
USA,2024-10-01,date_product_start,2023-10-03T00:00:00Z,NOV-NOXBB-1,3,2024
USA,2024-10-01,date_product_start,2022-08-19T00:00:00Z,NOV-COVAX-1,3,2024
USA,2024-10-01,date_product_start,2021-03-01T00:00:00Z,JAP-AD26-COV-2.5-1,3,2024
USA,2024-10-01,date_product_start,2020-12-21T00:00:00Z,MOC-MRNA-1273-1,3,2024
USA,2024-10-01,date_product_start,2020-12-14T00:00:00Z,PFI-COMIRNATY-1,3,2024
USA,2024-10-01,status_product_use,NO,PFI-CBOOB1-2,3,2024
USA,2024-10-01,status_product_use,NO,MOC-SBOOB1-2,3,2024
USA,2024-10-01,status_product_use,NO,MOC-SXBB-1,3,2024
USA,2024-10-01,status_product_use,YES,MOC-SKP-1,3,2024
USA,2024-10-01,status_product_use,NO,PFI-COXBB-1,3,2024
USA,2024-10-01,status_product_use,YES,PFI-COKP-1,3,2024
USA,2024-10-01,status_product_use,NO,NOV-NOXBB-1,3,2024
USA,2024-10-01,status_product_use,NO,NOV-COVAX-1,3,2024
USA,2024-10-01,status_product_use,NO,JAP-AD26-COV-2.5-1,3,2024
USA,2024-10-01,status_product_use,YES,MOC-MRNA-1273-1,3,2024
USA,2024-10-01,status_product_use,YES,PFI-COMIRNATY-1,3,2024
USA,2024-10-01,policy_revacc_interval,6 months,Older adults,3,2024
USA,2024-10-01,policy_revacc_interval,6 Months,Older adults with chronic conditions,3,2024
USA,2024-10-01,policy_revacc_interval,One dose per season (minimum interval 2 months from dose of prior formulation),Adults,3,2024
USA,2024-10-01,policy_revacc_interval,"6 months for those with moderate/severe immunocompromise, For others: One dose per season (minimum interval 2 months from dose of prior formulation)",Adults with chronic conditions,3,2024
USA,2024-10-01,policy_revacc_interval,One dose per season (minimum interval 2 months from dose of prior formulation),Pregnant women,3,2024
USA,2024-10-01,policy_revacc_interval,One dose per season (minimum interval 2 months from dose of prior formulation),Health and care workers,3,2024
USA,2024-10-01,policy_revacc_interval,One dose per season (minimum interval 2 months from dose of prior formulation),Children & adolescents,3,2024
USA,2024-10-01,policy_revacc_interval,"6 months for those with moderate/severe immunocompromise, For others: One dose per season (minimum interval 2 months from dose of prior formulation)",Child. & ado. with chronic conditions,3,2024
USA,2024-10-01,policy_revacc,YES,Older adults,3,2024
USA,2024-10-01,policy_revacc,YES,Older adults with chronic conditions,3,2024
USA,2024-10-01,policy_revacc,YES,Adults,3,2024
USA,2024-10-01,policy_revacc,YES,Adults with chronic conditions,3,2024
USA,2024-10-01,policy_revacc,YES,Pregnant women,3,2024
USA,2024-10-01,policy_revacc,YES,Health and care workers,3,2024
USA,2024-10-01,policy_revacc,YES,Children & adolescents,3,2024
USA,2024-10-01,policy_revacc,YES,Child. & ado. with chronic conditions,3,2024
USA,2024-10-01,policy_vacc,YES,Older adults,3,2024
USA,2024-10-01,policy_vacc,YES,Older adults with chronic conditions,3,2024
USA,2024-10-01,policy_vacc,YES,Adults,3,2024
USA,2024-10-01,policy_vacc,YES,Adults with chronic conditions,3,2024
USA,2024-10-01,policy_vacc,YES,Pregnant women,3,2024
USA,2024-10-01,policy_vacc,YES,Health and care workers,3,2024
USA,2024-10-01,policy_vacc,YES,Children & adolescents,3,2024
USA,2024-10-01,policy_vacc,YES,Child. & ado. with chronic conditions,3,2024
USA,2024-10-01,policy_comment,"All adults 65 years and older are recommended for 2 doses of 2024-2025 COVID-19 vaccine, spaced 6 months apart (min interval 2 months)",Older adults,3,2024
USA,2024-10-01,policy_comment,"All adults 65 years and older are recommended for 2 doses of 2024-2025 COVID-19 vaccine, spaced 6 months apart (min interval 2 months). If they are moderately or severely immunocompromised, they may receive additional doses at minimum 2 month intervals",Older adults with chronic conditions,3,2024
USA,2024-10-01,policy_comment,All people ages 6 months and older are recommended to receive revaccination with the 2024-2025 COVID-19 vaccine,Adults,3,2024
USA,2024-10-01,policy_comment,"People >6 with moderate to severe immunocompromise to receive 2 doses of 2024-25 vaccine, 6 months apart (min interval 2 months) and they can receive additional doses under shared clinical decision making. All other ages 6m-64 years are recommended to receive revaccination with the 2024-25 vaccine. In the US, the primary series is only still recommended for children ages 6m-4 years and for people with moderate to severe immunocompromise.",Adults with chronic conditions,3,2024
USA,2024-10-01,policy_comment,"US does not have specific recommendation for pregnant people, but all people ages 6 months and older are recommended to receive revaccination with the 2024-2025 COVID-19 vaccine, so pregnant people are included by default.",Pregnant women,3,2024
USA,2024-10-01,policy_comment,"US has no specific recommendation for HCW, but all people ages 6 months and older are recommended to receive revaccination with the 2024-2025 COVID-19 vaccine, so HCW are cincluded by default.",Health and care workers,3,2024
USA,2024-10-01,policy_comment,"All  people ages 6m-64 years are recommended to receive revaccination with the 2024-2025 COVID-19 vaccine. In the US, the primary series is only still recommended for children ages 6m-4 years and for people with moderate to severe immunocompromise",Children & adolescents,3,2024
USA,2024-10-01,policy_comment,"People >6 months with moderate to severe immunocompromise to receive 2 doses of 2024-25 vaccine, 6 months apart (min interval 2 months) and  can receive additional doses under shared clinical decision making. All other people ages 6m-64 years are recommended to receive revaccination with the 2024-25 vaccine. In the US, the primary series is only still recommended for children ages 6m-4 years and for people with moderate to severe immunocompromise",Child. & ado. with chronic conditions,3,2024
SLV,2025-01-01,policy_revacc,YES,Adults with chronic conditions,4,2024
SLV,2025-01-01,policy_revacc,YES,Older adults with chronic conditions,4,2024
SLV,2025-01-01,policy_revacc,YES,Health and care workers,4,2024
SLV,2025-01-01,policy_revacc,NO,Children & adolescents,4,2024
SLV,2025-01-01,policy_revacc,YES,Child. & ado. with chronic conditions,4,2024
SLV,2025-01-01,policy_revacc,YES,Older adults,4,2024
SLV,2025-01-01,policy_revacc,NO,Adults,4,2024
SLV,2025-01-01,policy_revacc,YES,Pregnant women,4,2024
SLV,2025-01-01,policy_vacc,YES,Adults with chronic conditions,4,2024
SLV,2025-01-01,policy_vacc,YES,Older adults with chronic conditions,4,2024
SLV,2025-01-01,policy_vacc,YES,Health and care workers,4,2024
SLV,2025-01-01,policy_vacc,YES,Children & adolescents,4,2024
SLV,2025-01-01,policy_vacc,YES,Child. & ado. with chronic conditions,4,2024
SLV,2025-01-01,policy_vacc,YES,Older adults,4,2024
SLV,2025-01-01,policy_vacc,YES,Adults,4,2024
SLV,2025-01-01,policy_vacc,YES,Pregnant women,4,2024
SLV,2024-10-01,status_product_use,NO,MOC-MRNA-1273-1,3,2024
SLV,2024-10-01,status_product_use,NO,SII-COVISHIELD-1,3,2024
SLV,2024-10-01,status_product_use,NO,PFI-COMIRNATY-1,3,2024
SLV,2024-10-01,status_product_use,NO,SIN-CORONAVAC-1,3,2024
SLV,2024-10-01,status_product_use,YES,PFI-COXBB-1,3,2024
SLV,2024-10-01,status_product_use,NO,PFI-CBOOB1-2,3,2024
SLV,2024-10-01,status_product_use,NO,BIB-INAC-SARS2-1,3,2024
SLV,2024-10-01,status_product_use,NO,ASZ-AZD1222-1,3,2024
SLV,2024-10-01,comment,Instituto Serum de la India,SII-COVISHIELD-1,3,2024
SLV,2025-01-01,policy_revacc_interval,6_MONTHS,Adults with chronic conditions,4,2024
SLV,2025-01-01,policy_revacc_interval,6_MONTHS,Older adults with chronic conditions,4,2024
SLV,2025-01-01,policy_revacc_interval,6_MONTHS,Health and care workers,4,2024
SLV,2025-01-01,policy_revacc_interval,6_MONTHS,Child. & ado. with chronic conditions,4,2024
SLV,2025-01-01,policy_revacc_interval,6_MONTHS,Older adults,4,2024
SLV,2025-01-01,policy_revacc_interval,6_MONTHS,Pregnant women,4,2024
SLV,2025-01-01,policy_comment,"Esquema de vacunación para mayores de 12 años (incluyendo adultos, embarazadas y mujeres dando lactancia materna)",Adults with chronic conditions,4,2024
SLV,2025-01-01,policy_comment,"Esquema de vacunación para mayores de 12 años (incluyendo adultos, embarazadas y mujeres dando lactancia materna)",Older adults with chronic conditions,4,2024
SLV,2025-01-01,policy_comment,"Esquema de vacunación para mayores de 12 años (incluyendo adultos, embarazadas y mujeres dando lactancia materna)",Health and care workers,4,2024
SLV,2025-01-01,policy_comment,Solo debe usarse en población infantil de 5 a 11 años de edad,Children & adolescents,4,2024
SLV,2025-01-01,policy_comment,Niños de 5 a 11 años inmunocomprometidos,Child. & ado. with chronic conditions,4,2024
SLV,2025-01-01,policy_comment,"Esquema de vacunación para mayores de 12 años (incluyendo adultos, embarazadas y mujeres dando lactancia materna)",Older adults,4,2024
SLV,2025-01-01,policy_comment,"Esquema de vacunación para mayores de 12 años (incluyendo adultos, embarazadas y mujeres dando lactancia materna)",Adults,4,2024
SLV,2025-01-01,policy_comment,"Esquema de vacunación para mayores de 12 años (incluyendo adultos, embarazadas y mujeres dando lactancia materna)",Pregnant women,4,2024
SLV,2024-10-01,date_product_start,2021-08-02T00:00:00Z,MOC-MRNA-1273-1,3,2024
SLV,2024-10-01,date_product_start,2021-04-12T00:00:00Z,SII-COVISHIELD-1,3,2024
SLV,2024-10-01,date_product_start,2021-04-22T00:00:00Z,PFI-COMIRNATY-1,3,2024
SLV,2024-10-01,date_product_start,2021-04-29T00:00:00Z,SIN-CORONAVAC-1,3,2024
SLV,2024-10-01,date_product_start,2024-07-17T00:00:00Z,PFI-COXBB-1,3,2024
SLV,2024-10-01,date_product_start,2023-02-20T00:00:00Z,PFI-CBOOB1-2,3,2024
SLV,2024-10-01,date_product_start,2021-06-22T00:00:00Z,BIB-INAC-SARS2-1,3,2024
SLV,2024-10-01,date_product_start,2021-02-17T00:00:00Z,ASZ-AZD1222-1,3,2024
SLV,2024-04-01,comment,Instituto Serum de la India,SII-COVISHIELD-1,1,2024
SLV,2024-04-01,date_product_start,2023-02-20T00:00:00Z,PFI-CBOOB1-2,1,2024
SLV,2024-04-01,date_product_start,2021-06-22T00:00:00Z,BIB-INAC-SARS2-1,1,2024
SLV,2024-04-01,date_product_start,2021-02-17T00:00:00Z,ASZ-AZD1222-1,1,2024
SLV,2024-04-01,date_product_start,2021-08-02T00:00:00Z,MOC-MRNA-1273-1,1,2024
SLV,2024-04-01,date_product_start,2021-04-12T00:00:00Z,SII-COVISHIELD-1,1,2024
SLV,2024-04-01,date_product_start,2021-04-22T00:00:00Z,PFI-COMIRNATY-1,1,2024
SLV,2024-04-01,date_product_start,2021-04-29T00:00:00Z,SIN-CORONAVAC-1,1,2024
SLV,2024-04-01,status_product_use,YES,PFI-CBOOB1-2,1,2024
SLV,2024-04-01,status_product_use,NO,BIB-INAC-SARS2-1,1,2024
SLV,2024-04-01,status_product_use,NO,ASZ-AZD1222-1,1,2024
SLV,2024-04-01,status_product_use,NO,MOC-MRNA-1273-1,1,2024
SLV,2024-04-01,status_product_use,NO,SII-COVISHIELD-1,1,2024
SLV,2024-04-01,status_product_use,NO,PFI-COMIRNATY-1,1,2024
SLV,2024-04-01,status_product_use,NO,SIN-CORONAVAC-1,1,2024
SLV,2024-04-01,policy_revacc,NO,Older adults,1,2024
SLV,2024-04-01,policy_revacc,NO,Older adults with chronic conditions,1,2024
SLV,2024-04-01,policy_revacc,NO,Adults,1,2024
SLV,2024-04-01,policy_revacc,NO,Adults with chronic conditions,1,2024
SLV,2024-04-01,policy_revacc,NO,Pregnant women,1,2024
SLV,2024-04-01,policy_revacc,NO,Health and care workers,1,2024
SLV,2024-04-01,policy_revacc,NO,Children & adolescents,1,2024
SLV,2024-04-01,policy_revacc,NO,Child. & ado. with chronic conditions,1,2024
SLV,2024-04-01,policy_vacc,NO,Other groups,1,2024
SLV,2024-04-01,policy_vacc,YES,Older adults,1,2024
SLV,2024-04-01,policy_vacc,YES,Older adults with chronic conditions,1,2024
SLV,2024-04-01,policy_vacc,YES,Adults,1,2024
SLV,2024-04-01,policy_vacc,YES,Adults with chronic conditions,1,2024
SLV,2024-04-01,policy_vacc,YES,Pregnant women,1,2024
SLV,2024-04-01,policy_vacc,YES,Health and care workers,1,2024
SLV,2024-04-01,policy_vacc,YES,Children & adolescents,1,2024
SLV,2024-04-01,policy_vacc,YES,Child. & ado. with chronic conditions,1,2024
SLV,2024-10-01,policy_vacc,YES,Older adults,3,2024
SLV,2024-10-01,policy_vacc,YES,Older adults with chronic conditions,3,2024
SLV,2024-10-01,policy_vacc,YES,Adults,3,2024
SLV,2024-10-01,policy_vacc,YES,Adults with chronic conditions,3,2024
SLV,2024-10-01,policy_vacc,YES,Pregnant women,3,2024
SLV,2024-10-01,policy_vacc,YES,Health and care workers,3,2024
SLV,2024-10-01,policy_vacc,YES,Children & adolescents,3,2024
SLV,2024-10-01,policy_vacc,YES,Child. & ado. with chronic conditions,3,2024
SLV,2024-10-01,policy_vacc,NO,Other groups,3,2024
SLV,2024-10-01,policy_revacc,YES,Older adults,3,2024
SLV,2024-10-01,policy_revacc,YES,Older adults with chronic conditions,3,2024
SLV,2024-10-01,policy_revacc,NO,Adults,3,2024
SLV,2024-10-01,policy_revacc,YES,Adults with chronic conditions,3,2024
SLV,2024-10-01,policy_revacc,YES,Pregnant women,3,2024
SLV,2024-10-01,policy_revacc,YES,Health and care workers,3,2024
SLV,2024-10-01,policy_revacc,NO,Children & adolescents,3,2024
SLV,2024-10-01,policy_revacc,NO,Child. & ado. with chronic conditions,3,2024
SLV,2024-10-01,policy_revacc_interval,al menos 6 meses posterior a la última dosis,Older adults,3,2024
SLV,2024-10-01,policy_revacc_interval,al menos 6 meses posterior a la última dosis,Older adults with chronic conditions,3,2024
SLV,2024-10-01,policy_revacc_interval,al menos 6 meses posterior a la última dosis,Adults with chronic conditions,3,2024
SLV,2024-10-01,policy_revacc_interval,"el refuerzo debe ser colocado durante el 2° trimestre del embarazo, con al menos 6 meses de diferencia con su última dosis",Pregnant women,3,2024
SLV,2024-10-01,policy_revacc_interval,al menos 6 meses posterior a la última dosis,Health and care workers,3,2024
SLV,2024-07-01,date_product_start,2023-02-20T00:00:00Z,PFI-CBOOB1-2,2,2024
SLV,2024-07-01,date_product_start,2021-06-22T00:00:00Z,BIB-INAC-SARS2-1,2,2024
SLV,2024-07-01,date_product_start,2021-02-17T00:00:00Z,ASZ-AZD1222-1,2,2024
SLV,2024-07-01,date_product_start,2021-08-02T00:00:00Z,MOC-MRNA-1273-1,2,2024
SLV,2024-07-01,date_product_start,2021-04-12T00:00:00Z,SII-COVISHIELD-1,2,2024
SLV,2024-07-01,date_product_start,2021-04-22T00:00:00Z,PFI-COMIRNATY-1,2,2024
SLV,2024-07-01,date_product_start,2021-04-29T00:00:00Z,SIN-CORONAVAC-1,2,2024
SLV,2024-07-01,status_product_use,YES,PFI-CBOOB1-2,2,2024
SLV,2024-07-01,status_product_use,NO,BIB-INAC-SARS2-1,2,2024
SLV,2024-07-01,status_product_use,NO,ASZ-AZD1222-1,2,2024
SLV,2024-07-01,status_product_use,NO,MOC-MRNA-1273-1,2,2024
SLV,2024-07-01,status_product_use,NO,SII-COVISHIELD-1,2,2024
SLV,2024-07-01,status_product_use,NO,PFI-COMIRNATY-1,2,2024
SLV,2024-07-01,status_product_use,NO,SIN-CORONAVAC-1,2,2024
SLV,2024-07-01,comment,Instituto Serum de la India,SII-COVISHIELD-1,2,2024
SLV,2025-01-01,policy_comment,,Other groups,4,2024
SLV,2025-01-01,policy_revacc,,Other groups,4,2024
SLV,2025-01-01,policy_revacc_interval,,Adults,4,2024
SLV,2025-01-01,policy_revacc_interval,,Children & adolescents,4,2024
SLV,2025-01-01,policy_revacc_interval,,Other groups,4,2024
SLV,2025-01-01,policy_vacc,,Other groups,4,2024
SLV,2024-07-01,policy_revacc,NO,Older adults,2,2024
SLV,2024-07-01,policy_revacc,NO,Older adults with chronic conditions,2,2024
SLV,2024-07-01,policy_revacc,NO,Adults,2,2024
SLV,2024-07-01,policy_revacc,NO,Adults with chronic conditions,2,2024
SLV,2024-07-01,policy_revacc,NO,Pregnant women,2,2024
SLV,2024-07-01,policy_revacc,NO,Health and care workers,2,2024
SLV,2024-07-01,policy_revacc,NO,Children & adolescents,2,2024
SLV,2024-07-01,policy_revacc,NO,Child. & ado. with chronic conditions,2,2024
SLV,2024-07-01,policy_vacc,YES,Older adults,2,2024
SLV,2024-07-01,policy_vacc,YES,Older adults with chronic conditions,2,2024
SLV,2024-07-01,policy_vacc,YES,Adults,2,2024
SLV,2024-07-01,policy_vacc,YES,Adults with chronic conditions,2,2024
SLV,2024-07-01,policy_vacc,YES,Pregnant women,2,2024
SLV,2024-07-01,policy_vacc,YES,Health and care workers,2,2024
SLV,2024-07-01,policy_vacc,YES,Children & adolescents,2,2024
SLV,2024-07-01,policy_vacc,YES,Child. & ado. with chronic conditions,2,2024
SLV,2024-07-01,policy_vacc,NO,Other groups,2,2024
MNG,2025-01-01,policy_comment,,Adults,4,2024
MNG,2025-01-01,policy_comment,,Adults with chronic conditions,4,2024
MNG,2025-01-01,policy_comment,,Child. & ado. with chronic conditions,4,2024
MNG,2025-01-01,policy_comment,,Children & adolescents,4,2024
MNG,2025-01-01,policy_comment,,Health and care workers,4,2024
MNG,2025-01-01,policy_comment,,Older adults,4,2024
MNG,2025-01-01,policy_comment,,Older adults with chronic conditions,4,2024
MNG,2025-01-01,policy_comment,,Other groups,4,2024
MNG,2025-01-01,policy_comment,,Pregnant women,4,2024
MNG,2025-01-01,policy_revacc,,Adults,4,2024
MNG,2025-01-01,policy_revacc,,Adults with chronic conditions,4,2024
MNG,2025-01-01,policy_revacc,,Child. & ado. with chronic conditions,4,2024
MNG,2025-01-01,policy_revacc,,Children & adolescents,4,2024
MNG,2025-01-01,policy_revacc,,Health and care workers,4,2024
MNG,2025-01-01,policy_revacc,,Older adults,4,2024
MNG,2025-01-01,policy_revacc,,Older adults with chronic conditions,4,2024
MNG,2025-01-01,policy_revacc,,Other groups,4,2024
MNG,2025-01-01,policy_revacc,,Pregnant women,4,2024
MNG,2025-01-01,policy_revacc_interval,,Adults,4,2024
MNG,2025-01-01,policy_revacc_interval,,Adults with chronic conditions,4,2024
MNG,2025-01-01,policy_revacc_interval,,Child. & ado. with chronic conditions,4,2024
MNG,2025-01-01,policy_revacc_interval,,Children & adolescents,4,2024
MNG,2025-01-01,policy_revacc_interval,,Health and care workers,4,2024
MNG,2025-01-01,policy_revacc_interval,,Older adults,4,2024
MNG,2025-01-01,policy_revacc_interval,,Older adults with chronic conditions,4,2024
MNG,2025-01-01,policy_revacc_interval,,Other groups,4,2024
MNG,2025-01-01,policy_revacc_interval,,Pregnant women,4,2024
MNG,2025-01-01,policy_vacc,,Adults,4,2024
MNG,2025-01-01,policy_vacc,,Adults with chronic conditions,4,2024
MNG,2025-01-01,policy_vacc,,Child. & ado. with chronic conditions,4,2024
MNG,2025-01-01,policy_vacc,,Children & adolescents,4,2024
MNG,2025-01-01,policy_vacc,,Health and care workers,4,2024
MNG,2025-01-01,policy_vacc,,Older adults,4,2024
MNG,2025-01-01,policy_vacc,,Older adults with chronic conditions,4,2024
MNG,2025-01-01,policy_vacc,,Other groups,4,2024
MNG,2025-01-01,policy_vacc,,Pregnant women,4,2024
TJK,2024-07-01,policy_vacc,NO,Children & adolescents,2,2024
TJK,2024-07-01,policy_vacc,NO,Child. & ado. with chronic conditions,2,2024
TJK,2024-07-01,comment,С 29.02.2024 года больше не проводится вакцинация  против COVID-19.,SIN-CORONAVAC-1,2,2024
TJK,2024-07-01,comment,С 29.02.2024 года больше не проводится вакцинация  против COVID-19.,GRI-SPUTNIKV-1,2,2024
TJK,2024-07-01,comment,С 29.02.2024 года было прекращено вакцинация против COVID-19,JAP-AD26-COV-2.5-1,2,2024
TJK,2024-07-01,comment,С 29.02.2024 года больше не проводится вакцинация  против COVID-19.,MOC-MRNA-1273-1,2,2024
TJK,2024-07-01,comment,С 29.02.2024 года больше не проводится вакцинация  против COVID-19.,SII-COVISHIELD-1,2,2024
TJK,2024-07-01,comment,С 29.02.2024 года больше не проводится вакцинация  против COVID-19.,PFI-COMIRNATY-1,2,2024
TJK,2024-07-01,status_product_use,NO,SIN-CORONAVAC-1,2,2024
TJK,2024-07-01,status_product_use,NO,GRI-SPUTNIKV-1,2,2024
TJK,2024-07-01,status_product_use,NO,JAP-AD26-COV-2.5-1,2,2024
TJK,2024-07-01,status_product_use,NO,MOC-MRNA-1273-1,2,2024
TJK,2024-07-01,status_product_use,NO,SII-COVISHIELD-1,2,2024
TJK,2024-07-01,status_product_use,NO,PFI-COMIRNATY-1,2,2024
TJK,2024-07-01,date_product_start,2021-06-23T00:00:00Z,SIN-CORONAVAC-1,2,2024
TJK,2024-07-01,date_product_start,2021-08-20T00:00:00Z,GRI-SPUTNIKV-1,2,2024
TJK,2024-07-01,date_product_start,2023-03-16T09:05:36Z,JAP-AD26-COV-2.5-1,2,2024
TJK,2024-07-01,date_product_start,2021-07-26T00:00:00Z,MOC-MRNA-1273-1,2,2024
TJK,2024-07-01,date_product_start,2021-03-23T00:00:00Z,SII-COVISHIELD-1,2,2024
TJK,2024-07-01,date_product_start,2021-10-06T00:00:00Z,PFI-COMIRNATY-1,2,2024
TJK,2025-01-01,policy_vacc,NO,Older adults,4,2024
TJK,2024-04-01,policy_revacc,YES,Older adults,1,2024
TJK,2024-04-01,policy_revacc,YES,Older adults with chronic conditions,1,2024
TJK,2024-04-01,policy_revacc,YES,Adults,1,2024
TJK,2024-04-01,policy_revacc,YES,Adults with chronic conditions,1,2024
TJK,2024-04-01,policy_revacc,YES,Pregnant women,1,2024
TJK,2024-04-01,policy_revacc,YES,Health and care workers,1,2024
TJK,2024-04-01,policy_revacc,YES,Other groups,1,2024
TJK,2024-04-01,policy_vacc,YES,Older adults,1,2024
TJK,2024-04-01,policy_vacc,YES,Older adults with chronic conditions,1,2024
TJK,2024-04-01,policy_vacc,YES,Adults,1,2024
TJK,2024-04-01,policy_vacc,YES,Adults with chronic conditions,1,2024
TJK,2024-04-01,policy_vacc,YES,Pregnant women,1,2024
TJK,2024-04-01,policy_vacc,YES,Health and care workers,1,2024
TJK,2024-04-01,policy_vacc,NO,Children & adolescents,1,2024
TJK,2024-04-01,policy_vacc,NO,Child. & ado. with chronic conditions,1,2024
TJK,2024-04-01,policy_vacc,YES,Other groups,1,2024
TJK,2024-04-01,policy_revacc_interval,от 3 до 6 месяцев,Older adults,1,2024
TJK,2024-04-01,policy_revacc_interval,от 3 до 6 мес.,Older adults with chronic conditions,1,2024
TJK,2024-04-01,policy_revacc_interval,от 3 до 6 мес.,Adults,1,2024
TJK,2024-04-01,policy_revacc_interval,от 3 до 6 мес.,Adults with chronic conditions,1,2024
TJK,2024-04-01,policy_revacc_interval,от 3 до 6 мес.,Pregnant women,1,2024
TJK,2024-04-01,policy_revacc_interval,от 3 до 6 мес.,Health and care workers,1,2024
TJK,2024-04-01,policy_revacc_interval,от 3 до 6 мес.,Other groups,1,2024
TJK,2024-04-01,policy_comment,В возрасте 18 лет и выше,Other groups,1,2024
TJK,2025-01-01,policy_comment,,Adults,4,2024
TJK,2025-01-01,policy_comment,,Adults with chronic conditions,4,2024
TJK,2025-01-01,policy_comment,,Child. & ado. with chronic conditions,4,2024
TJK,2025-01-01,policy_comment,,Children & adolescents,4,2024
TJK,2025-01-01,policy_comment,,Health and care workers,4,2024
TJK,2025-01-01,policy_comment,,Older adults,4,2024
TJK,2025-01-01,policy_comment,,Older adults with chronic conditions,4,2024
TJK,2025-01-01,policy_comment,,Other groups,4,2024
TJK,2025-01-01,policy_comment,,Pregnant women,4,2024
TJK,2025-01-01,policy_revacc,,Adults,4,2024
TJK,2025-01-01,policy_revacc,,Adults with chronic conditions,4,2024
TJK,2025-01-01,policy_revacc,,Child. & ado. with chronic conditions,4,2024
TJK,2025-01-01,policy_revacc,,Children & adolescents,4,2024
TJK,2025-01-01,policy_revacc,,Health and care workers,4,2024
TJK,2025-01-01,policy_revacc,,Older adults with chronic conditions,4,2024
TJK,2025-01-01,policy_revacc,,Other groups,4,2024
TJK,2025-01-01,policy_revacc,,Pregnant women,4,2024
TJK,2025-01-01,policy_revacc_interval,,Adults,4,2024
TJK,2025-01-01,policy_revacc_interval,,Adults with chronic conditions,4,2024
TJK,2025-01-01,policy_revacc_interval,,Child. & ado. with chronic conditions,4,2024
TJK,2025-01-01,policy_revacc_interval,,Children & adolescents,4,2024
TJK,2025-01-01,policy_revacc_interval,,Health and care workers,4,2024
TJK,2025-01-01,policy_revacc_interval,,Older adults,4,2024
TJK,2025-01-01,policy_revacc_interval,,Older adults with chronic conditions,4,2024
TJK,2025-01-01,policy_revacc_interval,,Other groups,4,2024
TJK,2025-01-01,policy_revacc_interval,,Pregnant women,4,2024
TJK,2025-01-01,policy_vacc,,Adults,4,2024
TJK,2025-01-01,policy_vacc,,Adults with chronic conditions,4,2024
TJK,2025-01-01,policy_vacc,,Child. & ado. with chronic conditions,4,2024
TJK,2025-01-01,policy_vacc,,Children & adolescents,4,2024
TJK,2025-01-01,policy_vacc,,Health and care workers,4,2024
TJK,2025-01-01,policy_vacc,,Older adults with chronic conditions,4,2024
TJK,2025-01-01,policy_vacc,,Other groups,4,2024
TJK,2025-01-01,policy_vacc,,Pregnant women,4,2024
TJK,2024-04-01,date_product_start,2021-06-23T00:00:00Z,SIN-CORONAVAC-1,1,2024
TJK,2024-04-01,date_product_start,2021-08-20T00:00:00Z,GRI-SPUTNIKV-1,1,2024
TJK,2024-04-01,date_product_start,2023-03-16T09:05:36Z,JAP-AD26-COV-2.5-1,1,2024
TJK,2024-04-01,date_product_start,2021-07-26T00:00:00Z,MOC-MRNA-1273-1,1,2024
TJK,2024-04-01,date_product_start,2021-03-23T00:00:00Z,SII-COVISHIELD-1,1,2024
TJK,2024-04-01,date_product_start,2021-10-06T00:00:00Z,PFI-COMIRNATY-1,1,2024
TJK,2024-04-01,comment,С 29.02.2024 года больше не проводится вакцинация  против COVID-19.,SIN-CORONAVAC-1,1,2024
TJK,2024-04-01,comment,С 29.02.2024 года больше не проводится вакцинация  против COVID-19.,GRI-SPUTNIKV-1,1,2024
TJK,2024-04-01,comment,С 29.02.2024 года было прекращено вакцинация против COVID-19,JAP-AD26-COV-2.5-1,1,2024
TJK,2024-04-01,comment,С 29.02.2024 года больше не проводится вакцинация  против COVID-19.,MOC-MRNA-1273-1,1,2024
TJK,2024-04-01,comment,С 29.02.2024 года больше не проводится вакцинация  против COVID-19.,SII-COVISHIELD-1,1,2024
TJK,2024-04-01,comment,С 29.02.2024 года больше не проводится вакцинация  против COVID-19.,PFI-COMIRNATY-1,1,2024
TJK,2024-04-01,status_product_use,NO,SIN-CORONAVAC-1,1,2024
TJK,2024-04-01,status_product_use,NO,GRI-SPUTNIKV-1,1,2024
TJK,2024-04-01,status_product_use,NO,JAP-AD26-COV-2.5-1,1,2024
TJK,2024-04-01,status_product_use,NO,MOC-MRNA-1273-1,1,2024
TJK,2024-04-01,status_product_use,NO,SII-COVISHIELD-1,1,2024
TJK,2024-04-01,status_product_use,NO,PFI-COMIRNATY-1,1,2024
TJK,2025-01-01,policy_revacc,NO,Older adults,4,2024
LAO,2025-01-01,policy_comment,After first trimester,Pregnant women,4,2024
LAO,2025-01-01,policy_comment,"HCWs include professionals from the Ministry of Health, Ministry of Defense and Police Hospitals, including laboratory staff, pharmacists, village health volunteers and health workers in the private health facilities either with clinical and non-clinical functions",Health and care workers,4,2024
LAO,2025-01-01,policy_comment,< 18 years old,Children & adolescents,4,2024
LAO,2025-01-01,policy_comment,≥ 60 years old,Older adults,4,2024
LAO,2025-01-01,policy_comment,18-59 years old,Adults,4,2024
LAO,2025-01-01,policy_revacc,YES,Older adults with chronic conditions,4,2024
LAO,2025-01-01,policy_revacc,YES,Adults with chronic conditions,4,2024
LAO,2025-01-01,policy_revacc,YES,Pregnant women,4,2024
LAO,2025-01-01,policy_revacc,YES,Health and care workers,4,2024
LAO,2025-01-01,policy_revacc,YES,Children & adolescents,4,2024
LAO,2025-01-01,policy_revacc,YES,Child. & ado. with chronic conditions,4,2024
LAO,2025-01-01,policy_revacc,NO,Other groups,4,2024
LAO,2025-01-01,policy_revacc,YES,Older adults,4,2024
LAO,2025-01-01,policy_revacc,YES,Adults,4,2024
LAO,2025-01-01,policy_vacc,YES,Older adults with chronic conditions,4,2024
LAO,2025-01-01,policy_vacc,YES,Adults with chronic conditions,4,2024
LAO,2025-01-01,policy_vacc,YES,Pregnant women,4,2024
LAO,2025-01-01,policy_vacc,YES,Health and care workers,4,2024
LAO,2025-01-01,policy_vacc,YES,Children & adolescents,4,2024
LAO,2025-01-01,policy_vacc,YES,Child. & ado. with chronic conditions,4,2024
LAO,2025-01-01,policy_vacc,NO,Other groups,4,2024
LAO,2025-01-01,policy_vacc,YES,Older adults,4,2024
LAO,2025-01-01,policy_vacc,YES,Adults,4,2024
LAO,2025-01-01,policy_comment,,Adults with chronic conditions,4,2024
LAO,2025-01-01,policy_comment,,Child. & ado. with chronic conditions,4,2024
LAO,2025-01-01,policy_comment,,Older adults with chronic conditions,4,2024
LAO,2025-01-01,policy_comment,,Other groups,4,2024
LAO,2025-01-01,policy_revacc_interval,,Adults,4,2024
LAO,2025-01-01,policy_revacc_interval,,Adults with chronic conditions,4,2024
LAO,2025-01-01,policy_revacc_interval,,Child. & ado. with chronic conditions,4,2024
LAO,2025-01-01,policy_revacc_interval,,Children & adolescents,4,2024
LAO,2025-01-01,policy_revacc_interval,,Health and care workers,4,2024
LAO,2025-01-01,policy_revacc_interval,,Older adults,4,2024
LAO,2025-01-01,policy_revacc_interval,,Older adults with chronic conditions,4,2024
LAO,2025-01-01,policy_revacc_interval,,Other groups,4,2024
LAO,2025-01-01,policy_revacc_interval,,Pregnant women,4,2024
LAO,2024-04-01,status_product_use,NO,BIB-INAC-SARS2-1,1,2024
LAO,2024-04-01,status_product_use,NO,GRI-SPUTNIKV-1,1,2024
LAO,2024-04-01,status_product_use,NO,SII-COVISHIELD-1,1,2024
LAO,2024-04-01,status_product_use,NO,ASZ-AZD1222-1,1,2024
LAO,2024-04-01,status_product_use,YES,PFI-COMIRNATY-1,1,2024
LAO,2024-04-01,status_product_use,NO,JAP-AD26-COV-2.5-1,1,2024
LAO,2024-04-01,status_product_use,NO,SIN-CORONAVAC-1,1,2024
LAO,2024-04-01,status_product_use,NO,GRI-SPUTNIKLT-1,1,2024
LAO,2024-04-01,policy_comment,60 years and up,Older adults,1,2024
LAO,2024-04-01,policy_comment,18 years and up,Adults,1,2024
LAO,2024-04-01,policy_comment,5-17 years,Children & adolescents,1,2024
LAO,2024-04-01,policy_vacc,YES,Older adults,1,2024
LAO,2024-04-01,policy_vacc,YES,Older adults with chronic conditions,1,2024
LAO,2024-04-01,policy_vacc,YES,Adults,1,2024
LAO,2024-04-01,policy_vacc,YES,Adults with chronic conditions,1,2024
LAO,2024-04-01,policy_vacc,YES,Pregnant women,1,2024
LAO,2024-04-01,policy_vacc,YES,Health and care workers,1,2024
LAO,2024-04-01,policy_vacc,YES,Children & adolescents,1,2024
LAO,2024-04-01,policy_vacc,YES,Child. & ado. with chronic conditions,1,2024
LAO,2024-04-01,policy_revacc,YES,Older adults,1,2024
LAO,2024-04-01,policy_revacc,YES,Older adults with chronic conditions,1,2024
LAO,2024-04-01,policy_revacc,NO,Adults,1,2024
LAO,2024-04-01,policy_revacc,YES,Adults with chronic conditions,1,2024
LAO,2024-04-01,policy_revacc,YES,Pregnant women,1,2024
LAO,2024-04-01,policy_revacc,YES,Health and care workers,1,2024
LAO,2024-04-01,policy_revacc,NO,Children & adolescents,1,2024
LAO,2024-04-01,policy_revacc,YES,Child. & ado. with chronic conditions,1,2024
MLI,2025-01-01,policy_comment,,Adults,4,2024
MLI,2025-01-01,policy_comment,,Adults with chronic conditions,4,2024
MLI,2025-01-01,policy_comment,,Child. & ado. with chronic conditions,4,2024
MLI,2025-01-01,policy_comment,,Children & adolescents,4,2024
MLI,2025-01-01,policy_comment,,Health and care workers,4,2024
MLI,2025-01-01,policy_comment,,Older adults,4,2024
MLI,2025-01-01,policy_comment,,Older adults with chronic conditions,4,2024
MLI,2025-01-01,policy_comment,,Other groups,4,2024
MLI,2025-01-01,policy_comment,,Pregnant women,4,2024
MLI,2025-01-01,policy_revacc,,Adults,4,2024
MLI,2025-01-01,policy_revacc,,Adults with chronic conditions,4,2024
MLI,2025-01-01,policy_revacc,,Child. & ado. with chronic conditions,4,2024
MLI,2025-01-01,policy_revacc,,Children & adolescents,4,2024
MLI,2025-01-01,policy_revacc,,Health and care workers,4,2024
MLI,2025-01-01,policy_revacc,,Older adults,4,2024
MLI,2025-01-01,policy_revacc,,Older adults with chronic conditions,4,2024
MLI,2025-01-01,policy_revacc,,Other groups,4,2024
MLI,2025-01-01,policy_revacc,,Pregnant women,4,2024
MLI,2025-01-01,policy_revacc_interval,,Adults,4,2024
MLI,2025-01-01,policy_revacc_interval,,Adults with chronic conditions,4,2024
MLI,2025-01-01,policy_revacc_interval,,Child. & ado. with chronic conditions,4,2024
MLI,2025-01-01,policy_revacc_interval,,Children & adolescents,4,2024
MLI,2025-01-01,policy_revacc_interval,,Health and care workers,4,2024
MLI,2025-01-01,policy_revacc_interval,,Older adults,4,2024
MLI,2025-01-01,policy_revacc_interval,,Older adults with chronic conditions,4,2024
MLI,2025-01-01,policy_revacc_interval,,Other groups,4,2024
MLI,2025-01-01,policy_revacc_interval,,Pregnant women,4,2024
MLI,2025-01-01,policy_vacc,,Adults,4,2024
MLI,2025-01-01,policy_vacc,,Adults with chronic conditions,4,2024
MLI,2025-01-01,policy_vacc,,Child. & ado. with chronic conditions,4,2024
MLI,2025-01-01,policy_vacc,,Children & adolescents,4,2024
MLI,2025-01-01,policy_vacc,,Health and care workers,4,2024
MLI,2025-01-01,policy_vacc,,Older adults,4,2024
MLI,2025-01-01,policy_vacc,,Older adults with chronic conditions,4,2024
MLI,2025-01-01,policy_vacc,,Other groups,4,2024
MLI,2025-01-01,policy_vacc,,Pregnant women,4,2024
KHM,2024-04-01,policy_vacc,YES,Adults,1,2024
KHM,2024-04-01,policy_vacc,YES,Children & adolescents,1,2024
KHM,2024-04-01,policy_comment,18 years and up,Adults,1,2024
KHM,2024-04-01,policy_comment,12-17 years,Children & adolescents,1,2024
KHM,2024-04-01,status_product_use,YES,BIB-INAC-SARS2-1,1,2024
KHM,2024-04-01,status_product_use,YES,SIN-CORONAVAC-1,1,2024
KHM,2024-04-01,status_product_use,NO,SII-COVISHIELD-1,1,2024
KHM,2024-04-01,status_product_use,YES,ASZ-AZD1222-1,1,2024
KHM,2024-04-01,status_product_use,NO,JAP-AD26-COV-2.5-1,1,2024
KHM,2024-04-01,status_product_use,NO,MOC-MRNA-1273-1,1,2024
KHM,2024-04-01,status_product_use,YES,PFI-COMIRNATY-1,1,2024
KHM,2024-04-01,status_product_use,YES,PFI-CBOOB1-2,1,2024
KHM,2025-01-01,policy_comment,,Adults,4,2024
KHM,2025-01-01,policy_comment,,Adults with chronic conditions,4,2024
KHM,2025-01-01,policy_comment,,Child. & ado. with chronic conditions,4,2024
KHM,2025-01-01,policy_comment,,Children & adolescents,4,2024
KHM,2025-01-01,policy_comment,,Health and care workers,4,2024
KHM,2025-01-01,policy_comment,,Older adults,4,2024
KHM,2025-01-01,policy_comment,,Older adults with chronic conditions,4,2024
KHM,2025-01-01,policy_comment,,Other groups,4,2024
KHM,2025-01-01,policy_comment,,Pregnant women,4,2024
KHM,2025-01-01,policy_revacc,,Adults,4,2024
KHM,2025-01-01,policy_revacc,,Adults with chronic conditions,4,2024
KHM,2025-01-01,policy_revacc,,Child. & ado. with chronic conditions,4,2024
KHM,2025-01-01,policy_revacc,,Children & adolescents,4,2024
KHM,2025-01-01,policy_revacc,,Health and care workers,4,2024
KHM,2025-01-01,policy_revacc,,Older adults,4,2024
KHM,2025-01-01,policy_revacc,,Older adults with chronic conditions,4,2024
KHM,2025-01-01,policy_revacc,,Other groups,4,2024
KHM,2025-01-01,policy_revacc,,Pregnant women,4,2024
KHM,2025-01-01,policy_revacc_interval,,Adults,4,2024
KHM,2025-01-01,policy_revacc_interval,,Adults with chronic conditions,4,2024
KHM,2025-01-01,policy_revacc_interval,,Child. & ado. with chronic conditions,4,2024
KHM,2025-01-01,policy_revacc_interval,,Children & adolescents,4,2024
KHM,2025-01-01,policy_revacc_interval,,Health and care workers,4,2024
KHM,2025-01-01,policy_revacc_interval,,Older adults,4,2024
KHM,2025-01-01,policy_revacc_interval,,Older adults with chronic conditions,4,2024
KHM,2025-01-01,policy_revacc_interval,,Other groups,4,2024
KHM,2025-01-01,policy_revacc_interval,,Pregnant women,4,2024
KHM,2025-01-01,policy_vacc,,Adults,4,2024
KHM,2025-01-01,policy_vacc,,Adults with chronic conditions,4,2024
KHM,2025-01-01,policy_vacc,,Child. & ado. with chronic conditions,4,2024
KHM,2025-01-01,policy_vacc,,Children & adolescents,4,2024
KHM,2025-01-01,policy_vacc,,Health and care workers,4,2024
KHM,2025-01-01,policy_vacc,,Older adults,4,2024
KHM,2025-01-01,policy_vacc,,Older adults with chronic conditions,4,2024
KHM,2025-01-01,policy_vacc,,Other groups,4,2024
KHM,2025-01-01,policy_vacc,,Pregnant women,4,2024
BRA,2024-10-01,policy_comment,"Recomendação de recebimento de uma dose a cada seis meses, para pessoas imunocomprometidas a partir de cinco anos de idade, com a vacina disponível e atualizada.",Child. & ado. with chronic conditions,3,2024
BRA,2024-10-01,policy_comment,"Recomendação de vacinação de crianças de seis meses a menores de cinco anos de idade, na rotina conforme Calendário Nacional de Vacinação Infantil.",Other groups,3,2024
BRA,2024-10-01,policy_comment,"Recomendação de recebimento de uma dose a cada seis meses, para pessoas a partir de 60 anos de idade, com a vacina disponível e atualizada.",Older adults,3,2024
BRA,2024-10-01,policy_comment,"Recomendação de recebimento de uma dose a cada seis meses, para pessoas imunocomprometidas, com a vacina disponível e atualizada.",Older adults with chronic conditions,3,2024
BRA,2024-10-01,policy_revacc_interval,12 meses,Adults with chronic conditions,3,2024
BRA,2024-10-01,policy_revacc_interval,seis meses,Pregnant women,3,2024
BRA,2024-10-01,policy_revacc_interval,12 meses,Health and care workers,3,2024
BRA,2024-10-01,policy_revacc_interval,12 meses,Child. & ado. with chronic conditions,3,2024
BRA,2024-10-01,policy_revacc_interval,seis meses,Older adults,3,2024
BRA,2024-10-01,policy_revacc_interval,12 meses,Older adults with chronic conditions,3,2024
BRA,2024-10-01,policy_vacc,YES,Adults,3,2024
BRA,2024-10-01,policy_vacc,YES,Adults with chronic conditions,3,2024
BRA,2024-10-01,policy_vacc,YES,Pregnant women,3,2024
BRA,2024-10-01,policy_vacc,YES,Health and care workers,3,2024
BRA,2024-10-01,policy_vacc,YES,Children & adolescents,3,2024
BRA,2024-10-01,policy_vacc,YES,Child. & ado. with chronic conditions,3,2024
BRA,2024-10-01,policy_vacc,YES,Other groups,3,2024
BRA,2024-10-01,policy_vacc,YES,Older adults,3,2024
BRA,2024-10-01,policy_vacc,YES,Older adults with chronic conditions,3,2024
BRA,2024-10-01,policy_revacc,YES,Adults with chronic conditions,3,2024
BRA,2024-10-01,policy_revacc,YES,Pregnant women,3,2024
BRA,2024-10-01,policy_revacc,YES,Health and care workers,3,2024
BRA,2024-10-01,policy_revacc,YES,Child. & ado. with chronic conditions,3,2024
BRA,2024-10-01,policy_revacc,YES,Older adults,3,2024
BRA,2024-10-01,policy_revacc,YES,Older adults with chronic conditions,3,2024
BRA,2024-10-01,date_product_start,2024-05-20T00:00:00Z,MOC-SXBB-1,3,2024
BRA,2024-10-01,date_product_start,2023-02-27T00:00:00Z,PFI-CBOOB1-2,3,2024
BRA,2024-10-01,date_product_start,2023-02-27T00:00:00Z,PFI-CBOOB1-1,3,2024
BRA,2024-10-01,date_product_start,2021-01-25T00:00:00Z,ASZ-AZD1222-1,3,2024
BRA,2024-10-01,date_product_start,2021-06-23T00:00:00Z,JAP-AD26-COV-2.5-1,3,2024
BRA,2024-10-01,date_product_start,2021-05-03T00:00:00Z,PFI-COMIRNATY-1,3,2024
BRA,2024-10-01,date_product_start,2021-01-17T00:00:00Z,SIN-CORONAVAC-1,3,2024
BRA,2024-10-01,status_product_use,YES,MOC-SXBB-1,3,2024
BRA,2024-10-01,status_product_use,NO,PFI-CBOOB1-2,3,2024
BRA,2024-10-01,status_product_use,NO,PFI-CBOOB1-1,3,2024
BRA,2024-10-01,status_product_use,NO,ASZ-AZD1222-1,3,2024
BRA,2024-10-01,status_product_use,NO,JAP-AD26-COV-2.5-1,3,2024
BRA,2024-10-01,status_product_use,NO,PFI-COMIRNATY-1,3,2024
BRA,2024-10-01,status_product_use,YES,SIN-CORONAVAC-1,3,2024
BRA,2024-10-01,comment,Informe Técnico - Inclusão da vacina da Covid-19 monovalente XBB na estratégia de vacinação contra a Covid-19,MOC-SXBB-1,3,2024
BRA,2024-10-01,comment,"Introdução do imunizante na estratégia de vacinação no Programa Nacional de Imunização por meio da publicação do Informe Técnico Operacional de Vacinação contra a Covid-19 - 2023. O seu uso foi descontinuado, com o encerramento do estoque, tendo em vista que vacinas com cepas mais atualizadas foram adquiridas.",PFI-CBOOB1-2,3,2024
BRA,2024-10-01,comment,"Introdução do imunizante na estratégia de vacinação no Programa Nacional de Imunização por meio da publicação do Informe Técnico Operacional de Vacinação contra a Covid-19 - 2023. O seu uso foi descontinuado, com o encerramento do estoque, tendo em vista que vacinas com cepas mais atualizadas foram adquiridas.",PFI-CBOOB1-1,3,2024
BRA,2024-10-01,comment,"O seu uso foi descontinuado em 2023.  E novas doses não foram adquiridas, tendo em vista que as doses eram da cepa ancestral (Wuhan) e atualmente temos autorizadas pela Anvisa, para uso no país, vacinas com cepas atualizadas para as variantes Ômicron circulantes.",ASZ-AZD1222-1,3,2024
BRA,2024-10-01,comment,"O seu uso foi descontinuado em 2023.  E novas doses não foram adquiridas, tendo em vista que as doses eram da cepa ancestral (Wuhan) e atualmente temos autorizadas pela Anvisa, para uso no país, vacinas com cepas atualizadas para as variantes Ômicron circulantes.",JAP-AD26-COV-2.5-1,3,2024
BRA,2024-10-01,comment,"O seu uso foi descontinuado, com o encerramento do estoque, tendo em vista que vacinas com cepas mais atualizadas foram adquiridas.",PFI-COMIRNATY-1,3,2024
BRA,2024-10-01,comment,"A autorização de uso emergencial desta vacina expirou em 21 de maio de 2023. Entretanto a Agência Nacional de Vigilância em Saúde (Anvisa) emitiu a Resolução da Diretoria Colegiada - RDC nº 801 de 02/06/2023, que autorizava o uso dessa vacina até a data de validade do insumo (30 de setembro de 2024).",SIN-CORONAVAC-1,3,2024
BRA,2025-01-01,policy_revacc_interval,6_MONTHS,Older adults,4,2024
BRA,2025-01-01,policy_revacc_interval,12_MONTHS,Older adults with chronic conditions,4,2024
BRA,2025-01-01,policy_revacc_interval,12_MONTHS,Adults with chronic conditions,4,2024
BRA,2025-01-01,policy_revacc_interval,6_MONTHS,Pregnant women,4,2024
BRA,2025-01-01,policy_revacc_interval,12_MONTHS,Health and care workers,4,2024
BRA,2025-01-01,policy_revacc_interval,12_MONTHS,Child. & ado. with chronic conditions,4,2024
BRA,2025-01-01,policy_comment,"Recomendação de recebimento de uma dose a cada seis meses, para pessoas a partir de 60 anos de idade, com a vacina disponível e atualizada.",Older adults,4,2024
BRA,2025-01-01,policy_comment,"Recomendação de recebimento de uma dose a cada seis meses, para pessoas imunocomprometidas, com a vacina disponível e atualizada.",Older adults with chronic conditions,4,2024
BRA,2025-01-01,policy_comment,"Foram consideradas, nesse grupo, pessoas com comorbidades.",Adults with chronic conditions,4,2024
BRA,2025-01-01,policy_comment,"Recomendação de recebimento de uma dose a cada seis meses, para pessoas imunocomprometidas a partir de cinco anos de idade, com a vacina disponível e atualizada.",Child. & ado. with chronic conditions,4,2024
BRA,2025-01-01,policy_comment,"Recomendação de vacinação de crianças de seis meses a menores de cinco anos de idade, na rotina conforme Calendário Nacional de Vacinação Infantil.",Other groups,4,2024
BRA,2025-01-01,policy_comment,,Adults,4,2024
BRA,2025-01-01,policy_comment,,Children & adolescents,4,2024
BRA,2025-01-01,policy_comment,,Health and care workers,4,2024
BRA,2025-01-01,policy_comment,,Pregnant women,4,2024
BRA,2025-01-01,policy_revacc,,Other groups,4,2024
BRA,2025-01-01,policy_revacc_interval,,Adults,4,2024
BRA,2025-01-01,policy_revacc_interval,,Children & adolescents,4,2024
BRA,2025-01-01,policy_revacc_interval,,Other groups,4,2024
BRA,2024-07-01,comment,Informe Técnico - Inclusão da vacina da Covid-19 monovalente XBB na estratégia de vacinação contra a Covid-19,MOC-SXBB-1,2,2024
BRA,2024-07-01,comment,Pauta de distribuição nº 17,PFI-COMIRNATY-1,2,2024
BRA,2024-07-01,comment,1º Informe Técnico de Vacinação contra a Covid-19,SIN-CORONAVAC-1,2,2024
BRA,2024-07-01,comment,Informe Técnico Operacional de Vacinação contra a Covid-19 - 2023,PFI-CBOOB1-2,2,2024
BRA,2024-07-01,comment,Informe Técnico Operacional de Vacinação contra a Covid-19 - 2023,PFI-CBOOB1-1,2,2024
BRA,2024-07-01,comment,"O seu uso foi descontinuado em 2023.  E novas doses não foram adquiridas, tendo em vista que as doses eram da cepa ancestral (Wuhan) e atualmente temos autorizadas pela Anvisa, para uso no país, vacinas com cepas atualizadas para as variantes Ômicron circulantes.",ASZ-AZD1222-1,2,2024
BRA,2024-07-01,comment,"O seu uso foi descontinuado em 2023.  E novas doses não foram adquiridas, tendo em vista que as doses eram da cepa ancestral (Wuhan) e atualmente temos autorizadas pela Anvisa, para uso no país, vacinas com cepas atualizadas para as variantes Ômicron circulantes.",JAP-AD26-COV-2.5-1,2,2024
BRA,2024-07-01,status_product_use,YES,MOC-SXBB-1,2,2024
BRA,2024-07-01,status_product_use,NO,ASZ-AZD1222-1,2,2024
BRA,2024-07-01,status_product_use,NO,JAP-AD26-COV-2.5-1,2,2024
BRA,2024-07-01,date_product_start,2024-05-20T00:00:00Z,MOC-SXBB-1,2,2024
BRA,2024-07-01,date_product_start,2021-05-03T00:00:00Z,PFI-COMIRNATY-1,2,2024
BRA,2024-07-01,date_product_start,2021-01-17T00:00:00Z,SIN-CORONAVAC-1,2,2024
BRA,2024-07-01,date_product_start,2023-02-27T00:00:00Z,PFI-CBOOB1-2,2,2024
BRA,2024-07-01,date_product_start,2023-02-27T00:00:00Z,PFI-CBOOB1-1,2,2024
BRA,2024-07-01,date_product_start,2021-01-25T00:00:00Z,ASZ-AZD1222-1,2,2024
BRA,2024-07-01,date_product_start,2021-06-23T00:00:00Z,JAP-AD26-COV-2.5-1,2,2024
BRA,2025-01-01,policy_revacc,YES,Older adults,4,2024
BRA,2025-01-01,policy_revacc,YES,Older adults with chronic conditions,4,2024
BRA,2025-01-01,policy_revacc,YES,Adults,4,2024
BRA,2025-01-01,policy_revacc,YES,Adults with chronic conditions,4,2024
BRA,2025-01-01,policy_revacc,YES,Pregnant women,4,2024
BRA,2025-01-01,policy_revacc,YES,Health and care workers,4,2024
BRA,2025-01-01,policy_revacc,YES,Children & adolescents,4,2024
BRA,2025-01-01,policy_revacc,YES,Child. & ado. with chronic conditions,4,2024
BRA,2024-04-01,comment,"O seu uso foi descontinuado em 2023.  E novas doses não foram adquiridas, tendo em vista que as doses eram da cepa ancestral (Wuhan) e atualmente temos autorizadas pela Anvisa, para uso no país, vacinas com cepas atualizadas para as variantes Ômicron circulantes.",JAP-AD26-COV-2.5-1,1,2024
BRA,2024-04-01,comment,Pauta de distribuição nº 17,PFI-COMIRNATY-1,1,2024
BRA,2024-04-01,comment,1º Informe Técnico de Vacinação contra a Covid-19,SIN-CORONAVAC-1,1,2024
BRA,2024-04-01,comment,Informe Técnico Operacional de Vacinação contra a Covid-19 - 2023,PFI-CBOOB1-2,1,2024
BRA,2024-04-01,comment,Informe Técnico Operacional de Vacinação contra a Covid-19 - 2023,PFI-CBOOB1-1,1,2024
BRA,2024-04-01,comment,"O seu uso foi descontinuado em 2023.  E novas doses não foram adquiridas, tendo em vista que as doses eram da cepa ancestral (Wuhan) e atualmente temos autorizadas pela Anvisa, para uso no país, vacinas com cepas atualizadas para as variantes Ômicron circulantes.",ASZ-AZD1222-1,1,2024
BRA,2024-04-01,date_product_start,2021-06-23T00:00:00Z,JAP-AD26-COV-2.5-1,1,2024
BRA,2024-04-01,date_product_start,2021-05-03T00:00:00Z,PFI-COMIRNATY-1,1,2024
BRA,2024-04-01,date_product_start,2021-01-17T00:00:00Z,SIN-CORONAVAC-1,1,2024
BRA,2024-04-01,date_product_start,2023-02-27T00:00:00Z,PFI-CBOOB1-2,1,2024
BRA,2024-04-01,date_product_start,2023-02-27T00:00:00Z,PFI-CBOOB1-1,1,2024
BRA,2024-04-01,date_product_start,2021-01-25T00:00:00Z,ASZ-AZD1222-1,1,2024
BRA,2024-04-01,status_product_use,NO,JAP-AD26-COV-2.5-1,1,2024
BRA,2024-04-01,status_product_use,NO,ASZ-AZD1222-1,1,2024
BRA,2025-01-01,policy_vacc,YES,Older adults,4,2024
BRA,2025-01-01,policy_vacc,YES,Older adults with chronic conditions,4,2024
BRA,2025-01-01,policy_vacc,YES,Adults,4,2024
BRA,2025-01-01,policy_vacc,YES,Adults with chronic conditions,4,2024
BRA,2025-01-01,policy_vacc,YES,Pregnant women,4,2024
BRA,2025-01-01,policy_vacc,YES,Health and care workers,4,2024
BRA,2025-01-01,policy_vacc,YES,Children & adolescents,4,2024
BRA,2025-01-01,policy_vacc,YES,Child. & ado. with chronic conditions,4,2024
BRA,2025-01-01,policy_vacc,YES,Other groups,4,2024
BRA,2024-04-01,policy_vacc,YES,Older adults,1,2024
BRA,2024-04-01,policy_vacc,YES,Older adults with chronic conditions,1,2024
BRA,2024-04-01,policy_vacc,YES,Adults,1,2024
BRA,2024-04-01,policy_vacc,YES,Adults with chronic conditions,1,2024
BRA,2024-04-01,policy_vacc,YES,Pregnant women,1,2024
BRA,2024-04-01,policy_vacc,YES,Health and care workers,1,2024
BRA,2024-04-01,policy_vacc,YES,Children & adolescents,1,2024
BRA,2024-04-01,policy_vacc,YES,Child. & ado. with chronic conditions,1,2024
BRA,2024-04-01,policy_vacc,YES,Other groups,1,2024
BRA,2024-04-01,policy_comment,"Recomendação de recebimento de uma dose a cada seis meses, para pessoas a partir de 60 anos de idade, com a vacina disponível e atualizada.",Older adults,1,2024
BRA,2024-04-01,policy_comment,"Recomendação de recebimento de uma dose a cada seis meses, para pessoas imunocomprometidas, com a vacina disponível e atualizada.",Older adults with chronic conditions,1,2024
BRA,2024-04-01,policy_comment,"Recomendação de recebimento de uma dose a cada seis meses, para pessoas imunocomprometidas a partir de cinco anos de idade, com a vacina disponível e atualizada.",Child. & ado. with chronic conditions,1,2024
BRA,2024-04-01,policy_comment,"Recomendação de vacinação de crianças de seis meses a menores de cinco anos de idade, na rotina conforme Calendário Nacional de Vacinação Infantil.",Other groups,1,2024
BRA,2024-04-01,policy_revacc_interval,seis meses,Older adults,1,2024
BRA,2024-04-01,policy_revacc_interval,12 meses,Older adults with chronic conditions,1,2024
BRA,2024-04-01,policy_revacc_interval,12 meses,Adults with chronic conditions,1,2024
BRA,2024-04-01,policy_revacc_interval,seis meses,Pregnant women,1,2024
BRA,2024-04-01,policy_revacc_interval,12 meses,Health and care workers,1,2024
BRA,2024-04-01,policy_revacc_interval,12 meses,Child. & ado. with chronic conditions,1,2024
BRA,2024-04-01,policy_revacc,YES,Older adults,1,2024
BRA,2024-04-01,policy_revacc,YES,Older adults with chronic conditions,1,2024
BRA,2024-04-01,policy_revacc,YES,Adults with chronic conditions,1,2024
BRA,2024-04-01,policy_revacc,YES,Pregnant women,1,2024
BRA,2024-04-01,policy_revacc,YES,Health and care workers,1,2024
BRA,2024-04-01,policy_revacc,YES,Child. & ado. with chronic conditions,1,2024
BRA,2024-07-01,policy_comment,"Recomendação de recebimento de uma dose a cada seis meses, para pessoas imunocomprometidas, com a vacina disponível e atualizada.",Older adults with chronic conditions,2,2024
BRA,2024-07-01,policy_comment,"Recomendação de recebimento de uma dose a cada seis meses, para pessoas a partir de 60 anos de idade, com a vacina disponível e atualizada.",Older adults,2,2024
BRA,2024-07-01,policy_comment,"Recomendação de recebimento de uma dose a cada seis meses, para pessoas imunocomprometidas a partir de cinco anos de idade, com a vacina disponível e atualizada.",Child. & ado. with chronic conditions,2,2024
BRA,2024-07-01,policy_comment,"Recomendação de vacinação de crianças de seis meses a menores de cinco anos de idade, na rotina conforme Calendário Nacional de Vacinação Infantil.",Other groups,2,2024
BRA,2024-07-01,policy_revacc_interval,12 meses,Older adults with chronic conditions,2,2024
BRA,2024-07-01,policy_revacc_interval,seis meses,Older adults,2,2024
BRA,2024-07-01,policy_revacc_interval,12 meses,Adults with chronic conditions,2,2024
BRA,2024-07-01,policy_revacc_interval,seis meses,Pregnant women,2,2024
BRA,2024-07-01,policy_revacc_interval,12 meses,Health and care workers,2,2024
BRA,2024-07-01,policy_revacc_interval,12 meses,Child. & ado. with chronic conditions,2,2024
BRA,2024-07-01,policy_revacc,YES,Older adults with chronic conditions,2,2024
BRA,2024-07-01,policy_revacc,YES,Older adults,2,2024
BRA,2024-07-01,policy_revacc,YES,Adults with chronic conditions,2,2024
BRA,2024-07-01,policy_revacc,YES,Pregnant women,2,2024
BRA,2024-07-01,policy_revacc,YES,Health and care workers,2,2024
BRA,2024-07-01,policy_revacc,YES,Child. & ado. with chronic conditions,2,2024
BRA,2024-07-01,policy_vacc,YES,Older adults with chronic conditions,2,2024
BRA,2024-07-01,policy_vacc,YES,Adults,2,2024
BRA,2024-07-01,policy_vacc,YES,Older adults,2,2024
BRA,2024-07-01,policy_vacc,YES,Adults with chronic conditions,2,2024
BRA,2024-07-01,policy_vacc,YES,Pregnant women,2,2024
BRA,2024-07-01,policy_vacc,YES,Health and care workers,2,2024
BRA,2024-07-01,policy_vacc,YES,Children & adolescents,2,2024
BRA,2024-07-01,policy_vacc,YES,Child. & ado. with chronic conditions,2,2024
BRA,2024-07-01,policy_vacc,YES,Other groups,2,2024
ITA,2024-10-01,policy_revacc,YES,Older adults,3,2024
ITA,2024-10-01,policy_revacc,YES,Older adults with chronic conditions,3,2024
ITA,2024-10-01,policy_revacc,NO,Adults,3,2024
ITA,2024-10-01,policy_revacc,YES,Adults with chronic conditions,3,2024
ITA,2024-10-01,policy_revacc,YES,Pregnant women,3,2024
ITA,2024-10-01,policy_revacc,YES,Health and care workers,3,2024
ITA,2024-10-01,policy_revacc,YES,Child. & ado. with chronic conditions,3,2024
ITA,2024-10-01,policy_vacc,YES,Older adults,3,2024
ITA,2024-10-01,policy_vacc,YES,Older adults with chronic conditions,3,2024
ITA,2024-10-01,policy_vacc,NO,Adults,3,2024
ITA,2024-10-01,policy_vacc,YES,Adults with chronic conditions,3,2024
ITA,2024-10-01,policy_vacc,YES,Pregnant women,3,2024
ITA,2024-10-01,policy_vacc,YES,Health and care workers,3,2024
ITA,2024-10-01,policy_vacc,NO,Children & adolescents,3,2024
ITA,2024-10-01,policy_vacc,YES,Child. & ado. with chronic conditions,3,2024
ITA,2024-10-01,policy_revacc_interval,12m,Older adults,3,2024
ITA,2024-10-01,policy_revacc_interval,12m,Older adults with chronic conditions,3,2024
ITA,2024-10-01,policy_revacc_interval,12m,Adults with chronic conditions,3,2024
ITA,2024-10-01,policy_revacc_interval,12m,Health and care workers,3,2024
ITA,2024-10-01,policy_revacc_interval,12m,Child. & ado. with chronic conditions,3,2024
ITA,2024-04-01,policy_vacc,YES,Pregnant women,1,2024
ITA,2024-04-01,policy_vacc,YES,Health and care workers,1,2024
ITA,2024-04-01,policy_vacc,YES,Child. & ado. with chronic conditions,1,2024
ITA,2024-04-01,policy_vacc,YES,Older adults,1,2024
ITA,2024-04-01,policy_vacc,YES,Older adults with chronic conditions,1,2024
ITA,2024-04-01,policy_vacc,YES,Adults with chronic conditions,1,2024
ITA,2024-04-01,date_product_start,2021-02-11T00:00:00Z,ASZ-AZD1222-1,1,2024
ITA,2024-04-01,date_product_start,2021-04-22T00:00:00Z,JAP-AD26-COV-2.5-1,1,2024
ITA,2024-04-01,date_product_start,2021-01-14T00:00:00Z,MOC-MRNA-1273-1,1,2024
ITA,2024-04-01,date_product_start,2020-12-27T00:00:00Z,PFI-COMIRNATY-1,1,2024
ITA,2024-04-01,date_product_start,2022-02-28T00:00:00Z,NOV-COVAX-1,1,2024
ITA,2024-04-01,status_product_use,NO,ASZ-AZD1222-1,1,2024
ITA,2024-04-01,status_product_use,NO,JAP-AD26-COV-2.5-1,1,2024
ITA,2024-04-01,status_product_use,NO,MOC-MRNA-1273-1,1,2024
ITA,2024-04-01,status_product_use,YES,PFI-COMIRNATY-1,1,2024
ITA,2024-04-01,status_product_use,YES,NOV-COVAX-1,1,2024
ITA,2024-07-01,status_product_use,NO,ASZ-AZD1222-1,2,2024
ITA,2024-07-01,status_product_use,NO,JAP-AD26-COV-2.5-1,2,2024
ITA,2024-07-01,status_product_use,NO,MOC-MRNA-1273-1,2,2024
ITA,2024-07-01,status_product_use,YES,PFI-COMIRNATY-1,2,2024
ITA,2024-07-01,status_product_use,YES,NOV-COVAX-1,2,2024
ITA,2024-07-01,date_product_start,2021-02-11T00:00:00Z,ASZ-AZD1222-1,2,2024
ITA,2024-07-01,date_product_start,2021-04-22T00:00:00Z,JAP-AD26-COV-2.5-1,2,2024
ITA,2024-07-01,date_product_start,2021-01-14T00:00:00Z,MOC-MRNA-1273-1,2,2024
ITA,2024-07-01,date_product_start,2020-12-27T00:00:00Z,PFI-COMIRNATY-1,2,2024
ITA,2024-07-01,date_product_start,2022-02-28T00:00:00Z,NOV-COVAX-1,2,2024
ITA,2024-07-01,policy_vacc,YES,Older adults,2,2024
ITA,2024-07-01,policy_vacc,YES,Older adults with chronic conditions,2,2024
ITA,2024-07-01,policy_vacc,YES,Adults with chronic conditions,2,2024
ITA,2024-07-01,policy_vacc,YES,Pregnant women,2,2024
ITA,2024-07-01,policy_vacc,YES,Health and care workers,2,2024
ITA,2024-07-01,policy_vacc,YES,Child. & ado. with chronic conditions,2,2024
ITA,2024-07-01,policy_revacc,YES,Older adults,2,2024
ITA,2024-07-01,policy_revacc,YES,Older adults with chronic conditions,2,2024
ITA,2024-07-01,policy_revacc,YES,Adults with chronic conditions,2,2024
ITA,2024-07-01,policy_revacc,YES,Pregnant women,2,2024
ITA,2024-07-01,policy_revacc,YES,Health and care workers,2,2024
ITA,2024-07-01,policy_revacc,YES,Child. & ado. with chronic conditions,2,2024
ITA,2025-01-01,policy_revacc_interval,12_MONTHS,Older adults,4,2024
ITA,2025-01-01,policy_revacc_interval,12_MONTHS,Older adults with chronic conditions,4,2024
ITA,2025-01-01,policy_revacc_interval,12_MONTHS,Health and care workers,4,2024
ITA,2025-01-01,policy_revacc_interval,12_MONTHS,Child. & ado. with chronic conditions,4,2024
ITA,2025-01-01,policy_revacc,YES,Older adults,4,2024
ITA,2025-01-01,policy_revacc,YES,Older adults with chronic conditions,4,2024
ITA,2025-01-01,policy_revacc,NO,Adults,4,2024
ITA,2025-01-01,policy_revacc,YES,Adults with chronic conditions,4,2024
ITA,2025-01-01,policy_revacc,YES,Pregnant women,4,2024
ITA,2025-01-01,policy_revacc,YES,Health and care workers,4,2024
ITA,2025-01-01,policy_revacc,NO,Children & adolescents,4,2024
ITA,2025-01-01,policy_revacc,YES,Child. & ado. with chronic conditions,4,2024
ITA,2025-01-01,policy_vacc,YES,Older adults,4,2024
ITA,2025-01-01,policy_vacc,YES,Older adults with chronic conditions,4,2024
ITA,2025-01-01,policy_vacc,NO,Adults,4,2024
ITA,2025-01-01,policy_vacc,YES,Adults with chronic conditions,4,2024
ITA,2025-01-01,policy_vacc,YES,Pregnant women,4,2024
ITA,2025-01-01,policy_vacc,YES,Health and care workers,4,2024
ITA,2025-01-01,policy_vacc,NO,Children & adolescents,4,2024
ITA,2025-01-01,policy_vacc,YES,Child. & ado. with chronic conditions,4,2024
ITA,2024-10-01,date_product_start,2024-09-17T00:00:00Z,PFI-COJN-1,3,2024
ITA,2024-10-01,status_product_use,YES,PFI-COJN-1,3,2024
ITA,2024-10-01,date_product_start,2021-02-11T00:00:00Z,ASZ-AZD1222-1,3,2024
ITA,2024-10-01,date_product_start,2021-04-22T00:00:00Z,JAP-AD26-COV-2.5-1,3,2024
ITA,2024-10-01,date_product_start,2021-01-14T00:00:00Z,MOC-MRNA-1273-1,3,2024
ITA,2024-10-01,date_product_start,2020-12-27T00:00:00Z,PFI-COMIRNATY-1,3,2024
ITA,2024-10-01,date_product_start,2022-02-28T00:00:00Z,NOV-COVAX-1,3,2024
ITA,2024-10-01,status_product_use,NO,ASZ-AZD1222-1,3,2024
ITA,2024-10-01,status_product_use,NO,JAP-AD26-COV-2.5-1,3,2024
ITA,2024-10-01,status_product_use,NO,MOC-MRNA-1273-1,3,2024
ITA,2024-10-01,status_product_use,NO,PFI-COMIRNATY-1,3,2024
ITA,2024-10-01,status_product_use,NO,NOV-COVAX-1,3,2024
ITA,2025-01-01,policy_comment,,Adults,4,2024
ITA,2025-01-01,policy_comment,,Adults with chronic conditions,4,2024
ITA,2025-01-01,policy_comment,,Child. & ado. with chronic conditions,4,2024
ITA,2025-01-01,policy_comment,,Children & adolescents,4,2024
ITA,2025-01-01,policy_comment,,Health and care workers,4,2024
ITA,2025-01-01,policy_comment,,Older adults,4,2024
ITA,2025-01-01,policy_comment,,Older adults with chronic conditions,4,2024
ITA,2025-01-01,policy_comment,,Other groups,4,2024
ITA,2025-01-01,policy_comment,,Pregnant women,4,2024
ITA,2025-01-01,policy_revacc,,Other groups,4,2024
ITA,2025-01-01,policy_revacc_interval,,Adults,4,2024
ITA,2025-01-01,policy_revacc_interval,,Adults with chronic conditions,4,2024
ITA,2025-01-01,policy_revacc_interval,,Children & adolescents,4,2024
ITA,2025-01-01,policy_revacc_interval,,Other groups,4,2024
ITA,2025-01-01,policy_revacc_interval,,Pregnant women,4,2024
ITA,2025-01-01,policy_vacc,,Other groups,4,2024
BRB,2024-10-01,status_product_use,NO,JAP-AD26-COV-2.5-1,3,2024
BRB,2024-10-01,status_product_use,NO,SII-COVISHIELD-1,3,2024
BRB,2024-10-01,status_product_use,NO,PFI-COMIRNATY-1,3,2024
BRB,2024-10-01,status_product_use,NO,BIB-INAC-SARS2-1,3,2024
BRB,2024-10-01,status_product_use,NO,ASZ-AZD1222-1,3,2024
BRB,2024-10-01,date_product_start,2021-01-08T10:00:00Z,SII-COVISHIELD-1,3,2024
BRB,2024-10-01,date_product_start,2021-08-19T10:00:00Z,PFI-COMIRNATY-1,3,2024
BRB,2024-10-01,date_product_start,2021-06-30T10:00:00Z,BIB-INAC-SARS2-1,3,2024
BRB,2024-10-01,date_product_start,2021-04-08T09:30:00Z,ASZ-AZD1222-1,3,2024
BRB,2025-01-01,policy_vacc,YES,Older adults,4,2024
BRB,2025-01-01,policy_vacc,YES,Older adults with chronic conditions,4,2024
BRB,2025-01-01,policy_vacc,YES,Adults,4,2024
BRB,2025-01-01,policy_vacc,YES,Adults with chronic conditions,4,2024
BRB,2025-01-01,policy_vacc,YES,Pregnant women,4,2024
BRB,2025-01-01,policy_vacc,YES,Health and care workers,4,2024
BRB,2025-01-01,policy_vacc,YES,Children & adolescents,4,2024
BRB,2025-01-01,policy_vacc,YES,Child. & ado. with chronic conditions,4,2024
BRB,2025-01-01,policy_revacc,YES,Older adults,4,2024
BRB,2025-01-01,policy_revacc,YES,Older adults with chronic conditions,4,2024
BRB,2025-01-01,policy_revacc,NO,Adults,4,2024
BRB,2025-01-01,policy_revacc,YES,Adults with chronic conditions,4,2024
BRB,2025-01-01,policy_revacc,YES,Pregnant women,4,2024
BRB,2025-01-01,policy_revacc,YES,Health and care workers,4,2024
BRB,2025-01-01,policy_revacc,NO,Children & adolescents,4,2024
BRB,2025-01-01,policy_revacc,NO,Child. & ado. with chronic conditions,4,2024
BRB,2025-01-01,policy_revacc_interval,12_MONTHS,Older adults,4,2024
BRB,2025-01-01,policy_revacc_interval,12_MONTHS,Older adults with chronic conditions,4,2024
BRB,2025-01-01,policy_revacc_interval,12_MONTHS,Adults with chronic conditions,4,2024
BRB,2025-01-01,policy_revacc_interval,OTHER,Pregnant women,4,2024
BRB,2025-01-01,policy_revacc_interval,12_MONTHS,Health and care workers,4,2024
BRB,2025-01-01,policy_comment,,Adults,4,2024
BRB,2025-01-01,policy_comment,,Adults with chronic conditions,4,2024
BRB,2025-01-01,policy_comment,,Child. & ado. with chronic conditions,4,2024
BRB,2025-01-01,policy_comment,,Children & adolescents,4,2024
BRB,2025-01-01,policy_comment,,Health and care workers,4,2024
BRB,2025-01-01,policy_comment,,Older adults,4,2024
BRB,2025-01-01,policy_comment,,Older adults with chronic conditions,4,2024
BRB,2025-01-01,policy_comment,,Other groups,4,2024
BRB,2025-01-01,policy_comment,,Pregnant women,4,2024
BRB,2025-01-01,policy_revacc,,Other groups,4,2024
BRB,2025-01-01,policy_revacc_interval,,Adults,4,2024
BRB,2025-01-01,policy_revacc_interval,,Child. & ado. with chronic conditions,4,2024
BRB,2025-01-01,policy_revacc_interval,,Children & adolescents,4,2024
BRB,2025-01-01,policy_revacc_interval,,Other groups,4,2024
BRB,2025-01-01,policy_vacc,,Other groups,4,2024
BRB,2024-07-01,policy_revacc_interval,Annual,Adults with chronic conditions,2,2024
BRB,2024-07-01,policy_revacc_interval,During Pregnancy in the 2nd Trimestre,Pregnant women,2,2024
BRB,2024-07-01,policy_revacc_interval,Annual,Health and care workers,2,2024
BRB,2024-07-01,policy_revacc_interval,Annual,Older adults,2,2024
BRB,2024-07-01,policy_revacc_interval,Annual,Older adults with chronic conditions,2,2024
BRB,2024-07-01,policy_vacc,YES,Adults with chronic conditions,2,2024
BRB,2024-07-01,policy_vacc,YES,Pregnant women,2,2024
BRB,2024-07-01,policy_vacc,YES,Health and care workers,2,2024
BRB,2024-07-01,policy_vacc,YES,Children & adolescents,2,2024
BRB,2024-07-01,policy_vacc,YES,Child. & ado. with chronic conditions,2,2024
BRB,2024-07-01,policy_vacc,YES,Older adults,2,2024
BRB,2024-07-01,policy_vacc,YES,Older adults with chronic conditions,2,2024
BRB,2024-07-01,policy_vacc,YES,Adults,2,2024
BRB,2024-07-01,policy_revacc,YES,Adults with chronic conditions,2,2024
BRB,2024-07-01,policy_revacc,YES,Pregnant women,2,2024
BRB,2024-07-01,policy_revacc,YES,Health and care workers,2,2024
BRB,2024-07-01,policy_revacc,NO,Children & adolescents,2,2024
BRB,2024-07-01,policy_revacc,NO,Child. & ado. with chronic conditions,2,2024
BRB,2024-07-01,policy_revacc,YES,Older adults,2,2024
BRB,2024-07-01,policy_revacc,YES,Older adults with chronic conditions,2,2024
BRB,2024-07-01,policy_revacc,NO,Adults,2,2024
BRB,2024-07-01,status_product_use,NO,JAP-AD26-COV-2.5-1,2,2024
BRB,2024-07-01,status_product_use,NO,SII-COVISHIELD-1,2,2024
BRB,2024-07-01,status_product_use,NO,PFI-COMIRNATY-1,2,2024
BRB,2024-07-01,status_product_use,NO,BIB-INAC-SARS2-1,2,2024
BRB,2024-07-01,status_product_use,NO,ASZ-AZD1222-1,2,2024
BRB,2024-07-01,date_product_start,2021-10-15T10:00:00Z,JAP-AD26-COV-2.5-1,2,2024
BRB,2024-07-01,date_product_start,2021-01-08T10:00:00Z,SII-COVISHIELD-1,2,2024
BRB,2024-07-01,date_product_start,2021-08-19T10:00:00Z,PFI-COMIRNATY-1,2,2024
BRB,2024-07-01,date_product_start,2021-06-30T10:00:00Z,BIB-INAC-SARS2-1,2,2024
BRB,2024-07-01,date_product_start,2021-04-08T09:30:00Z,ASZ-AZD1222-1,2,2024
BRB,2024-10-01,date_product_start,2021-10-15T10:00:00Z,JAP-AD26-COV-2.5-1,3,2024
BRB,2024-04-01,policy_vacc,YES,Older adults,1,2024
BRB,2024-04-01,policy_vacc,YES,Older adults with chronic conditions,1,2024
BRB,2024-04-01,policy_vacc,YES,Adults,1,2024
BRB,2024-04-01,policy_vacc,YES,Adults with chronic conditions,1,2024
BRB,2024-04-01,policy_vacc,YES,Pregnant women,1,2024
BRB,2024-04-01,policy_vacc,YES,Health and care workers,1,2024
BRB,2024-04-01,policy_vacc,YES,Children & adolescents,1,2024
BRB,2024-04-01,policy_vacc,YES,Child. & ado. with chronic conditions,1,2024
BRB,2024-04-01,policy_revacc,YES,Older adults,1,2024
BRB,2024-04-01,policy_revacc,YES,Older adults with chronic conditions,1,2024
BRB,2024-04-01,policy_revacc,NO,Adults,1,2024
BRB,2024-04-01,policy_revacc,YES,Adults with chronic conditions,1,2024
BRB,2024-04-01,policy_revacc,YES,Pregnant women,1,2024
BRB,2024-04-01,policy_revacc,YES,Health and care workers,1,2024
BRB,2024-04-01,policy_revacc,NO,Children & adolescents,1,2024
BRB,2024-04-01,policy_revacc,NO,Child. & ado. with chronic conditions,1,2024
BRB,2024-04-01,policy_revacc_interval,Annual,Older adults,1,2024
BRB,2024-04-01,policy_revacc_interval,Annual,Older adults with chronic conditions,1,2024
BRB,2024-04-01,policy_revacc_interval,Annual,Adults with chronic conditions,1,2024
BRB,2024-04-01,policy_revacc_interval,During Pregnancy in the 2nd Trimestre,Pregnant women,1,2024
BRB,2024-04-01,policy_revacc_interval,Annual,Health and care workers,1,2024
BRB,2024-04-01,date_product_start,2021-10-15T10:00:00Z,JAP-AD26-COV-2.5-1,1,2024
BRB,2024-04-01,date_product_start,2021-01-08T10:00:00Z,SII-COVISHIELD-1,1,2024
BRB,2024-04-01,date_product_start,2021-08-19T10:00:00Z,PFI-COMIRNATY-1,1,2024
BRB,2024-04-01,date_product_start,2021-06-30T10:00:00Z,BIB-INAC-SARS2-1,1,2024
BRB,2024-04-01,date_product_start,2021-04-08T09:30:00Z,ASZ-AZD1222-1,1,2024
BRB,2024-04-01,status_product_use,NO,JAP-AD26-COV-2.5-1,1,2024
BRB,2024-04-01,status_product_use,NO,SII-COVISHIELD-1,1,2024
BRB,2024-04-01,status_product_use,NO,PFI-COMIRNATY-1,1,2024
BRB,2024-04-01,status_product_use,NO,BIB-INAC-SARS2-1,1,2024
BRB,2024-04-01,status_product_use,NO,ASZ-AZD1222-1,1,2024
BRB,2024-10-01,policy_revacc_interval,Annual,Older adults,3,2024
BRB,2024-10-01,policy_revacc_interval,Annual,Older adults with chronic conditions,3,2024
BRB,2024-10-01,policy_revacc_interval,Annual,Adults with chronic conditions,3,2024
BRB,2024-10-01,policy_revacc_interval,During Pregnancy in the 2nd Trimestre,Pregnant women,3,2024
BRB,2024-10-01,policy_revacc_interval,Annual,Health and care workers,3,2024
BRB,2024-10-01,policy_revacc,YES,Older adults,3,2024
BRB,2024-10-01,policy_revacc,YES,Older adults with chronic conditions,3,2024
BRB,2024-10-01,policy_revacc,NO,Adults,3,2024
BRB,2024-10-01,policy_revacc,YES,Adults with chronic conditions,3,2024
BRB,2024-10-01,policy_revacc,YES,Pregnant women,3,2024
BRB,2024-10-01,policy_revacc,YES,Health and care workers,3,2024
BRB,2024-10-01,policy_revacc,NO,Children & adolescents,3,2024
BRB,2024-10-01,policy_revacc,NO,Child. & ado. with chronic conditions,3,2024
BRB,2024-10-01,policy_vacc,YES,Older adults,3,2024
BRB,2024-10-01,policy_vacc,YES,Older adults with chronic conditions,3,2024
BRB,2024-10-01,policy_vacc,YES,Adults,3,2024
BRB,2024-10-01,policy_vacc,YES,Adults with chronic conditions,3,2024
BRB,2024-10-01,policy_vacc,YES,Pregnant women,3,2024
BRB,2024-10-01,policy_vacc,YES,Health and care workers,3,2024
BRB,2024-10-01,policy_vacc,YES,Children & adolescents,3,2024
BRB,2024-10-01,policy_vacc,YES,Child. & ado. with chronic conditions,3,2024
IRL,2024-07-01,policy_comment,"Those over 70 years of age have been targeted for the Autumn 2023 and Spring 2024 campaigns, the latter commenced on April 22nd. https://rcpi.access.preservica.com/uncategorized/IO_962b8c2e-69b3-4858-a5bd-8c3ee4f70560/. https://www.hse.ie/eng/health/immunisation/hcpinfo/covid19vaccineinfo4hps/clinicalguidance.pdf",Older adults,2,2024
IRL,2024-07-01,policy_comment,"Recommended if adults are over 70 years of age, have an underlying medical condtior  are immunocompromised. https://www.hse.ie/eng/health/immunisation/hcpinfo/covid19vaccineinfo4hps/clinicalguidance.pdf",Older adults with chronic conditions,2,2024
IRL,2024-07-01,policy_comment,Those aged 18-69 years if immunocompromised. https://www.hse.ie/eng/health/immunisation/hcpinfo/covid19vaccineinfo4hps/clinicalguidance.pdf,Adults,2,2024
IRL,2024-07-01,policy_comment,Vaccination recommended if  there is an  underlying medical condition. https://www.hse.ie/eng/health/immunisation/hcpinfo/covid19vaccineinfo4hps/clinicalguidance.pdf,Adults with chronic conditions,2,2024
IRL,2024-07-01,policy_comment,Recommendation is all year and is not seasonal. https://www.hse.ie/eng/health/immunisation/hcpinfo/covid19vaccineinfo4hps/clinicalguidance.pdf,Pregnant women,2,2024
IRL,2024-07-01,policy_comment,For the Autumn 2023 vaccination campaign only. https://www.hse.ie/eng/health/immunisation/hcpinfo/covid19vaccineinfo4hps/clinicalguidance.pdf,Health and care workers,2,2024
IRL,2024-07-01,policy_comment,Those aged 5-17 years if immunocompromised. Not recommended for those aged 6 months to 4 years. https://www.hse.ie/eng/health/immunisation/hcpinfo/covid19vaccineinfo4hps/clinicalguidance.pdf,Children & adolescents,2,2024
IRL,2024-07-01,policy_comment,"Vaccination recommended if  there is an  underlying medical condition, including  for those aged 6 months to 4 years of age. https://www.hse.ie/eng/health/immunisation/hcpinfo/covid19vaccineinfo4hps/clinicalguidance.pdf",Child. & ado. with chronic conditions,2,2024
IRL,2024-07-01,policy_revacc,YES,Older adults,2,2024
IRL,2024-07-01,policy_revacc,YES,Older adults with chronic conditions,2,2024
IRL,2024-07-01,policy_revacc,YES,Adults,2,2024
IRL,2024-07-01,policy_revacc,YES,Adults with chronic conditions,2,2024
IRL,2024-07-01,policy_revacc,YES,Pregnant women,2,2024
IRL,2024-07-01,policy_revacc,YES,Health and care workers,2,2024
IRL,2024-07-01,policy_revacc,YES,Children & adolescents,2,2024
IRL,2024-07-01,policy_revacc,YES,Child. & ado. with chronic conditions,2,2024
IRL,2024-07-01,policy_revacc,NO,Other groups,2,2024
IRL,2024-07-01,policy_vacc,YES,Older adults,2,2024
IRL,2024-07-01,policy_vacc,YES,Older adults with chronic conditions,2,2024
IRL,2024-07-01,policy_vacc,YES,Adults,2,2024
IRL,2024-07-01,policy_vacc,YES,Adults with chronic conditions,2,2024
IRL,2024-07-01,policy_vacc,YES,Pregnant women,2,2024
IRL,2024-07-01,policy_vacc,YES,Health and care workers,2,2024
IRL,2024-07-01,policy_vacc,YES,Children & adolescents,2,2024
IRL,2024-07-01,policy_vacc,YES,Child. & ado. with chronic conditions,2,2024
IRL,2024-07-01,policy_vacc,NO,Other groups,2,2024
IRL,2024-07-01,policy_revacc_interval,Six months,Older adults,2,2024
IRL,2024-07-01,policy_revacc_interval,Six months,Older adults with chronic conditions,2,2024
IRL,2024-07-01,policy_revacc_interval,Six months,Adults,2,2024
IRL,2024-07-01,policy_revacc_interval,Six months,Adults with chronic conditions,2,2024
IRL,2024-07-01,policy_revacc_interval,Six months,Pregnant women,2,2024
IRL,2024-07-01,policy_revacc_interval,Six months,Health and care workers,2,2024
IRL,2024-07-01,policy_revacc_interval,Six months,Children & adolescents,2,2024
IRL,2024-07-01,policy_revacc_interval,Six months,Child. & ado. with chronic conditions,2,2024
IRL,2024-07-01,comment,1 dose administered in January 2024.,MOC-MRNA-1273-1,2,2024
IRL,2024-07-01,comment,2 doses administered in March 2024.,PFI-COMIRNATY-1,2,2024
IRL,2024-07-01,comment,1 dose administered in January 2024,NOV-COVAX-1,2,2024
IRL,2024-07-01,comment,1 dose last administered in September 2023,ASZ-AZD1222-1,2,2024
IRL,2024-07-01,comment,2 doses administered in March 2024,PFI-CBOOB1-2,2,2024
IRL,2024-07-01,comment,2 doses last administered in October 2023,PFI-CBOOB1-1,2,2024
IRL,2024-07-01,comment,2 doses last adminstered in December 2023,MOC-SBOOB1-2,2,2024
IRL,2024-07-01,comment,1346 doses administered in March 2024,PFI-COXBB-1,2,2024
IRL,2024-07-01,comment,5 doses last administered in October 2023,MOC-SBOOB1-1,2,2024
IRL,2024-07-01,comment,7 doses administered in March 2024,NOV-NOXBB-1,2,2024
IRL,2024-07-01,comment,1 dose last administered in October 2023,JAP-AD26-COV-2.5-1,2,2024
IRL,2024-07-01,date_product_start,2021-01-15T00:00:00Z,MOC-MRNA-1273-1,2,2024
IRL,2024-07-01,date_product_start,2020-12-29T00:00:00Z,PFI-COMIRNATY-1,2,2024
IRL,2024-07-01,date_product_start,2022-01-27T00:00:00Z,NOV-COVAX-1,2,2024
IRL,2024-07-01,date_product_start,2021-02-01T00:00:00Z,ASZ-AZD1222-1,2,2024
IRL,2024-07-01,date_product_start,2024-04-18T16:03:23Z,PFI-CBOOB1-2,2,2024
IRL,2024-07-01,date_product_start,2021-11-11T00:00:00Z,PFI-CBOOB1-1,2,2024
IRL,2024-07-01,date_product_start,2021-06-01T00:00:00Z,MOC-SBOOB1-2,2,2024
IRL,2024-07-01,date_product_start,2021-11-15T00:00:00Z,PFI-COXBB-1,2,2024
IRL,2024-07-01,date_product_start,2021-12-22T00:00:00Z,MOC-SBOOB1-1,2,2024
IRL,2024-07-01,date_product_start,2023-12-18T00:00:00Z,NOV-NOXBB-1,2,2024
IRL,2024-07-01,date_product_start,2021-04-20T00:00:00Z,JAP-AD26-COV-2.5-1,2,2024
IRL,2024-07-01,status_product_use,YES,MOC-MRNA-1273-1,2,2024
IRL,2024-07-01,status_product_use,YES,PFI-COMIRNATY-1,2,2024
IRL,2024-07-01,status_product_use,YES,NOV-COVAX-1,2,2024
IRL,2024-07-01,status_product_use,NO,ASZ-AZD1222-1,2,2024
IRL,2024-07-01,status_product_use,YES,PFI-CBOOB1-2,2,2024
IRL,2024-07-01,status_product_use,NO,PFI-CBOOB1-1,2,2024
IRL,2024-07-01,status_product_use,NO,MOC-SBOOB1-2,2,2024
IRL,2024-07-01,status_product_use,YES,PFI-COXBB-1,2,2024
IRL,2024-07-01,status_product_use,NO,MOC-SBOOB1-1,2,2024
IRL,2024-07-01,status_product_use,YES,NOV-NOXBB-1,2,2024
IRL,2024-07-01,status_product_use,NO,JAP-AD26-COV-2.5-1,2,2024
IRL,2024-04-01,date_product_start,2021-12-22T00:00:00Z,MOC-SBOOB1-1,1,2024
IRL,2024-04-01,date_product_start,2023-12-18T00:00:00Z,NOV-NOXBB-1,1,2024
IRL,2024-04-01,date_product_start,2021-04-20T00:00:00Z,JAP-AD26-COV-2.5-1,1,2024
IRL,2024-04-01,date_product_start,2021-01-15T00:00:00Z,MOC-MRNA-1273-1,1,2024
IRL,2024-04-01,date_product_start,2020-12-29T00:00:00Z,PFI-COMIRNATY-1,1,2024
IRL,2024-04-01,date_product_start,2022-01-27T00:00:00Z,NOV-COVAX-1,1,2024
IRL,2024-04-01,date_product_start,2021-02-01T00:00:00Z,ASZ-AZD1222-1,1,2024
IRL,2024-04-01,date_product_start,2024-04-18T16:03:23Z,PFI-CBOOB1-2,1,2024
IRL,2024-04-01,date_product_start,2021-11-11T00:00:00Z,PFI-CBOOB1-1,1,2024
IRL,2024-04-01,date_product_start,2021-06-01T00:00:00Z,MOC-SBOOB1-2,1,2024
IRL,2024-04-01,date_product_start,2021-11-15T00:00:00Z,PFI-COXBB-1,1,2024
IRL,2024-04-01,status_product_use,NO,MOC-SBOOB1-1,1,2024
IRL,2024-04-01,status_product_use,YES,NOV-NOXBB-1,1,2024
IRL,2024-04-01,status_product_use,NO,JAP-AD26-COV-2.5-1,1,2024
IRL,2024-04-01,status_product_use,YES,MOC-MRNA-1273-1,1,2024
IRL,2024-04-01,status_product_use,YES,PFI-COMIRNATY-1,1,2024
IRL,2024-04-01,status_product_use,YES,NOV-COVAX-1,1,2024
IRL,2024-04-01,status_product_use,NO,ASZ-AZD1222-1,1,2024
IRL,2024-04-01,status_product_use,YES,PFI-CBOOB1-2,1,2024
IRL,2024-04-01,status_product_use,NO,PFI-CBOOB1-1,1,2024
IRL,2024-04-01,status_product_use,NO,MOC-SBOOB1-2,1,2024
IRL,2024-04-01,status_product_use,YES,PFI-COXBB-1,1,2024
IRL,2024-04-01,comment,5 doses last administered in October 2023,MOC-SBOOB1-1,1,2024
IRL,2024-04-01,comment,7 doses administered in March 2024,NOV-NOXBB-1,1,2024
IRL,2024-04-01,comment,1 dose last administered in October 2023,JAP-AD26-COV-2.5-1,1,2024
IRL,2024-04-01,comment,1 dose administered in January 2024.,MOC-MRNA-1273-1,1,2024
IRL,2024-04-01,comment,2 doses administered in March 2024.,PFI-COMIRNATY-1,1,2024
IRL,2024-04-01,comment,1 dose administered in January 2024,NOV-COVAX-1,1,2024
IRL,2024-04-01,comment,1 dose last administered in September 2023,ASZ-AZD1222-1,1,2024
IRL,2024-04-01,comment,2 doses administered in March 2024,PFI-CBOOB1-2,1,2024
IRL,2024-04-01,comment,2 doses last administered in October 2023,PFI-CBOOB1-1,1,2024
IRL,2024-04-01,comment,2 doses last adminstered in December 2023,MOC-SBOOB1-2,1,2024
IRL,2024-04-01,comment,1346 doses administered in March 2024,PFI-COXBB-1,1,2024
IRL,2025-01-01,policy_revacc,YES,Older adults,4,2024
IRL,2025-01-01,policy_revacc,YES,Older adults with chronic conditions,4,2024
IRL,2025-01-01,policy_revacc,YES,Adults with chronic conditions,4,2024
IRL,2025-01-01,policy_revacc,YES,Pregnant women,4,2024
IRL,2025-01-01,policy_revacc,YES,Health and care workers,4,2024
IRL,2025-01-01,policy_revacc,YES,Child. & ado. with chronic conditions,4,2024
IRL,2025-01-01,policy_revacc,YES,Other groups,4,2024
IRL,2025-01-01,policy_vacc,YES,Older adults,4,2024
IRL,2025-01-01,policy_vacc,YES,Older adults with chronic conditions,4,2024
IRL,2025-01-01,policy_vacc,NO,Adults,4,2024
IRL,2025-01-01,policy_vacc,YES,Adults with chronic conditions,4,2024
IRL,2025-01-01,policy_vacc,YES,Pregnant women,4,2024
IRL,2025-01-01,policy_vacc,YES,Health and care workers,4,2024
IRL,2025-01-01,policy_vacc,NO,Children & adolescents,4,2024
IRL,2025-01-01,policy_vacc,YES,Child. & ado. with chronic conditions,4,2024
IRL,2025-01-01,policy_vacc,YES,Other groups,4,2024
IRL,2024-04-01,policy_vacc,YES,Children & adolescents,1,2024
IRL,2024-04-01,policy_vacc,YES,Child. & ado. with chronic conditions,1,2024
IRL,2024-04-01,policy_vacc,YES,Older adults,1,2024
IRL,2024-04-01,policy_vacc,YES,Older adults with chronic conditions,1,2024
IRL,2024-04-01,policy_vacc,YES,Adults,1,2024
IRL,2024-04-01,policy_vacc,YES,Adults with chronic conditions,1,2024
IRL,2024-04-01,policy_vacc,YES,Pregnant women,1,2024
IRL,2024-04-01,policy_vacc,YES,Health and care workers,1,2024
IRL,2024-04-01,policy_vacc,NO,Other groups,1,2024
IRL,2024-04-01,policy_revacc,YES,Children & adolescents,1,2024
IRL,2024-04-01,policy_revacc,YES,Child. & ado. with chronic conditions,1,2024
IRL,2024-04-01,policy_revacc,YES,Older adults,1,2024
IRL,2024-04-01,policy_revacc,YES,Older adults with chronic conditions,1,2024
IRL,2024-04-01,policy_revacc,YES,Adults,1,2024
IRL,2024-04-01,policy_revacc,YES,Adults with chronic conditions,1,2024
IRL,2024-04-01,policy_revacc,YES,Pregnant women,1,2024
IRL,2024-04-01,policy_revacc,YES,Health and care workers,1,2024
IRL,2024-04-01,policy_revacc,NO,Other groups,1,2024
IRL,2024-04-01,policy_revacc_interval,Six months,Children & adolescents,1,2024
IRL,2024-04-01,policy_revacc_interval,Six months,Child. & ado. with chronic conditions,1,2024
IRL,2024-04-01,policy_revacc_interval,Six months,Older adults,1,2024
IRL,2024-04-01,policy_revacc_interval,Six months,Older adults with chronic conditions,1,2024
IRL,2024-04-01,policy_revacc_interval,Six months,Adults,1,2024
IRL,2024-04-01,policy_revacc_interval,Six months,Adults with chronic conditions,1,2024
IRL,2024-04-01,policy_revacc_interval,Six months,Pregnant women,1,2024
IRL,2024-04-01,policy_revacc_interval,Six months,Health and care workers,1,2024
IRL,2024-04-01,policy_comment,Those aged 5-17 years if immunocompromised. Not recommended for those aged 6 months to 4 years. https://www.hse.ie/eng/health/immunisation/hcpinfo/covid19vaccineinfo4hps/clinicalguidance.pdf,Children & adolescents,1,2024
IRL,2024-04-01,policy_comment,"Vaccination recommended if  there is an  underlying medical condition, including  for those aged 6 months to 4 years of age. https://www.hse.ie/eng/health/immunisation/hcpinfo/covid19vaccineinfo4hps/clinicalguidance.pdf",Child. & ado. with chronic conditions,1,2024
IRL,2024-04-01,policy_comment,"Those over 70 years of age have been targeted for the Autumn 2023 and Spring 2024 campaigns, the latter is due to commence on April 22nd. https://rcpi.access.preservica.com/uncategorized/IO_962b8c2e-69b3-4858-a5bd-8c3ee4f70560/. https://www.hse.ie/eng/health/immunisation/hcpinfo/covid19vaccineinfo4hps/clinicalguidance.pdf",Older adults,1,2024
IRL,2024-04-01,policy_comment,"Recommended if adults are over 70 years of age, have an underlying medical condtior  are immunocompromised. https://www.hse.ie/eng/health/immunisation/hcpinfo/covid19vaccineinfo4hps/clinicalguidance.pdf",Older adults with chronic conditions,1,2024
IRL,2024-04-01,policy_comment,Those aged 18-69 years if immunocompromised. https://www.hse.ie/eng/health/immunisation/hcpinfo/covid19vaccineinfo4hps/clinicalguidance.pdf,Adults,1,2024
IRL,2024-04-01,policy_comment,Vaccination recommended if  there is an  underlying medical condition. https://www.hse.ie/eng/health/immunisation/hcpinfo/covid19vaccineinfo4hps/clinicalguidance.pdf,Adults with chronic conditions,1,2024
IRL,2024-04-01,policy_comment,Recommendation is all year and is not seasonal. https://www.hse.ie/eng/health/immunisation/hcpinfo/covid19vaccineinfo4hps/clinicalguidance.pdf,Pregnant women,1,2024
IRL,2024-04-01,policy_comment,For the Autumn 2023 vaccination campaign only. https://www.hse.ie/eng/health/immunisation/hcpinfo/covid19vaccineinfo4hps/clinicalguidance.pdf,Health and care workers,1,2024
IRL,2025-01-01,policy_comment,"Winter 2024 campaign lasted from mid September 2024 to End February 2025, targeting those aged 60+ years",Older adults,4,2024
IRL,2025-01-01,policy_comment,"Winter 2024 campaign lasted from mid September 2024 to End February 2025, targeting those aged 60+ years a with a chronic medical condition /immunocompromised",Older adults with chronic conditions,4,2024
IRL,2025-01-01,policy_comment,"Winter 2024 campaign lasted from mid September 2024 to End February 2025, targeting those aged 18 to 59 years  with a chronic medical condition/immunocompromised",Adults with chronic conditions,4,2024
IRL,2025-01-01,policy_comment,Winter 2024 campaign lasted from mid September 2024 to End February 2025 (Pregnant women are eligible for vaccination  all year round),Pregnant women,4,2024
IRL,2025-01-01,policy_comment,Winter 2024 campaign lasted from mid September 2024 to End February 2025,Health and care workers,4,2024
IRL,2025-01-01,policy_comment,"Winter 2024 campaign lasted from mid September 2024 to End February 2025, targeting those aged 6 months to 17 years years  with a chronic medical condition/immunocompromised",Child. & ado. with chronic conditions,4,2024
IRL,2025-01-01,policy_comment,"Winter 2024 campaign lasted from mid September 2024 to End February 2025, targeting those resident in elderly based residential care facilities who avail of a 'Fair Deal ' public funded care scheme",Other groups,4,2024
IRL,2025-01-01,policy_revacc_interval,6_MONTHS,Older adults,4,2024
IRL,2025-01-01,policy_revacc_interval,6_MONTHS,Older adults with chronic conditions,4,2024
IRL,2025-01-01,policy_revacc_interval,6_MONTHS,Adults with chronic conditions,4,2024
IRL,2025-01-01,policy_revacc_interval,6_MONTHS,Pregnant women,4,2024
IRL,2025-01-01,policy_revacc_interval,6_MONTHS,Health and care workers,4,2024
IRL,2025-01-01,policy_revacc_interval,6_MONTHS,Child. & ado. with chronic conditions,4,2024
IRL,2025-01-01,policy_revacc_interval,6_MONTHS,Other groups,4,2024
IRL,2025-01-01,policy_comment,,Adults,4,2024
IRL,2025-01-01,policy_comment,,Children & adolescents,4,2024
IRL,2025-01-01,policy_revacc,,Adults,4,2024
IRL,2025-01-01,policy_revacc,,Children & adolescents,4,2024
IRL,2025-01-01,policy_revacc_interval,,Adults,4,2024
IRL,2025-01-01,policy_revacc_interval,,Children & adolescents,4,2024
CHE,2024-10-01,policy_revacc_interval,yearly,Older adults,3,2024
CHE,2024-10-01,policy_revacc_interval,yearly,Older adults with chronic conditions,3,2024
CHE,2024-10-01,policy_revacc_interval,yearly,Adults with chronic conditions,3,2024
CHE,2024-10-01,policy_comment,only with severe immune deficiency,Child. & ado. with chronic conditions,3,2024
CHE,2024-10-01,policy_vacc,YES,Pregnant women,3,2024
CHE,2024-10-01,policy_vacc,NO,Health and care workers,3,2024
CHE,2024-10-01,policy_vacc,NO,Children & adolescents,3,2024
CHE,2024-10-01,policy_vacc,YES,Child. & ado. with chronic conditions,3,2024
CHE,2024-10-01,policy_vacc,YES,Older adults,3,2024
CHE,2024-10-01,policy_vacc,YES,Older adults with chronic conditions,3,2024
CHE,2024-10-01,policy_vacc,NO,Adults,3,2024
CHE,2024-10-01,policy_vacc,YES,Adults with chronic conditions,3,2024
CHE,2024-10-01,policy_revacc,YES,Pregnant women,3,2024
CHE,2024-10-01,policy_revacc,NO,Health and care workers,3,2024
CHE,2024-10-01,policy_revacc,NO,Children & adolescents,3,2024
CHE,2024-10-01,policy_revacc,NO,Child. & ado. with chronic conditions,3,2024
CHE,2024-10-01,policy_revacc,YES,Older adults,3,2024
CHE,2024-10-01,policy_revacc,YES,Older adults with chronic conditions,3,2024
CHE,2024-10-01,policy_revacc,NO,Adults,3,2024
CHE,2024-10-01,policy_revacc,YES,Adults with chronic conditions,3,2024
CHE,2024-10-01,date_product_start,2024-10-07T00:00:00Z,MOC-SJN-1,3,2024
CHE,2024-10-01,date_product_start,2024-09-16T00:00:00Z,PFI-COJN-1,3,2024
CHE,2024-10-01,date_product_start,2023-09-28T00:00:00Z,MOC-SXBB-1,3,2024
CHE,2024-10-01,date_product_start,2023-09-22T00:00:00Z,PFI-COXBB-1,3,2024
CHE,2024-10-01,date_product_start,2021-01-15T00:00:00Z,MOC-MRNA-1273-1,3,2024
CHE,2024-10-01,date_product_start,2020-12-23T00:00:00Z,PFI-COMIRNATY-1,3,2024
CHE,2024-10-01,date_product_start,2022-04-13T00:00:00Z,NOV-COVAX-1,3,2024
CHE,2024-10-01,date_product_start,2023-04-11T00:00:00Z,PFI-CBOOB1-2,3,2024
CHE,2024-10-01,date_product_start,2022-10-05T00:00:00Z,PFI-CBOOB1-1,3,2024
CHE,2024-10-01,date_product_start,2023-03-08T00:00:00Z,MOC-SBOOB1-2,3,2024
CHE,2024-10-01,date_product_start,2022-09-26T00:00:00Z,MOC-SBOOB1-1,3,2024
CHE,2024-10-01,date_product_start,2021-10-06T00:00:00Z,JAP-AD26-COV-2.5-1,3,2024
CHE,2024-10-01,status_product_use,YES,MOC-SJN-1,3,2024
CHE,2024-10-01,status_product_use,YES,PFI-COJN-1,3,2024
CHE,2024-10-01,status_product_use,YES,MOC-SXBB-1,3,2024
CHE,2024-10-01,status_product_use,YES,PFI-COXBB-1,3,2024
CHE,2024-10-01,status_product_use,NO,MOC-MRNA-1273-1,3,2024
CHE,2024-10-01,status_product_use,NO,PFI-COMIRNATY-1,3,2024
CHE,2024-10-01,status_product_use,NO,NOV-COVAX-1,3,2024
CHE,2024-10-01,status_product_use,NO,PFI-CBOOB1-2,3,2024
CHE,2024-10-01,status_product_use,NO,PFI-CBOOB1-1,3,2024
CHE,2024-10-01,status_product_use,NO,MOC-SBOOB1-2,3,2024
CHE,2024-10-01,status_product_use,NO,MOC-SBOOB1-1,3,2024
CHE,2024-10-01,status_product_use,NO,JAP-AD26-COV-2.5-1,3,2024
CHE,2025-01-01,policy_revacc_interval,6_MONTHS,Older adults,4,2024
CHE,2025-01-01,policy_revacc_interval,6_MONTHS,Older adults with chronic conditions,4,2024
CHE,2025-01-01,policy_revacc_interval,6_MONTHS,Adults,4,2024
CHE,2025-01-01,policy_revacc_interval,6_MONTHS,Adults with chronic conditions,4,2024
CHE,2025-01-01,policy_revacc_interval,6_MONTHS,Pregnant women,4,2024
CHE,2025-01-01,policy_revacc_interval,6_MONTHS,Health and care workers,4,2024
CHE,2025-01-01,policy_revacc_interval,6_MONTHS,Children & adolescents,4,2024
CHE,2025-01-01,policy_revacc_interval,6_MONTHS,Child. & ado. with chronic conditions,4,2024
CHE,2025-01-01,policy_revacc_interval,6_MONTHS,Other groups,4,2024
CHE,2025-01-01,policy_revacc,YES,Older adults,4,2024
CHE,2025-01-01,policy_revacc,YES,Older adults with chronic conditions,4,2024
CHE,2025-01-01,policy_revacc,NO,Adults,4,2024
CHE,2025-01-01,policy_revacc,YES,Adults with chronic conditions,4,2024
CHE,2025-01-01,policy_revacc,YES,Pregnant women,4,2024
CHE,2025-01-01,policy_revacc,NO,Health and care workers,4,2024
CHE,2025-01-01,policy_revacc,NO,Children & adolescents,4,2024
CHE,2025-01-01,policy_revacc,YES,Child. & ado. with chronic conditions,4,2024
CHE,2025-01-01,policy_revacc,NO,Other groups,4,2024
CHE,2025-01-01,policy_comment,Boosters only for >=16y,Child. & ado. with chronic conditions,4,2024
CHE,2025-01-01,policy_vacc,YES,Older adults,4,2024
CHE,2025-01-01,policy_vacc,YES,Older adults with chronic conditions,4,2024
CHE,2025-01-01,policy_vacc,NO,Adults,4,2024
CHE,2025-01-01,policy_vacc,YES,Adults with chronic conditions,4,2024
CHE,2025-01-01,policy_vacc,YES,Pregnant women,4,2024
CHE,2025-01-01,policy_vacc,NO,Health and care workers,4,2024
CHE,2025-01-01,policy_vacc,NO,Children & adolescents,4,2024
CHE,2025-01-01,policy_vacc,YES,Child. & ado. with chronic conditions,4,2024
CHE,2025-01-01,policy_vacc,NO,Other groups,4,2024
CHE,2025-01-01,policy_comment,,Adults,4,2024
CHE,2025-01-01,policy_comment,,Adults with chronic conditions,4,2024
CHE,2025-01-01,policy_comment,,Children & adolescents,4,2024
CHE,2025-01-01,policy_comment,,Health and care workers,4,2024
CHE,2025-01-01,policy_comment,,Older adults,4,2024
CHE,2025-01-01,policy_comment,,Older adults with chronic conditions,4,2024
CHE,2025-01-01,policy_comment,,Other groups,4,2024
CHE,2025-01-01,policy_comment,,Pregnant women,4,2024
CHE,2024-04-01,policy_vacc,NO,Adults,1,2024
CHE,2024-04-01,policy_vacc,YES,Adults with chronic conditions,1,2024
CHE,2024-04-01,policy_vacc,YES,Pregnant women,1,2024
CHE,2024-04-01,policy_vacc,NO,Health and care workers,1,2024
CHE,2024-04-01,policy_vacc,NO,Children & adolescents,1,2024
CHE,2024-04-01,policy_vacc,YES,Child. & ado. with chronic conditions,1,2024
CHE,2024-04-01,policy_revacc,YES,Older adults,1,2024
CHE,2024-04-01,policy_revacc,YES,Older adults with chronic conditions,1,2024
CHE,2024-04-01,policy_revacc,NO,Adults,1,2024
CHE,2024-04-01,policy_revacc,YES,Adults with chronic conditions,1,2024
CHE,2024-04-01,policy_revacc,YES,Pregnant women,1,2024
CHE,2024-04-01,policy_revacc,NO,Health and care workers,1,2024
CHE,2024-04-01,policy_revacc,NO,Children & adolescents,1,2024
CHE,2024-04-01,policy_revacc,YES,Child. & ado. with chronic conditions,1,2024
CHE,2024-04-01,policy_revacc_interval,yearly,Older adults,1,2024
CHE,2024-04-01,policy_revacc_interval,yearly,Older adults with chronic conditions,1,2024
CHE,2024-04-01,policy_revacc_interval,yearly,Adults with chronic conditions,1,2024
CHE,2024-04-01,policy_revacc_interval,depending on the immune status,Child. & ado. with chronic conditions,1,2024
CHE,2024-07-01,policy_vacc,YES,Older adults,2,2024
CHE,2024-07-01,policy_vacc,YES,Older adults with chronic conditions,2,2024
CHE,2024-07-01,policy_vacc,NO,Adults,2,2024
CHE,2024-07-01,policy_vacc,YES,Adults with chronic conditions,2,2024
CHE,2024-07-01,policy_vacc,YES,Pregnant women,2,2024
CHE,2024-07-01,policy_vacc,NO,Health and care workers,2,2024
CHE,2024-07-01,policy_vacc,NO,Children & adolescents,2,2024
CHE,2024-07-01,policy_vacc,YES,Child. & ado. with chronic conditions,2,2024
CHE,2024-07-01,policy_revacc,YES,Older adults,2,2024
CHE,2024-07-01,policy_revacc,YES,Older adults with chronic conditions,2,2024
CHE,2024-07-01,policy_revacc,NO,Adults,2,2024
CHE,2024-07-01,policy_revacc,YES,Adults with chronic conditions,2,2024
CHE,2024-07-01,policy_revacc,YES,Pregnant women,2,2024
CHE,2024-07-01,policy_revacc,NO,Health and care workers,2,2024
CHE,2024-07-01,policy_revacc,NO,Children & adolescents,2,2024
CHE,2024-07-01,policy_revacc,YES,Child. & ado. with chronic conditions,2,2024
CHE,2024-07-01,policy_revacc_interval,yearly,Older adults,2,2024
CHE,2024-07-01,policy_revacc_interval,yearly,Older adults with chronic conditions,2,2024
CHE,2024-07-01,policy_revacc_interval,yearly,Adults with chronic conditions,2,2024
CHE,2024-07-01,policy_revacc_interval,depending on the immune status,Child. & ado. with chronic conditions,2,2024
CHE,2024-04-01,date_product_start,2023-09-28T00:00:00Z,MOC-SXBB-1,1,2024
CHE,2024-04-01,date_product_start,2023-09-22T00:00:00Z,PFI-COXBB-1,1,2024
CHE,2024-04-01,date_product_start,2021-01-15T00:00:00Z,MOC-MRNA-1273-1,1,2024
CHE,2024-04-01,date_product_start,2020-12-23T00:00:00Z,PFI-COMIRNATY-1,1,2024
CHE,2024-04-01,date_product_start,2022-04-13T00:00:00Z,NOV-COVAX-1,1,2024
CHE,2024-04-01,date_product_start,2023-04-11T00:00:00Z,PFI-CBOOB1-2,1,2024
CHE,2024-04-01,date_product_start,2022-10-05T00:00:00Z,PFI-CBOOB1-1,1,2024
CHE,2024-04-01,date_product_start,2023-03-08T00:00:00Z,MOC-SBOOB1-2,1,2024
CHE,2024-04-01,date_product_start,2022-09-26T00:00:00Z,MOC-SBOOB1-1,1,2024
CHE,2024-04-01,date_product_start,2021-10-06T00:00:00Z,JAP-AD26-COV-2.5-1,1,2024
CHE,2024-04-01,status_product_use,YES,MOC-SXBB-1,1,2024
CHE,2024-04-01,status_product_use,YES,PFI-COXBB-1,1,2024
CHE,2024-04-01,status_product_use,NO,MOC-MRNA-1273-1,1,2024
CHE,2024-04-01,status_product_use,YES,PFI-COMIRNATY-1,1,2024
CHE,2024-04-01,status_product_use,NO,NOV-COVAX-1,1,2024
CHE,2024-04-01,status_product_use,YES,PFI-CBOOB1-2,1,2024
CHE,2024-04-01,status_product_use,NO,PFI-CBOOB1-1,1,2024
CHE,2024-04-01,status_product_use,NO,MOC-SBOOB1-2,1,2024
CHE,2024-04-01,status_product_use,NO,MOC-SBOOB1-1,1,2024
CHE,2024-04-01,status_product_use,NO,JAP-AD26-COV-2.5-1,1,2024
CHE,2024-07-01,date_product_start,2023-09-28T00:00:00Z,MOC-SXBB-1,2,2024
CHE,2024-07-01,date_product_start,2023-09-22T00:00:00Z,PFI-COXBB-1,2,2024
CHE,2024-07-01,date_product_start,2021-01-15T00:00:00Z,MOC-MRNA-1273-1,2,2024
CHE,2024-07-01,date_product_start,2020-12-23T00:00:00Z,PFI-COMIRNATY-1,2,2024
CHE,2024-07-01,date_product_start,2022-04-13T00:00:00Z,NOV-COVAX-1,2,2024
CHE,2024-07-01,date_product_start,2023-04-11T00:00:00Z,PFI-CBOOB1-2,2,2024
CHE,2024-07-01,date_product_start,2022-10-05T00:00:00Z,PFI-CBOOB1-1,2,2024
CHE,2024-07-01,date_product_start,2023-03-08T00:00:00Z,MOC-SBOOB1-2,2,2024
CHE,2024-07-01,date_product_start,2022-09-26T00:00:00Z,MOC-SBOOB1-1,2,2024
CHE,2024-07-01,date_product_start,2021-10-06T00:00:00Z,JAP-AD26-COV-2.5-1,2,2024
CHE,2024-07-01,status_product_use,YES,MOC-SXBB-1,2,2024
CHE,2024-07-01,status_product_use,YES,PFI-COXBB-1,2,2024
CHE,2024-07-01,status_product_use,NO,MOC-MRNA-1273-1,2,2024
CHE,2024-07-01,status_product_use,NO,PFI-COMIRNATY-1,2,2024
CHE,2024-07-01,status_product_use,NO,NOV-COVAX-1,2,2024
CHE,2024-07-01,status_product_use,NO,PFI-CBOOB1-2,2,2024
CHE,2024-07-01,status_product_use,NO,PFI-CBOOB1-1,2,2024
CHE,2024-07-01,status_product_use,NO,MOC-SBOOB1-2,2,2024
CHE,2024-07-01,status_product_use,NO,MOC-SBOOB1-1,2,2024
CHE,2024-07-01,status_product_use,NO,JAP-AD26-COV-2.5-1,2,2024
CHE,2024-04-01,policy_vacc,YES,Older adults,1,2024
CHE,2024-04-01,policy_vacc,YES,Older adults with chronic conditions,1,2024
SAU,2024-04-01,date_product_start,2023-12-25T07:00:00Z,MOC-SXBB-1,1,2024
SAU,2024-04-01,date_product_start,2024-01-07T07:00:00Z,PFI-COXBB-1,1,2024
SAU,2024-04-01,status_product_use,YES,MOC-SXBB-1,1,2024
SAU,2024-04-01,status_product_use,YES,PFI-COXBB-1,1,2024
SAU,2024-04-01,policy_vacc,YES,Older adults,1,2024
SAU,2024-04-01,policy_vacc,YES,Older adults with chronic conditions,1,2024
SAU,2024-04-01,policy_vacc,YES,Adults,1,2024
SAU,2024-04-01,policy_vacc,YES,Adults with chronic conditions,1,2024
SAU,2024-04-01,policy_vacc,YES,Pregnant women,1,2024
SAU,2024-04-01,policy_vacc,YES,Health and care workers,1,2024
SAU,2024-04-01,policy_vacc,NO,Children & adolescents,1,2024
SAU,2024-04-01,policy_vacc,NO,Child. & ado. with chronic conditions,1,2024
SAU,2024-04-01,policy_vacc,NO,Other groups,1,2024
SAU,2024-04-01,policy_revacc,NO,Older adults,1,2024
SAU,2024-04-01,policy_revacc,NO,Older adults with chronic conditions,1,2024
SAU,2024-04-01,policy_revacc,NO,Adults,1,2024
SAU,2024-04-01,policy_revacc,NO,Adults with chronic conditions,1,2024
SAU,2024-04-01,policy_revacc,NO,Pregnant women,1,2024
SAU,2024-04-01,policy_revacc,NO,Health and care workers,1,2024
SAU,2024-04-01,policy_revacc,NO,Children & adolescents,1,2024
SAU,2024-04-01,policy_revacc,NO,Child. & ado. with chronic conditions,1,2024
SAU,2024-04-01,policy_revacc,NO,Other groups,1,2024
SAU,2024-04-01,policy_comment,50 years and above,Older adults,1,2024
SAU,2024-04-01,policy_comment,we can use it from 12 years old but the currecnt recommentions in saudi arabia from 18 years old and older,Children & adolescents,1,2024
SAU,2024-04-01,policy_comment,we can use it from 12 years old but the currecnt recommentions in saudi arabia from 18 years old and older,Child. & ado. with chronic conditions,1,2024
SAU,2025-01-01,policy_comment,For domestic pilgrims,Other groups,4,2024
SAU,2025-01-01,policy_vacc,YES,Other groups,4,2024
SAU,2025-01-01,policy_vacc,YES,Older adults,4,2024
SAU,2025-01-01,policy_vacc,YES,Older adults with chronic conditions,4,2024
SAU,2025-01-01,policy_vacc,NO,Adults,4,2024
SAU,2025-01-01,policy_vacc,YES,Adults with chronic conditions,4,2024
SAU,2025-01-01,policy_vacc,YES,Pregnant women,4,2024
SAU,2025-01-01,policy_vacc,YES,Health and care workers,4,2024
SAU,2025-01-01,policy_vacc,NO,Children & adolescents,4,2024
SAU,2025-01-01,policy_vacc,NO,Child. & ado. with chronic conditions,4,2024
SAU,2025-01-01,policy_revacc,YES,Other groups,4,2024
SAU,2025-01-01,policy_revacc,YES,Older adults,4,2024
SAU,2025-01-01,policy_revacc,YES,Older adults with chronic conditions,4,2024
SAU,2025-01-01,policy_revacc,NO,Adults,4,2024
SAU,2025-01-01,policy_revacc,YES,Adults with chronic conditions,4,2024
SAU,2025-01-01,policy_revacc,YES,Pregnant women,4,2024
SAU,2025-01-01,policy_revacc,YES,Health and care workers,4,2024
SAU,2025-01-01,policy_revacc,NO,Children & adolescents,4,2024
SAU,2025-01-01,policy_revacc_interval,12_MONTHS,Other groups,4,2024
SAU,2025-01-01,policy_revacc_interval,12_MONTHS,Older adults,4,2024
SAU,2025-01-01,policy_revacc_interval,12_MONTHS,Older adults with chronic conditions,4,2024
SAU,2025-01-01,policy_revacc_interval,12_MONTHS,Adults with chronic conditions,4,2024
SAU,2025-01-01,policy_revacc_interval,12_MONTHS,Pregnant women,4,2024
SAU,2025-01-01,policy_revacc_interval,12_MONTHS,Health and care workers,4,2024
SAU,2025-01-01,policy_comment,,Adults,4,2024
SAU,2025-01-01,policy_comment,,Adults with chronic conditions,4,2024
SAU,2025-01-01,policy_comment,,Child. & ado. with chronic conditions,4,2024
SAU,2025-01-01,policy_comment,,Children & adolescents,4,2024
SAU,2025-01-01,policy_comment,,Health and care workers,4,2024
SAU,2025-01-01,policy_comment,,Older adults,4,2024
SAU,2025-01-01,policy_comment,,Older adults with chronic conditions,4,2024
SAU,2025-01-01,policy_comment,,Pregnant women,4,2024
SAU,2025-01-01,policy_revacc,,Child. & ado. with chronic conditions,4,2024
SAU,2025-01-01,policy_revacc_interval,,Adults,4,2024
SAU,2025-01-01,policy_revacc_interval,,Child. & ado. with chronic conditions,4,2024
SAU,2025-01-01,policy_revacc_interval,,Children & adolescents,4,2024
COL,2024-07-01,policy_revacc_interval,La dosis adicional se debe administrar después que hayan pasado al menos 6 meses de su esquema de vacunación (Esquema primario refuerzos).,Older adults,2,2024
COL,2024-07-01,policy_revacc_interval,La población con comorbilidades debe recibir una dosis adicional al menos 6 meses luego de su última dosis.,Older adults with chronic conditions,2,2024
COL,2024-07-01,policy_revacc_interval,"Población de 18 años y más accederá a dosis adicional al menos seis (6) meses después de la última dosis contra la COVID-19, con la vacuna ARNm; de acuerdo a la disponibilidad de vacuna en el país y a las indicaciones del fabricante",Adults,2,2024
COL,2024-07-01,policy_revacc_interval,La población con comorbilidades debe recibir una dosis adicional al menos 6 meses luego de su última dosis,Adults with chronic conditions,2,2024
COL,2024-07-01,policy_revacc_interval,La dosis adicional se debe administrar cuando hayan pasado 6 meses de su esquema de vacunación (Esquema primario y/o refuerzos). Se garantizar una dosis por cada embarazo.,Pregnant women,2,2024
COL,2024-07-01,policy_revacc_interval,La dosis adicional se debe administrar después hayan pasado al menos 6 meses de su esquema de vacunación (Esquema primario y/o refuerzos).,Health and care workers,2,2024
COL,2024-07-01,policy_revacc_interval,"Las personas de 12 a 17 años después de haber completado el esquema primario, podrán acceder a dosis adicional con vacuna de ARNm posterior a los seis meses de haber recibido la última dosis; de acuerdo con la disponibilidad vacuna en el país y a las indicaciones del fabricante.",Children & adolescents,2,2024
COL,2024-07-01,policy_revacc_interval,La dosis adicional se debe administrar después hayan pasado al menos 6 meses de su esquema de vacunación (Esquema primario y/o refuerzos).,Child. & ado. with chronic conditions,2,2024
COL,2024-07-01,policy_revacc,YES,Older adults,2,2024
COL,2024-07-01,policy_revacc,YES,Older adults with chronic conditions,2,2024
COL,2024-07-01,policy_revacc,YES,Adults,2,2024
COL,2024-07-01,policy_revacc,YES,Adults with chronic conditions,2,2024
COL,2024-07-01,policy_revacc,YES,Pregnant women,2,2024
COL,2024-07-01,policy_revacc,YES,Health and care workers,2,2024
COL,2024-07-01,policy_revacc,YES,Children & adolescents,2,2024
COL,2024-07-01,policy_revacc,YES,Child. & ado. with chronic conditions,2,2024
COL,2024-07-01,policy_vacc,YES,Older adults,2,2024
COL,2024-07-01,policy_vacc,YES,Older adults with chronic conditions,2,2024
COL,2024-07-01,policy_vacc,YES,Adults,2,2024
COL,2024-07-01,policy_vacc,YES,Adults with chronic conditions,2,2024
COL,2024-07-01,policy_vacc,YES,Pregnant women,2,2024
COL,2024-07-01,policy_vacc,YES,Health and care workers,2,2024
COL,2024-07-01,policy_vacc,YES,Children & adolescents,2,2024
COL,2024-07-01,policy_vacc,YES,Child. & ado. with chronic conditions,2,2024
COL,2024-07-01,status_product_use,YES,MOC-MRNA-1273-1,2,2024
COL,2024-07-01,status_product_use,YES,PFI-COMIRNATY-1,2,2024
COL,2024-07-01,status_product_use,YES,SIN-CORONAVAC-1,2,2024
COL,2024-07-01,status_product_use,NO,ASZ-AZD1222-1,2,2024
COL,2024-07-01,status_product_use,YES,MOC-SBOOB1-2,2,2024
COL,2024-07-01,status_product_use,NO,JAP-AD26-COV-2.5-1,2,2024
COL,2024-07-01,comment,"El Invima profirió la Resolución 2023001963 del 19 de enero de 2023 que modificó la Resolución 2022019162 del 24 de junio de 2022 (que concedió la Autorización de Uso de Emergencia (ASUE) y aprobó la utilización de COVID-19 Vaccine Moderna para prevenir la COVID-19, en niños de 6 años o más) para aprobar el uso en población pediátrica mayor a 6 meses.",MOC-MRNA-1273-1,2,2024
COL,2024-07-01,comment,"El Invima según Res. No. 2022000246 de 05 enero de 2022, realizó la renovación de forma automática una autorización sanitaria de uso de emergencia - ASUE del laboratorio Pfizer en personas de 12 años en adelante.",PFI-COMIRNATY-1,2,2024
COL,2024-07-01,comment,"El Invima según Res. 2021048566 del 29 de Octubre de 2021, se podrá iniciar el esquema de vacunación con la VACUNA SARS-CoV-2 (CELULA VERO), INACTIVADA - CORONA VAC en población a partir de los 3 años, con un intervalo entre la primera y segunda dosis de 28 días"".",SIN-CORONAVAC-1,2,2024
COL,2024-07-01,comment,"Resolución INVIMA  No. 5436 del 23 de febrero 2021, ampliada por la resolución 040106 del 15 de septiembre 2021 para ser aplicada en personas mayores de 18 años.",ASZ-AZD1222-1,2,2024
COL,2024-07-01,comment,"Resolución 1862 de 2023 La vacuna moderna bivalente, Spikevax bivalent® Original/ómicron 8A.4- 5 está indicada para la inmunización activa para prevenir la COVID-19, causada por el virus SARS-CoV-2, en grupos poblaciones con alto riesgo de complicaciones de 18 años y mayores que han recibido previamente al menos la primo vacunación frente a la CO VID- 19.",MOC-SBOOB1-2,2,2024
COL,2024-07-01,comment,"Resolución No.2021010278 del 25 de marzo de 2021, mediante la cual se concedió la Autorización de Uso de Emergencia No ASUE 2021-000003 para la vacuna COVID-19 de Janssen en adultos de 18 años en adelante.",JAP-AD26-COV-2.5-1,2,2024
COL,2024-07-01,date_product_start,2021-07-27T00:00:00Z,MOC-MRNA-1273-1,2,2024
COL,2024-07-01,date_product_start,2021-02-17T00:00:00Z,PFI-COMIRNATY-1,2,2024
COL,2024-07-01,date_product_start,2021-02-22T00:00:00Z,SIN-CORONAVAC-1,2,2024
COL,2024-07-01,date_product_start,2021-03-29T00:00:00Z,ASZ-AZD1222-1,2,2024
COL,2024-07-01,date_product_start,2023-11-15T00:00:00Z,MOC-SBOOB1-2,2,2024
COL,2024-07-01,date_product_start,2021-06-23T00:00:00Z,JAP-AD26-COV-2.5-1,2,2024
COL,2024-04-01,policy_revacc,YES,Older adults,1,2024
COL,2024-04-01,policy_revacc,YES,Older adults with chronic conditions,1,2024
COL,2024-04-01,policy_revacc,YES,Adults,1,2024
COL,2024-04-01,policy_revacc,YES,Adults with chronic conditions,1,2024
COL,2024-04-01,policy_revacc,YES,Pregnant women,1,2024
COL,2024-04-01,policy_revacc,YES,Health and care workers,1,2024
COL,2024-04-01,policy_revacc,YES,Children & adolescents,1,2024
COL,2024-04-01,policy_revacc,YES,Child. & ado. with chronic conditions,1,2024
COL,2024-04-01,policy_revacc_interval,La dosis adicional se debe administrar después que hayan pasado al menos 6 meses de su esquema de vacunación (Esquema primario refuerzos).,Older adults,1,2024
COL,2024-04-01,policy_revacc_interval,La población con comorbilidades debe recibir una dosis adicional al menos 6 meses luego de su última dosis.,Older adults with chronic conditions,1,2024
COL,2024-04-01,policy_revacc_interval,"Población de 18 años y más accederá a dosis adicional al menos seis (6) meses después de la última dosis contra la COVID-19, con la vacuna ARNm; de acuerdo a la disponibilidad de vacuna en el país y a las indicaciones del fabricante",Adults,1,2024
COL,2024-04-01,policy_revacc_interval,La población con comorbilidades debe recibir una dosis adicional al menos 6 meses luego de su última dosis,Adults with chronic conditions,1,2024
COL,2024-04-01,policy_revacc_interval,La dosis adicional se debe administrar cuando hayan pasado 6 meses de su esquema de vacunación (Esquema primario y/o refuerzos). Se garantizar una dosis por cada embarazo.,Pregnant women,1,2024
COL,2024-04-01,policy_revacc_interval,La dosis adicional se debe administrar después hayan pasado al menos 6 meses de su esquema de vacunación (Esquema primario y/o refuerzos).,Health and care workers,1,2024
COL,2024-04-01,policy_revacc_interval,"Las personas de 12 a 17 años después de haber completado el esquema primario, podrán acceder a dosis adicional con vacuna de ARNm posterior a los seis meses de haber recibido la última dosis; de acuerdo con la disponibilidad vacuna en el país y a las indicaciones del fabricante.",Children & adolescents,1,2024
COL,2024-04-01,policy_revacc_interval,La dosis adicional se debe administrar después hayan pasado al menos 6 meses de su esquema de vacunación (Esquema primario y/o refuerzos).,Child. & ado. with chronic conditions,1,2024
COL,2024-04-01,policy_vacc,YES,Older adults,1,2024
COL,2024-04-01,policy_vacc,YES,Older adults with chronic conditions,1,2024
COL,2024-04-01,policy_vacc,YES,Adults,1,2024
COL,2024-04-01,policy_vacc,YES,Adults with chronic conditions,1,2024
COL,2024-04-01,policy_vacc,YES,Pregnant women,1,2024
COL,2024-04-01,policy_vacc,YES,Health and care workers,1,2024
COL,2024-04-01,policy_vacc,YES,Children & adolescents,1,2024
COL,2024-04-01,policy_vacc,YES,Child. & ado. with chronic conditions,1,2024
COL,2024-04-01,comment,"Resolución No.2021010278 del 25 de marzo de 2021, mediante la cual se concedió la Autorización de Uso de Emergencia No ASUE 2021-000003 para la vacuna COVID-19 de Janssen en adultos de 18 años en adelante.",JAP-AD26-COV-2.5-1,1,2024
COL,2024-04-01,comment,"El Invima profirió la Resolución 2023001963 del 19 de enero de 2023 que modificó la Resolución 2022019162 del 24 de junio de 2022 (que concedió la Autorización de Uso de Emergencia (ASUE) y aprobó la utilización de COVID-19 Vaccine Moderna para prevenir la COVID-19, en niños de 6 años o más) para aprobar el uso en población pediátrica mayor a 6 meses.",MOC-MRNA-1273-1,1,2024
COL,2024-04-01,comment,"El Invima según Res. No. 2022000246 de 05 enero de 2022, realizó la renovación de forma automática una autorización sanitaria de uso de emergencia - ASUE del laboratorio Pfizer en personas de 12 años en adelante.",PFI-COMIRNATY-1,1,2024
COL,2024-04-01,comment,"El Invima según Res. 2021048566 del 29 de Octubre de 2021, se podrá iniciar el esquema de vacunación con la VACUNA SARS-CoV-2 (CELULA VERO), INACTIVADA - CORONA VAC en población a partir de los 3 años, con un intervalo entre la primera y segunda dosis de 28 días"".",SIN-CORONAVAC-1,1,2024
COL,2024-04-01,comment,"Resolución INVIMA  No. 5436 del 23 de febrero 2021, ampliada por la resolución 040106 del 15 de septiembre 2021 para ser aplicada en personas mayores de 18 años.",ASZ-AZD1222-1,1,2024
COL,2024-04-01,comment,"Resolución 1862 de 2023 La vacuna moderna bivalente, Spikevax bivalent® Original/ómicron 8A.4- 5 está indicada para la inmunización activa para prevenir la COVID-19, causada por el virus SARS-CoV-2, en grupos poblaciones con alto riesgo de complicaciones de 18 años y mayores que han recibido previamente al menos la primo vacunación frente a la CO VID- 19.",MOC-SBOOB1-2,1,2024
COL,2024-04-01,status_product_use,NO,JAP-AD26-COV-2.5-1,1,2024
COL,2024-04-01,status_product_use,YES,MOC-MRNA-1273-1,1,2024
COL,2024-04-01,status_product_use,YES,PFI-COMIRNATY-1,1,2024
COL,2024-04-01,status_product_use,YES,SIN-CORONAVAC-1,1,2024
COL,2024-04-01,status_product_use,NO,ASZ-AZD1222-1,1,2024
COL,2024-04-01,status_product_use,YES,MOC-SBOOB1-2,1,2024
COL,2024-04-01,date_product_start,2021-06-23T00:00:00Z,JAP-AD26-COV-2.5-1,1,2024
COL,2024-04-01,date_product_start,2021-07-27T00:00:00Z,MOC-MRNA-1273-1,1,2024
COL,2024-04-01,date_product_start,2021-02-17T00:00:00Z,PFI-COMIRNATY-1,1,2024
COL,2024-04-01,date_product_start,2021-02-22T00:00:00Z,SIN-CORONAVAC-1,1,2024
COL,2024-04-01,date_product_start,2021-03-29T00:00:00Z,ASZ-AZD1222-1,1,2024
COL,2024-04-01,date_product_start,2023-11-15T00:00:00Z,MOC-SBOOB1-2,1,2024
COL,2024-10-01,policy_revacc_interval,La dosis adicional se debe administrar después que hayan pasado al menos 6 meses de su esquema de vacunación (Esquema primario refuerzos).,Older adults,3,2024
COL,2024-10-01,policy_revacc_interval,La población con comorbilidades debe recibir una dosis adicional al menos 6 meses luego de su última dosis.,Older adults with chronic conditions,3,2024
COL,2024-10-01,policy_revacc_interval,"Población de 18 años y más accederá a dosis adicional al menos seis (6) meses después de la última dosis contra la COVID-19, con la vacuna ARNm; de acuerdo a la disponibilidad de vacuna en el país y a las indicaciones del fabricante",Adults,3,2024
COL,2024-10-01,policy_revacc_interval,La población con comorbilidades debe recibir una dosis adicional al menos 6 meses luego de su última dosis,Adults with chronic conditions,3,2024
COL,2024-10-01,policy_revacc_interval,La dosis adicional se debe administrar cuando hayan pasado 6 meses de su esquema de vacunación (Esquema primario y/o refuerzos). Se garantizar una dosis por cada embarazo.,Pregnant women,3,2024
COL,2024-10-01,policy_revacc_interval,La dosis adicional se debe administrar después hayan pasado al menos 6 meses de su esquema de vacunación (Esquema primario y/o refuerzos).,Health and care workers,3,2024
COL,2024-10-01,policy_revacc_interval,"Las personas de 12 a 17 años después de haber completado el esquema primario, podrán acceder a dosis adicional con vacuna de ARNm posterior a los seis meses de haber recibido la última dosis; de acuerdo con la disponibilidad vacuna en el país y a las indicaciones del fabricante.",Children & adolescents,3,2024
COL,2024-10-01,policy_revacc_interval,La dosis adicional se debe administrar después hayan pasado al menos 6 meses de su esquema de vacunación (Esquema primario y/o refuerzos).,Child. & ado. with chronic conditions,3,2024
COL,2024-10-01,policy_vacc,YES,Older adults,3,2024
COL,2024-10-01,policy_vacc,YES,Older adults with chronic conditions,3,2024
COL,2024-10-01,policy_vacc,YES,Adults,3,2024
COL,2024-10-01,policy_vacc,YES,Adults with chronic conditions,3,2024
COL,2024-10-01,policy_vacc,YES,Pregnant women,3,2024
COL,2024-10-01,policy_vacc,YES,Health and care workers,3,2024
COL,2024-10-01,policy_vacc,YES,Children & adolescents,3,2024
COL,2024-10-01,policy_vacc,YES,Child. & ado. with chronic conditions,3,2024
COL,2024-10-01,policy_revacc,YES,Older adults,3,2024
COL,2024-10-01,policy_revacc,YES,Older adults with chronic conditions,3,2024
COL,2024-10-01,policy_revacc,YES,Adults,3,2024
COL,2024-10-01,policy_revacc,YES,Adults with chronic conditions,3,2024
COL,2024-10-01,policy_revacc,YES,Pregnant women,3,2024
COL,2024-10-01,policy_revacc,YES,Health and care workers,3,2024
COL,2024-10-01,policy_revacc,YES,Children & adolescents,3,2024
COL,2024-10-01,policy_revacc,YES,Child. & ado. with chronic conditions,3,2024
COL,2025-01-01,policy_comment,,Adults,4,2024
COL,2025-01-01,policy_comment,,Adults with chronic conditions,4,2024
COL,2025-01-01,policy_comment,,Child. & ado. with chronic conditions,4,2024
COL,2025-01-01,policy_comment,,Children & adolescents,4,2024
COL,2025-01-01,policy_comment,,Health and care workers,4,2024
COL,2025-01-01,policy_comment,,Older adults,4,2024
COL,2025-01-01,policy_comment,,Older adults with chronic conditions,4,2024
COL,2025-01-01,policy_comment,,Other groups,4,2024
COL,2025-01-01,policy_comment,,Pregnant women,4,2024
COL,2025-01-01,policy_revacc,,Other groups,4,2024
COL,2025-01-01,policy_revacc_interval,,Adults,4,2024
COL,2025-01-01,policy_revacc_interval,,Other groups,4,2024
COL,2025-01-01,policy_vacc,,Other groups,4,2024
COL,2025-01-01,policy_revacc_interval,12_MONTHS,Older adults,4,2024
COL,2025-01-01,policy_revacc_interval,12_MONTHS,Older adults with chronic conditions,4,2024
COL,2025-01-01,policy_revacc_interval,12_MONTHS,Health and care workers,4,2024
COL,2025-01-01,policy_revacc_interval,12_MONTHS,Adults with chronic conditions,4,2024
COL,2025-01-01,policy_revacc_interval,OTHER,Children & adolescents,4,2024
COL,2025-01-01,policy_revacc_interval,12_MONTHS,Child. & ado. with chronic conditions,4,2024
COL,2025-01-01,policy_revacc_interval,OTHER,Pregnant women,4,2024
COL,2025-01-01,policy_revacc,YES,Older adults,4,2024
COL,2025-01-01,policy_revacc,YES,Older adults with chronic conditions,4,2024
COL,2025-01-01,policy_revacc,NO,Adults,4,2024
COL,2025-01-01,policy_revacc,YES,Health and care workers,4,2024
COL,2025-01-01,policy_revacc,YES,Adults with chronic conditions,4,2024
COL,2025-01-01,policy_revacc,NO,Children & adolescents,4,2024
COL,2025-01-01,policy_revacc,YES,Child. & ado. with chronic conditions,4,2024
COL,2025-01-01,policy_revacc,YES,Pregnant women,4,2024
COL,2025-01-01,policy_vacc,YES,Older adults,4,2024
COL,2025-01-01,policy_vacc,YES,Older adults with chronic conditions,4,2024
COL,2025-01-01,policy_vacc,NO,Adults,4,2024
COL,2025-01-01,policy_vacc,YES,Health and care workers,4,2024
COL,2025-01-01,policy_vacc,YES,Adults with chronic conditions,4,2024
COL,2025-01-01,policy_vacc,NO,Children & adolescents,4,2024
COL,2025-01-01,policy_vacc,YES,Child. & ado. with chronic conditions,4,2024
COL,2025-01-01,policy_vacc,YES,Pregnant women,4,2024
COL,2024-10-01,comment,"El Invima profirió la Resolución 2023001963 del 19 de enero de 2023 que modificó la Resolución 2022019162 del 24 de junio de 2022 (que concedió la Autorización de Uso de Emergencia (ASUE) y aprobó la utilización de COVID-19 Vaccine Moderna para prevenir la COVID-19, en niños de 6 años o más) para aprobar el uso en población pediátrica mayor a 6 meses.",MOC-MRNA-1273-1,3,2024
COL,2024-10-01,comment,"El Invima según Res. No. 2022000246 de 05 enero de 2022, realizó la renovación de forma automática una autorización sanitaria de uso de emergencia - ASUE del laboratorio Pfizer en personas de 12 años en adelante.",PFI-COMIRNATY-1,3,2024
COL,2024-10-01,comment,"El Invima según Res. 2021048566 del 29 de Octubre de 2021, se podrá iniciar el esquema de vacunación con la VACUNA SARS-CoV-2 (CELULA VERO), INACTIVADA - CORONA VAC en población a partir de los 3 años, con un intervalo entre la primera y segunda dosis de 28 días"".",SIN-CORONAVAC-1,3,2024
COL,2024-10-01,comment,"Resolución INVIMA  No. 5436 del 23 de febrero 2021, ampliada por la resolución 040106 del 15 de septiembre 2021 para ser aplicada en personas mayores de 18 años.",ASZ-AZD1222-1,3,2024
COL,2024-10-01,comment,"Resolución 1862 de 2023 La vacuna moderna bivalente, Spikevax bivalent® Original/ómicron 8A.4- 5 está indicada para la inmunización activa para prevenir la COVID-19, causada por el virus SARS-CoV-2, en grupos poblaciones con alto riesgo de complicaciones de 18 años y mayores que han recibido previamente al menos la primo vacunación frente a la CO VID- 19.",MOC-SBOOB1-2,3,2024
COL,2024-10-01,comment,"Resolución No.2021010278 del 25 de marzo de 2021, mediante la cual se concedió la Autorización de Uso de Emergencia No ASUE 2021-000003 para la vacuna COVID-19 de Janssen en adultos de 18 años en adelante.",JAP-AD26-COV-2.5-1,3,2024
COL,2024-10-01,status_product_use,NO,MOC-MRNA-1273-1,3,2024
COL,2024-10-01,status_product_use,NO,PFI-COMIRNATY-1,3,2024
COL,2024-10-01,status_product_use,YES,SIN-CORONAVAC-1,3,2024
COL,2024-10-01,status_product_use,NO,ASZ-AZD1222-1,3,2024
COL,2024-10-01,status_product_use,YES,MOC-SBOOB1-2,3,2024
COL,2024-10-01,status_product_use,NO,JAP-AD26-COV-2.5-1,3,2024
COL,2024-10-01,date_product_start,2021-07-27T00:00:00Z,MOC-MRNA-1273-1,3,2024
COL,2024-10-01,date_product_start,2021-02-17T00:00:00Z,PFI-COMIRNATY-1,3,2024
COL,2024-10-01,date_product_start,2021-02-22T00:00:00Z,SIN-CORONAVAC-1,3,2024
COL,2024-10-01,date_product_start,2021-03-29T00:00:00Z,ASZ-AZD1222-1,3,2024
COL,2024-10-01,date_product_start,2023-11-15T00:00:00Z,MOC-SBOOB1-2,3,2024
COL,2024-10-01,date_product_start,2021-06-23T00:00:00Z,JAP-AD26-COV-2.5-1,3,2024
COL,2024-10-01,comment,"RESOLUCIÓN 2495 DE 2024-se prioriza para vacunación de gestantes, sin embargo, para optimizar el uso de este biológico, una vez abierto el vial, teniendo en cuenta su vida útil, las dosis restantes se pueden utilizar en los grupos priorizados como dosis adicional o en mayores de 12 años que soliciten la vacuna.  Esta vacuna debe administrarse al menos 6 meses después de la dosis más reciente de una vacuna COVID-19.",PFI-COJN-1,3,2024
COL,2024-10-01,status_product_use,YES,PFI-COJN-1,3,2024
COL,2024-10-01,date_product_start,2024-12-09T00:00:00Z,PFI-COJN-1,3,2024
LBN,2025-01-01,policy_comment,,Adults,4,2024
LBN,2025-01-01,policy_comment,,Adults with chronic conditions,4,2024
LBN,2025-01-01,policy_comment,,Child. & ado. with chronic conditions,4,2024
LBN,2025-01-01,policy_comment,,Children & adolescents,4,2024
LBN,2025-01-01,policy_comment,,Health and care workers,4,2024
LBN,2025-01-01,policy_comment,,Older adults,4,2024
LBN,2025-01-01,policy_comment,,Older adults with chronic conditions,4,2024
LBN,2025-01-01,policy_comment,,Other groups,4,2024
LBN,2025-01-01,policy_comment,,Pregnant women,4,2024
LBN,2025-01-01,policy_revacc,,Adults,4,2024
LBN,2025-01-01,policy_revacc,,Adults with chronic conditions,4,2024
LBN,2025-01-01,policy_revacc,,Child. & ado. with chronic conditions,4,2024
LBN,2025-01-01,policy_revacc,,Children & adolescents,4,2024
LBN,2025-01-01,policy_revacc,,Health and care workers,4,2024
LBN,2025-01-01,policy_revacc,,Older adults,4,2024
LBN,2025-01-01,policy_revacc,,Older adults with chronic conditions,4,2024
LBN,2025-01-01,policy_revacc,,Other groups,4,2024
LBN,2025-01-01,policy_revacc,,Pregnant women,4,2024
LBN,2025-01-01,policy_revacc_interval,,Adults,4,2024
LBN,2025-01-01,policy_revacc_interval,,Adults with chronic conditions,4,2024
LBN,2025-01-01,policy_revacc_interval,,Child. & ado. with chronic conditions,4,2024
LBN,2025-01-01,policy_revacc_interval,,Children & adolescents,4,2024
LBN,2025-01-01,policy_revacc_interval,,Health and care workers,4,2024
LBN,2025-01-01,policy_revacc_interval,,Older adults,4,2024
LBN,2025-01-01,policy_revacc_interval,,Older adults with chronic conditions,4,2024
LBN,2025-01-01,policy_revacc_interval,,Other groups,4,2024
LBN,2025-01-01,policy_revacc_interval,,Pregnant women,4,2024
LBN,2025-01-01,policy_vacc,,Adults,4,2024
LBN,2025-01-01,policy_vacc,,Adults with chronic conditions,4,2024
LBN,2025-01-01,policy_vacc,,Child. & ado. with chronic conditions,4,2024
LBN,2025-01-01,policy_vacc,,Children & adolescents,4,2024
LBN,2025-01-01,policy_vacc,,Health and care workers,4,2024
LBN,2025-01-01,policy_vacc,,Older adults,4,2024
LBN,2025-01-01,policy_vacc,,Older adults with chronic conditions,4,2024
LBN,2025-01-01,policy_vacc,,Other groups,4,2024
LBN,2025-01-01,policy_vacc,,Pregnant women,4,2024
KOR,2025-01-01,policy_comment,,Adults,4,2024
KOR,2025-01-01,policy_comment,,Children & adolescents,4,2024
KOR,2025-01-01,policy_comment,,Health and care workers,4,2024
KOR,2025-01-01,policy_comment,,Older adults with chronic conditions,4,2024
KOR,2025-01-01,policy_comment,,Pregnant women,4,2024
KOR,2025-01-01,policy_revacc_interval,,Adults,4,2024
KOR,2025-01-01,policy_revacc_interval,,Children & adolescents,4,2024
KOR,2025-01-01,policy_revacc_interval,,Health and care workers,4,2024
KOR,2025-01-01,policy_revacc_interval,,Pregnant women,4,2024
KOR,2025-01-01,policy_vacc,YES,Older adults with chronic conditions,4,2024
KOR,2025-01-01,policy_vacc,NO,Adults,4,2024
KOR,2025-01-01,policy_vacc,YES,Adults with chronic conditions,4,2024
KOR,2025-01-01,policy_vacc,NO,Pregnant women,4,2024
KOR,2025-01-01,policy_vacc,NO,Health and care workers,4,2024
KOR,2025-01-01,policy_vacc,NO,Children & adolescents,4,2024
KOR,2025-01-01,policy_vacc,YES,Child. & ado. with chronic conditions,4,2024
KOR,2025-01-01,policy_vacc,YES,Other groups,4,2024
KOR,2025-01-01,policy_vacc,YES,Older adults,4,2024
KOR,2025-01-01,policy_revacc,YES,Older adults with chronic conditions,4,2024
KOR,2025-01-01,policy_revacc,NO,Adults,4,2024
KOR,2025-01-01,policy_revacc,YES,Adults with chronic conditions,4,2024
KOR,2025-01-01,policy_revacc,NO,Pregnant women,4,2024
KOR,2025-01-01,policy_revacc,NO,Health and care workers,4,2024
KOR,2025-01-01,policy_revacc,NO,Children & adolescents,4,2024
KOR,2025-01-01,policy_revacc,YES,Child. & ado. with chronic conditions,4,2024
KOR,2025-01-01,policy_revacc,YES,Other groups,4,2024
KOR,2025-01-01,policy_revacc,YES,Older adults,4,2024
KOR,2025-01-01,policy_comment,Immunocompromised indivisuals under 65 years old,Adults with chronic conditions,4,2024
KOR,2025-01-01,policy_comment,Immunocompromised indivisuals or under 11 years old,Child. & ado. with chronic conditions,4,2024
KOR,2025-01-01,policy_comment,Residents of high-risk facilities under 65 years old,Other groups,4,2024
KOR,2025-01-01,policy_comment,65 years old or older,Older adults,4,2024
KOR,2025-01-01,policy_revacc_interval,12_MONTHS,Older adults with chronic conditions,4,2024
KOR,2025-01-01,policy_revacc_interval,12_MONTHS,Adults with chronic conditions,4,2024
KOR,2025-01-01,policy_revacc_interval,12_MONTHS,Child. & ado. with chronic conditions,4,2024
KOR,2025-01-01,policy_revacc_interval,12_MONTHS,Other groups,4,2024
KOR,2025-01-01,policy_revacc_interval,12_MONTHS,Older adults,4,2024
TTO,2025-01-01,policy_comment,,Adults,4,2024
TTO,2025-01-01,policy_comment,,Adults with chronic conditions,4,2024
TTO,2025-01-01,policy_comment,,Child. & ado. with chronic conditions,4,2024
TTO,2025-01-01,policy_comment,,Children & adolescents,4,2024
TTO,2025-01-01,policy_comment,,Health and care workers,4,2024
TTO,2025-01-01,policy_comment,,Older adults,4,2024
TTO,2025-01-01,policy_comment,,Older adults with chronic conditions,4,2024
TTO,2025-01-01,policy_comment,,Other groups,4,2024
TTO,2025-01-01,policy_comment,,Pregnant women,4,2024
TTO,2025-01-01,policy_revacc,,Adults,4,2024
TTO,2025-01-01,policy_revacc,,Adults with chronic conditions,4,2024
TTO,2025-01-01,policy_revacc,,Child. & ado. with chronic conditions,4,2024
TTO,2025-01-01,policy_revacc,,Children & adolescents,4,2024
TTO,2025-01-01,policy_revacc,,Health and care workers,4,2024
TTO,2025-01-01,policy_revacc,,Older adults,4,2024
TTO,2025-01-01,policy_revacc,,Older adults with chronic conditions,4,2024
TTO,2025-01-01,policy_revacc,,Other groups,4,2024
TTO,2025-01-01,policy_revacc,,Pregnant women,4,2024
TTO,2025-01-01,policy_revacc_interval,,Adults,4,2024
TTO,2025-01-01,policy_revacc_interval,,Adults with chronic conditions,4,2024
TTO,2025-01-01,policy_revacc_interval,,Child. & ado. with chronic conditions,4,2024
TTO,2025-01-01,policy_revacc_interval,,Children & adolescents,4,2024
TTO,2025-01-01,policy_revacc_interval,,Health and care workers,4,2024
TTO,2025-01-01,policy_revacc_interval,,Older adults,4,2024
TTO,2025-01-01,policy_revacc_interval,,Older adults with chronic conditions,4,2024
TTO,2025-01-01,policy_revacc_interval,,Other groups,4,2024
TTO,2025-01-01,policy_revacc_interval,,Pregnant women,4,2024
TTO,2025-01-01,policy_vacc,,Adults,4,2024
TTO,2025-01-01,policy_vacc,,Adults with chronic conditions,4,2024
TTO,2025-01-01,policy_vacc,,Child. & ado. with chronic conditions,4,2024
TTO,2025-01-01,policy_vacc,,Children & adolescents,4,2024
TTO,2025-01-01,policy_vacc,,Health and care workers,4,2024
TTO,2025-01-01,policy_vacc,,Older adults,4,2024
TTO,2025-01-01,policy_vacc,,Older adults with chronic conditions,4,2024
TTO,2025-01-01,policy_vacc,,Other groups,4,2024
TTO,2025-01-01,policy_vacc,,Pregnant women,4,2024
SVK,2025-01-01,policy_comment,,Adults,4,2024
SVK,2025-01-01,policy_comment,,Adults with chronic conditions,4,2024
SVK,2025-01-01,policy_comment,,Child. & ado. with chronic conditions,4,2024
SVK,2025-01-01,policy_comment,,Children & adolescents,4,2024
SVK,2025-01-01,policy_comment,,Health and care workers,4,2024
SVK,2025-01-01,policy_comment,,Other groups,4,2024
SVK,2025-01-01,policy_comment,,Pregnant women,4,2024
SVK,2025-01-01,policy_revacc,,Adults,4,2024
SVK,2025-01-01,policy_revacc,,Child. & ado. with chronic conditions,4,2024
SVK,2025-01-01,policy_revacc,,Children & adolescents,4,2024
SVK,2025-01-01,policy_revacc,,Health and care workers,4,2024
SVK,2025-01-01,policy_revacc,,Other groups,4,2024
SVK,2025-01-01,policy_revacc,,Pregnant women,4,2024
SVK,2025-01-01,policy_revacc_interval,,Adults,4,2024
SVK,2025-01-01,policy_revacc_interval,,Child. & ado. with chronic conditions,4,2024
SVK,2025-01-01,policy_revacc_interval,,Children & adolescents,4,2024
SVK,2025-01-01,policy_revacc_interval,,Health and care workers,4,2024
SVK,2025-01-01,policy_revacc_interval,,Other groups,4,2024
SVK,2025-01-01,policy_revacc_interval,,Pregnant women,4,2024
SVK,2025-01-01,policy_vacc,,Adults,4,2024
SVK,2025-01-01,policy_vacc,,Child. & ado. with chronic conditions,4,2024
SVK,2025-01-01,policy_vacc,,Children & adolescents,4,2024
SVK,2025-01-01,policy_vacc,,Health and care workers,4,2024
SVK,2025-01-01,policy_vacc,,Other groups,4,2024
SVK,2025-01-01,policy_vacc,,Pregnant women,4,2024
SVK,2025-01-01,policy_revacc,YES,Adults with chronic conditions,4,2024
SVK,2025-01-01,policy_revacc,YES,Older adults with chronic conditions,4,2024
SVK,2025-01-01,policy_revacc,YES,Older adults,4,2024
SVK,2025-01-01,policy_vacc,YES,Adults with chronic conditions,4,2024
SVK,2025-01-01,policy_vacc,YES,Older adults with chronic conditions,4,2024
SVK,2025-01-01,policy_vacc,YES,Older adults,4,2024
SVK,2025-01-01,policy_comment,people 59+,Older adults with chronic conditions,4,2024
SVK,2025-01-01,policy_comment,people 59+,Older adults,4,2024
SVK,2025-01-01,policy_revacc_interval,12_MONTHS,Adults with chronic conditions,4,2024
SVK,2025-01-01,policy_revacc_interval,12_MONTHS,Older adults with chronic conditions,4,2024
SVK,2025-01-01,policy_revacc_interval,12_MONTHS,Older adults,4,2024
ARM,2025-01-01,policy_comment,,Adults,4,2024
ARM,2025-01-01,policy_comment,,Adults with chronic conditions,4,2024
ARM,2025-01-01,policy_comment,,Child. & ado. with chronic conditions,4,2024
ARM,2025-01-01,policy_comment,,Children & adolescents,4,2024
ARM,2025-01-01,policy_comment,,Health and care workers,4,2024
ARM,2025-01-01,policy_comment,,Older adults,4,2024
ARM,2025-01-01,policy_comment,,Older adults with chronic conditions,4,2024
ARM,2025-01-01,policy_comment,,Other groups,4,2024
ARM,2025-01-01,policy_comment,,Pregnant women,4,2024
ARM,2025-01-01,policy_revacc,,Child. & ado. with chronic conditions,4,2024
ARM,2025-01-01,policy_revacc,,Children & adolescents,4,2024
ARM,2025-01-01,policy_revacc,,Other groups,4,2024
ARM,2025-01-01,policy_revacc,,Pregnant women,4,2024
ARM,2025-01-01,policy_revacc_interval,,Adults,4,2024
ARM,2025-01-01,policy_revacc_interval,,Adults with chronic conditions,4,2024
ARM,2025-01-01,policy_revacc_interval,,Child. & ado. with chronic conditions,4,2024
ARM,2025-01-01,policy_revacc_interval,,Children & adolescents,4,2024
ARM,2025-01-01,policy_revacc_interval,,Health and care workers,4,2024
ARM,2025-01-01,policy_revacc_interval,,Older adults,4,2024
ARM,2025-01-01,policy_revacc_interval,,Older adults with chronic conditions,4,2024
ARM,2025-01-01,policy_revacc_interval,,Other groups,4,2024
ARM,2025-01-01,policy_revacc_interval,,Pregnant women,4,2024
ARM,2025-01-01,policy_vacc,,Child. & ado. with chronic conditions,4,2024
ARM,2025-01-01,policy_vacc,,Children & adolescents,4,2024
ARM,2025-01-01,policy_vacc,,Other groups,4,2024
ARM,2025-01-01,policy_vacc,,Pregnant women,4,2024
ARM,2025-01-01,policy_vacc,YES,Adults,4,2024
ARM,2025-01-01,policy_vacc,YES,Adults with chronic conditions,4,2024
ARM,2025-01-01,policy_vacc,YES,Health and care workers,4,2024
ARM,2025-01-01,policy_vacc,YES,Older adults,4,2024
ARM,2025-01-01,policy_vacc,YES,Older adults with chronic conditions,4,2024
ARM,2025-01-01,policy_revacc,YES,Adults,4,2024
ARM,2025-01-01,policy_revacc,YES,Adults with chronic conditions,4,2024
ARM,2025-01-01,policy_revacc,YES,Health and care workers,4,2024
ARM,2025-01-01,policy_revacc,YES,Older adults,4,2024
ARM,2025-01-01,policy_revacc,YES,Older adults with chronic conditions,4,2024
GUY,2024-04-01,status_product_use,YES,JAP-AD26-COV-2.5-1,1,2024
GUY,2024-04-01,status_product_use,NO,MOC-MRNA-1273-1,1,2024
GUY,2024-04-01,status_product_use,YES,SII-COVISHIELD-1,1,2024
GUY,2024-04-01,status_product_use,YES,PFI-COMIRNATY-1,1,2024
GUY,2024-04-01,status_product_use,NO,GRI-SPUTNIKLT-1,1,2024
GUY,2024-04-01,status_product_use,NO,BIB-INAC-SARS2-1,1,2024
GUY,2024-04-01,date_product_start,2021-08-23T09:00:00Z,JAP-AD26-COV-2.5-1,1,2024
GUY,2024-04-01,date_product_start,2021-07-03T09:00:00Z,MOC-MRNA-1273-1,1,2024
GUY,2024-04-01,date_product_start,2021-02-11T09:00:00Z,SII-COVISHIELD-1,1,2024
GUY,2024-04-01,date_product_start,2021-08-24T11:00:00Z,PFI-COMIRNATY-1,1,2024
GUY,2024-04-01,date_product_start,2021-04-02T09:00:00Z,GRI-SPUTNIKLT-1,1,2024
GUY,2024-04-01,date_product_start,2021-03-02T09:00:00Z,BIB-INAC-SARS2-1,1,2024
GUY,2024-04-01,comment,The country has since used diffent patent of the Astrazenca vaccine,SII-COVISHIELD-1,1,2024
GUY,2024-04-01,comment,This was sputnik comp one . comp 2 later followed,GRI-SPUTNIKLT-1,1,2024
GUY,2024-04-01,policy_vacc,YES,Adults with chronic conditions,1,2024
GUY,2024-04-01,policy_vacc,YES,Pregnant women,1,2024
GUY,2024-04-01,policy_vacc,YES,Health and care workers,1,2024
GUY,2024-04-01,policy_vacc,YES,Children & adolescents,1,2024
GUY,2024-04-01,policy_vacc,YES,Child. & ado. with chronic conditions,1,2024
GUY,2024-04-01,policy_vacc,YES,Older adults,1,2024
GUY,2024-04-01,policy_vacc,YES,Older adults with chronic conditions,1,2024
GUY,2024-04-01,policy_vacc,YES,Adults,1,2024
GUY,2024-04-01,policy_revacc,YES,Adults with chronic conditions,1,2024
GUY,2024-04-01,policy_revacc,YES,Pregnant women,1,2024
GUY,2024-04-01,policy_revacc,YES,Health and care workers,1,2024
GUY,2024-04-01,policy_revacc,YES,Children & adolescents,1,2024
GUY,2024-04-01,policy_revacc,YES,Child. & ado. with chronic conditions,1,2024
GUY,2024-04-01,policy_revacc,YES,Older adults,1,2024
GUY,2024-04-01,policy_revacc,YES,Older adults with chronic conditions,1,2024
GUY,2024-04-01,policy_revacc,YES,Adults,1,2024
GUY,2024-04-01,policy_revacc_interval,"Periodic re-vaccination depends on the type of vaccine, age group and chronic condition",Adults with chronic conditions,1,2024
GUY,2024-04-01,policy_revacc_interval,Periodic re-vaccination depends on the DT status of pregnant women,Pregnant women,1,2024
GUY,2024-04-01,policy_revacc_interval,Depends on the type of vaccine to be administered to health care workers,Health and care workers,1,2024
GUY,2024-04-01,policy_revacc_interval,Time interval depends on the age of the children and adolescents,Children & adolescents,1,2024
GUY,2024-04-01,policy_revacc_interval,Depends on the age group of the child and adolescents,Child. & ado. with chronic conditions,1,2024
GUY,2024-04-01,policy_revacc_interval,Depends on the type of vaccine to be administered to older adults,Older adults,1,2024
GUY,2024-04-01,policy_revacc_interval,Depends on the type of vaccine to be administered to older adults with chronic conditions,Older adults with chronic conditions,1,2024
GUY,2024-04-01,policy_revacc_interval,Periodic re-vaccination depends on the type of vaccine to be administered,Adults,1,2024
GUY,2025-01-01,policy_comment,,Adults,4,2024
GUY,2025-01-01,policy_comment,,Adults with chronic conditions,4,2024
GUY,2025-01-01,policy_comment,,Child. & ado. with chronic conditions,4,2024
GUY,2025-01-01,policy_comment,,Children & adolescents,4,2024
GUY,2025-01-01,policy_comment,,Health and care workers,4,2024
GUY,2025-01-01,policy_comment,,Older adults,4,2024
GUY,2025-01-01,policy_comment,,Older adults with chronic conditions,4,2024
GUY,2025-01-01,policy_comment,,Other groups,4,2024
GUY,2025-01-01,policy_comment,,Pregnant women,4,2024
GUY,2025-01-01,policy_revacc,,Adults,4,2024
GUY,2025-01-01,policy_revacc,,Adults with chronic conditions,4,2024
GUY,2025-01-01,policy_revacc,,Child. & ado. with chronic conditions,4,2024
GUY,2025-01-01,policy_revacc,,Children & adolescents,4,2024
GUY,2025-01-01,policy_revacc,,Health and care workers,4,2024
GUY,2025-01-01,policy_revacc,,Older adults,4,2024
GUY,2025-01-01,policy_revacc,,Older adults with chronic conditions,4,2024
GUY,2025-01-01,policy_revacc,,Other groups,4,2024
GUY,2025-01-01,policy_revacc,,Pregnant women,4,2024
GUY,2025-01-01,policy_revacc_interval,,Adults,4,2024
GUY,2025-01-01,policy_revacc_interval,,Adults with chronic conditions,4,2024
GUY,2025-01-01,policy_revacc_interval,,Child. & ado. with chronic conditions,4,2024
GUY,2025-01-01,policy_revacc_interval,,Children & adolescents,4,2024
GUY,2025-01-01,policy_revacc_interval,,Health and care workers,4,2024
GUY,2025-01-01,policy_revacc_interval,,Older adults,4,2024
GUY,2025-01-01,policy_revacc_interval,,Older adults with chronic conditions,4,2024
GUY,2025-01-01,policy_revacc_interval,,Other groups,4,2024
GUY,2025-01-01,policy_revacc_interval,,Pregnant women,4,2024
GUY,2025-01-01,policy_vacc,,Adults,4,2024
GUY,2025-01-01,policy_vacc,,Adults with chronic conditions,4,2024
GUY,2025-01-01,policy_vacc,,Child. & ado. with chronic conditions,4,2024
GUY,2025-01-01,policy_vacc,,Children & adolescents,4,2024
GUY,2025-01-01,policy_vacc,,Health and care workers,4,2024
GUY,2025-01-01,policy_vacc,,Older adults,4,2024
GUY,2025-01-01,policy_vacc,,Older adults with chronic conditions,4,2024
GUY,2025-01-01,policy_vacc,,Other groups,4,2024
GUY,2025-01-01,policy_vacc,,Pregnant women,4,2024
MEX,2024-10-01,date_product_start,2021-02-22T00:00:00Z,SIN-CORONAVAC-1,3,2024
MEX,2024-10-01,date_product_start,2021-01-01T00:00:00Z,CAB-AD5-NCOV19-1,3,2024
MEX,2024-10-01,date_product_start,2020-12-24T00:00:00Z,PFI-COMIRNATY-1,3,2024
MEX,2024-10-01,date_product_start,2021-02-24T00:00:00Z,GRI-SPUTNIKV-1,3,2024
MEX,2024-10-01,date_product_start,2021-02-15T00:00:00Z,ASZ-AZD1222-1,3,2024
MEX,2024-10-01,date_product_start,2022-12-21T00:00:00Z,CGE-CIGB-66-1,3,2024
MEX,2024-10-01,date_product_start,2021-01-18T00:00:00Z,JAP-AD26-COV-2.5-1,3,2024
MEX,2024-10-01,date_product_start,2021-01-13T00:00:00Z,MOC-MRNA-1273-1,3,2024
MEX,2024-10-01,status_product_use,NO,SIN-CORONAVAC-1,3,2024
MEX,2024-10-01,status_product_use,NO,CAB-AD5-NCOV19-1,3,2024
MEX,2024-10-01,status_product_use,NO,PFI-COMIRNATY-1,3,2024
MEX,2024-10-01,status_product_use,YES,GRI-SPUTNIKV-1,3,2024
MEX,2024-10-01,status_product_use,NO,ASZ-AZD1222-1,3,2024
MEX,2024-10-01,status_product_use,YES,CGE-CIGB-66-1,3,2024
MEX,2024-10-01,status_product_use,NO,JAP-AD26-COV-2.5-1,3,2024
MEX,2024-10-01,status_product_use,NO,MOC-MRNA-1273-1,3,2024
MEX,2024-07-01,policy_vacc,YES,Older adults,2,2024
MEX,2024-07-01,policy_vacc,YES,Older adults with chronic conditions,2,2024
MEX,2024-07-01,policy_vacc,NO,Adults,2,2024
MEX,2024-07-01,policy_vacc,YES,Adults with chronic conditions,2,2024
MEX,2024-07-01,policy_vacc,YES,Pregnant women,2,2024
MEX,2024-07-01,policy_vacc,YES,Health and care workers,2,2024
MEX,2024-07-01,policy_vacc,NO,Children & adolescents,2,2024
MEX,2024-07-01,policy_vacc,YES,Child. & ado. with chronic conditions,2,2024
MEX,2024-07-01,policy_revacc,YES,Older adults,2,2024
MEX,2024-07-01,policy_revacc,YES,Older adults with chronic conditions,2,2024
MEX,2024-07-01,policy_revacc,NO,Adults,2,2024
MEX,2024-07-01,policy_revacc,YES,Adults with chronic conditions,2,2024
MEX,2024-07-01,policy_revacc,YES,Pregnant women,2,2024
MEX,2024-07-01,policy_revacc,YES,Health and care workers,2,2024
MEX,2024-07-01,policy_revacc,NO,Children & adolescents,2,2024
MEX,2024-07-01,policy_revacc,YES,Child. & ado. with chronic conditions,2,2024
MEX,2024-07-01,policy_revacc_interval,6-12 meses,Older adults,2,2024
MEX,2024-07-01,policy_revacc_interval,6-12 meses,Older adults with chronic conditions,2,2024
MEX,2024-07-01,policy_revacc_interval,6-12 meses,Adults with chronic conditions,2,2024
MEX,2024-07-01,policy_revacc_interval,6-12 meses,Pregnant women,2,2024
MEX,2024-07-01,policy_revacc_interval,6-12 meses,Health and care workers,2,2024
MEX,2024-07-01,policy_revacc_interval,6-12 meses,Child. & ado. with chronic conditions,2,2024
MEX,2024-07-01,status_product_use,NO,PFI-COMIRNATY-1,2,2024
MEX,2024-07-01,status_product_use,NO,SIN-CORONAVAC-1,2,2024
MEX,2024-07-01,status_product_use,NO,CAB-AD5-NCOV19-1,2,2024
MEX,2024-07-01,status_product_use,YES,GRI-SPUTNIKV-1,2,2024
MEX,2024-07-01,status_product_use,NO,ASZ-AZD1222-1,2,2024
MEX,2024-07-01,status_product_use,YES,CGE-CIGB-66-1,2,2024
MEX,2024-07-01,status_product_use,NO,JAP-AD26-COV-2.5-1,2,2024
MEX,2024-07-01,status_product_use,NO,MOC-MRNA-1273-1,2,2024
MEX,2024-07-01,date_product_start,2020-12-24T00:00:00Z,PFI-COMIRNATY-1,2,2024
MEX,2024-07-01,date_product_start,2021-02-22T00:00:00Z,SIN-CORONAVAC-1,2,2024
MEX,2024-07-01,date_product_start,2021-01-01T00:00:00Z,CAB-AD5-NCOV19-1,2,2024
MEX,2024-07-01,date_product_start,2021-02-24T00:00:00Z,GRI-SPUTNIKV-1,2,2024
MEX,2024-07-01,date_product_start,2021-02-15T00:00:00Z,ASZ-AZD1222-1,2,2024
MEX,2024-07-01,date_product_start,2022-12-21T00:00:00Z,CGE-CIGB-66-1,2,2024
MEX,2024-07-01,date_product_start,2021-01-18T00:00:00Z,JAP-AD26-COV-2.5-1,2,2024
MEX,2024-07-01,date_product_start,2021-01-13T00:00:00Z,MOC-MRNA-1273-1,2,2024
MEX,2025-01-01,policy_vacc,YES,Adults with chronic conditions,4,2024
MEX,2025-01-01,policy_vacc,YES,Pregnant women,4,2024
MEX,2025-01-01,policy_vacc,YES,Older adults,4,2024
MEX,2025-01-01,policy_vacc,NO,Adults,4,2024
MEX,2025-01-01,policy_vacc,YES,Health and care workers,4,2024
MEX,2025-01-01,policy_vacc,YES,Children & adolescents,4,2024
MEX,2025-01-01,policy_vacc,YES,Child. & ado. with chronic conditions,4,2024
MEX,2025-01-01,policy_vacc,YES,Other groups,4,2024
MEX,2025-01-01,policy_revacc,YES,Adults with chronic conditions,4,2024
MEX,2025-01-01,policy_revacc,YES,Pregnant women,4,2024
MEX,2025-01-01,policy_revacc,YES,Older adults,4,2024
MEX,2025-01-01,policy_revacc,NO,Adults,4,2024
MEX,2025-01-01,policy_revacc,YES,Health and care workers,4,2024
MEX,2025-01-01,policy_revacc,YES,Children & adolescents,4,2024
MEX,2025-01-01,policy_revacc,YES,Child. & ado. with chronic conditions,4,2024
MEX,2025-01-01,policy_revacc,NO,Other groups,4,2024
MEX,2025-01-01,policy_revacc_interval,12_MONTHS,Adults with chronic conditions,4,2024
MEX,2025-01-01,policy_revacc_interval,12_MONTHS,Pregnant women,4,2024
MEX,2025-01-01,policy_revacc_interval,12_MONTHS,Older adults,4,2024
MEX,2025-01-01,policy_revacc_interval,12_MONTHS,Health and care workers,4,2024
MEX,2025-01-01,policy_revacc_interval,12_MONTHS,Children & adolescents,4,2024
MEX,2025-01-01,policy_revacc_interval,12_MONTHS,Child. & ado. with chronic conditions,4,2024
MEX,2025-01-01,policy_revacc_interval,12_MONTHS,Other groups,4,2024
MEX,2025-01-01,policy_comment,Nños de 5-11 años sanos,Children & adolescents,4,2024
MEX,2024-04-01,policy_vacc,YES,Pregnant women,1,2024
MEX,2024-04-01,policy_vacc,YES,Health and care workers,1,2024
MEX,2024-04-01,policy_vacc,YES,Older adults,1,2024
MEX,2024-04-01,policy_vacc,YES,Older adults with chronic conditions,1,2024
MEX,2024-04-01,policy_vacc,NO,Children & adolescents,1,2024
MEX,2024-04-01,policy_vacc,YES,Child. & ado. with chronic conditions,1,2024
MEX,2024-04-01,policy_vacc,NO,Adults,1,2024
MEX,2024-04-01,policy_vacc,YES,Adults with chronic conditions,1,2024
MEX,2024-04-01,policy_revacc,YES,Pregnant women,1,2024
MEX,2024-04-01,policy_revacc,YES,Health and care workers,1,2024
MEX,2024-04-01,policy_revacc,YES,Older adults,1,2024
MEX,2024-04-01,policy_revacc,YES,Older adults with chronic conditions,1,2024
MEX,2024-04-01,policy_revacc,NO,Children & adolescents,1,2024
MEX,2024-04-01,policy_revacc,YES,Child. & ado. with chronic conditions,1,2024
MEX,2024-04-01,policy_revacc,NO,Adults,1,2024
MEX,2024-04-01,policy_revacc,YES,Adults with chronic conditions,1,2024
MEX,2024-04-01,policy_revacc_interval,6-12 meses,Pregnant women,1,2024
MEX,2024-04-01,policy_revacc_interval,6-12 meses,Health and care workers,1,2024
MEX,2024-04-01,policy_revacc_interval,6-12 meses,Older adults,1,2024
MEX,2024-04-01,policy_revacc_interval,6-12 meses,Older adults with chronic conditions,1,2024
MEX,2024-04-01,policy_revacc_interval,6-12 meses,Child. & ado. with chronic conditions,1,2024
MEX,2024-04-01,policy_revacc_interval,6-12 meses,Adults with chronic conditions,1,2024
MEX,2024-10-01,policy_revacc_interval,6-12 meses,Older adults,3,2024
MEX,2024-10-01,policy_revacc_interval,6-12 meses,Older adults with chronic conditions,3,2024
MEX,2024-10-01,policy_revacc_interval,6-12 meses,Adults with chronic conditions,3,2024
MEX,2024-10-01,policy_revacc_interval,6-12 meses,Pregnant women,3,2024
MEX,2024-10-01,policy_revacc_interval,6-12 meses,Health and care workers,3,2024
MEX,2024-10-01,policy_revacc_interval,6-12 meses,Child. & ado. with chronic conditions,3,2024
MEX,2024-10-01,policy_revacc,YES,Older adults,3,2024
MEX,2024-10-01,policy_revacc,YES,Older adults with chronic conditions,3,2024
MEX,2024-10-01,policy_revacc,NO,Adults,3,2024
MEX,2024-10-01,policy_revacc,YES,Adults with chronic conditions,3,2024
MEX,2024-10-01,policy_revacc,YES,Pregnant women,3,2024
MEX,2024-10-01,policy_revacc,YES,Health and care workers,3,2024
MEX,2024-10-01,policy_revacc,YES,Children & adolescents,3,2024
MEX,2024-10-01,policy_revacc,YES,Child. & ado. with chronic conditions,3,2024
MEX,2024-10-01,policy_vacc,YES,Older adults,3,2024
MEX,2024-10-01,policy_vacc,YES,Older adults with chronic conditions,3,2024
MEX,2024-10-01,policy_vacc,NO,Adults,3,2024
MEX,2024-10-01,policy_vacc,YES,Adults with chronic conditions,3,2024
MEX,2024-10-01,policy_vacc,YES,Pregnant women,3,2024
MEX,2024-10-01,policy_vacc,YES,Health and care workers,3,2024
MEX,2024-10-01,policy_vacc,YES,Children & adolescents,3,2024
MEX,2024-10-01,policy_vacc,YES,Child. & ado. with chronic conditions,3,2024
MEX,2024-04-01,date_product_start,2021-01-13T00:00:00Z,MOC-MRNA-1273-1,1,2024
MEX,2024-04-01,date_product_start,2020-12-24T00:00:00Z,PFI-COMIRNATY-1,1,2024
MEX,2024-04-01,date_product_start,2021-02-22T00:00:00Z,SIN-CORONAVAC-1,1,2024
MEX,2024-04-01,date_product_start,2021-01-01T00:00:00Z,CAB-AD5-NCOV19-1,1,2024
MEX,2024-04-01,date_product_start,2021-02-24T00:00:00Z,GRI-SPUTNIKV-1,1,2024
MEX,2024-04-01,date_product_start,2021-02-15T00:00:00Z,ASZ-AZD1222-1,1,2024
MEX,2024-04-01,date_product_start,2022-12-21T00:00:00Z,CGE-CIGB-66-1,1,2024
MEX,2024-04-01,date_product_start,2021-01-18T00:00:00Z,JAP-AD26-COV-2.5-1,1,2024
MEX,2025-01-01,policy_comment,,Adults,4,2024
MEX,2025-01-01,policy_comment,,Adults with chronic conditions,4,2024
MEX,2025-01-01,policy_comment,,Child. & ado. with chronic conditions,4,2024
MEX,2025-01-01,policy_comment,,Health and care workers,4,2024
MEX,2025-01-01,policy_comment,,Older adults,4,2024
MEX,2025-01-01,policy_comment,,Older adults with chronic conditions,4,2024
MEX,2025-01-01,policy_comment,,Other groups,4,2024
MEX,2025-01-01,policy_comment,,Pregnant women,4,2024
MEX,2025-01-01,policy_revacc,,Older adults with chronic conditions,4,2024
MEX,2025-01-01,policy_revacc_interval,,Adults,4,2024
MEX,2025-01-01,policy_revacc_interval,,Older adults with chronic conditions,4,2024
MEX,2025-01-01,policy_vacc,,Older adults with chronic conditions,4,2024
GBR,2025-01-01,policy_vacc,NO,Pregnant women,4,2024
GBR,2025-01-01,policy_vacc,NO,Health and care workers,4,2024
GBR,2025-01-01,policy_vacc,NO,Children & adolescents,4,2024
GBR,2025-01-01,policy_vacc,NO,Adults,4,2024
GBR,2025-01-01,policy_vacc,YES,Adults with chronic conditions,4,2024
GBR,2025-01-01,policy_vacc,YES,Older adults,4,2024
GBR,2025-01-01,policy_vacc,YES,Older adults with chronic conditions,4,2024
GBR,2025-01-01,policy_vacc,YES,Child. & ado. with chronic conditions,4,2024
GBR,2025-01-01,policy_vacc,YES,Other groups,4,2024
GBR,2025-01-01,policy_comment,Older adults aged 65 and over,Older adults,4,2024
GBR,2025-01-01,policy_comment,People aged 6 months and 65+ years in a clinical risk group,Older adults with chronic conditions,4,2024
GBR,2025-01-01,policy_revacc_interval,OTHER,Adults with chronic conditions,4,2024
GBR,2025-01-01,policy_revacc_interval,OTHER,Older adults,4,2024
GBR,2025-01-01,policy_revacc_interval,OTHER,Older adults with chronic conditions,4,2024
GBR,2025-01-01,policy_revacc_interval,OTHER,Child. & ado. with chronic conditions,4,2024
GBR,2025-01-01,policy_revacc_interval,OTHER,Other groups,4,2024
GBR,2025-01-01,policy_revacc,YES,Older adults,4,2024
GBR,2025-01-01,policy_revacc,YES,Older adults with chronic conditions,4,2024
GBR,2025-01-01,policy_revacc,YES,Child. & ado. with chronic conditions,4,2024
GBR,2025-01-01,policy_revacc,YES,Other groups,4,2024
GBR,2024-10-01,date_product_start,2024-04-01T00:00:00Z,NOV-COVAX-1,3,2024
GBR,2024-10-01,date_product_start,2021-01-04T00:00:00Z,ASZ-AZD1222-1,3,2024
GBR,2024-10-01,date_product_start,2020-12-08T00:00:00Z,PFI-COMIRNATY-1,3,2024
GBR,2024-10-01,date_product_start,2021-04-07T00:00:00Z,MOC-MRNA-1273-1,3,2024
GBR,2024-10-01,date_product_start,2024-10-07T00:00:00Z,PFI-COJN-1,3,2024
GBR,2024-10-01,date_product_start,2024-10-07T00:00:00Z,MOC-SJN-1,3,2024
GBR,2024-10-01,comment,In Scotland,NOV-COVAX-1,3,2024
GBR,2024-10-01,comment,In Northern Ireland,PFI-COJN-1,3,2024
GBR,2024-10-01,comment,In Northern Ireland,MOC-SJN-1,3,2024
GBR,2024-10-01,status_product_use,YES,NOV-COVAX-1,3,2024
GBR,2024-10-01,status_product_use,NO,VAL-VLA2001-1,3,2024
GBR,2024-10-01,status_product_use,NO,ASZ-AZD1222-1,3,2024
GBR,2024-10-01,status_product_use,YES,PFI-COMIRNATY-1,3,2024
GBR,2024-10-01,status_product_use,NO,JAP-AD26-COV-2.5-1,3,2024
GBR,2024-10-01,status_product_use,YES,MOC-MRNA-1273-1,3,2024
GBR,2024-10-01,status_product_use,YES,PFI-COJN-1,3,2024
GBR,2024-10-01,status_product_use,YES,MOC-SJN-1,3,2024
GBR,2024-10-01,policy_vacc,YES,Older adults,3,2024
GBR,2024-10-01,policy_vacc,YES,Older adults with chronic conditions,3,2024
GBR,2024-10-01,policy_vacc,NO,Adults,3,2024
GBR,2024-10-01,policy_vacc,YES,Adults with chronic conditions,3,2024
GBR,2024-10-01,policy_vacc,NO,Pregnant women,3,2024
GBR,2024-10-01,policy_vacc,NO,Health and care workers,3,2024
GBR,2024-10-01,policy_vacc,NO,Children & adolescents,3,2024
GBR,2024-10-01,policy_vacc,YES,Child. & ado. with chronic conditions,3,2024
GBR,2024-10-01,policy_vacc,YES,Other groups,3,2024
GBR,2024-10-01,policy_revacc,YES,Older adults,3,2024
GBR,2024-10-01,policy_revacc,YES,Older adults with chronic conditions,3,2024
GBR,2024-10-01,policy_revacc,NO,Adults with chronic conditions,3,2024
GBR,2024-10-01,policy_revacc,NO,Child. & ado. with chronic conditions,3,2024
GBR,2024-10-01,policy_revacc,YES,Other groups,3,2024
GBR,2024-10-01,policy_revacc_interval,Those aged 75 years and above and residents in care homes for older adults received a spring booster vaccine.,Older adults,3,2024
GBR,2024-10-01,policy_revacc_interval,All individuals who were identified as having a weakened immune system received a spring booster vaccine.,Older adults with chronic conditions,3,2024
GBR,2024-10-01,policy_revacc_interval,All individuals who were identified as having a weakened immune system received a spring booster vaccine.,Adults with chronic conditions,3,2024
GBR,2024-10-01,policy_revacc_interval,All individuals who were identified as having a weakened immune system received a spring booster vaccine.,Child. & ado. with chronic conditions,3,2024
GBR,2024-10-01,policy_revacc_interval,Residents in care homes for older adults received a spring booster vaccine,Other groups,3,2024
GBR,2024-10-01,policy_comment,https://assets.publishing.service.gov.uk/media/66e7fbf624c4f1826d81bb32/Greenbook-chapter-14a-20240916.pdf,Older adults,3,2024
GBR,2024-10-01,policy_comment,https://assets.publishing.service.gov.uk/media/66e7fbf624c4f1826d81bb32/Greenbook-chapter-14a-20240916.pdf,Older adults with chronic conditions,3,2024
GBR,2024-10-01,policy_comment,https://assets.publishing.service.gov.uk/media/66e7fbf624c4f1826d81bb32/Greenbook-chapter-14a-20240916.pdf,Adults with chronic conditions,3,2024
GBR,2024-10-01,policy_comment,https://assets.publishing.service.gov.uk/media/66e7fbf624c4f1826d81bb32/Greenbook-chapter-14a-20240916.pdf,Child. & ado. with chronic conditions,3,2024
GBR,2024-10-01,policy_comment,Residents in care homes for older adults,Other groups,3,2024
GBR,2025-01-01,policy_comment,,Adults,4,2024
GBR,2025-01-01,policy_comment,,Adults with chronic conditions,4,2024
GBR,2025-01-01,policy_comment,,Child. & ado. with chronic conditions,4,2024
GBR,2025-01-01,policy_comment,,Children & adolescents,4,2024
GBR,2025-01-01,policy_comment,,Health and care workers,4,2024
GBR,2025-01-01,policy_comment,,Other groups,4,2024
GBR,2025-01-01,policy_comment,,Pregnant women,4,2024
GBR,2025-01-01,policy_revacc,,Adults,4,2024
GBR,2025-01-01,policy_revacc,,Adults with chronic conditions,4,2024
GBR,2025-01-01,policy_revacc,,Children & adolescents,4,2024
GBR,2025-01-01,policy_revacc,,Health and care workers,4,2024
GBR,2025-01-01,policy_revacc,,Pregnant women,4,2024
GBR,2025-01-01,policy_revacc_interval,,Adults,4,2024
GBR,2025-01-01,policy_revacc_interval,,Children & adolescents,4,2024
GBR,2025-01-01,policy_revacc_interval,,Health and care workers,4,2024
GBR,2025-01-01,policy_revacc_interval,,Pregnant women,4,2024
KAZ,2025-01-01,policy_comment,,Adults,4,2024
KAZ,2025-01-01,policy_comment,,Adults with chronic conditions,4,2024
KAZ,2025-01-01,policy_comment,,Child. & ado. with chronic conditions,4,2024
KAZ,2025-01-01,policy_comment,,Children & adolescents,4,2024
KAZ,2025-01-01,policy_comment,,Health and care workers,4,2024
KAZ,2025-01-01,policy_comment,,Older adults,4,2024
KAZ,2025-01-01,policy_comment,,Older adults with chronic conditions,4,2024
KAZ,2025-01-01,policy_comment,,Other groups,4,2024
KAZ,2025-01-01,policy_comment,,Pregnant women,4,2024
KAZ,2025-01-01,policy_revacc,,Adults,4,2024
KAZ,2025-01-01,policy_revacc,,Adults with chronic conditions,4,2024
KAZ,2025-01-01,policy_revacc,,Child. & ado. with chronic conditions,4,2024
KAZ,2025-01-01,policy_revacc,,Children & adolescents,4,2024
KAZ,2025-01-01,policy_revacc,,Health and care workers,4,2024
KAZ,2025-01-01,policy_revacc,,Older adults,4,2024
KAZ,2025-01-01,policy_revacc,,Older adults with chronic conditions,4,2024
KAZ,2025-01-01,policy_revacc,,Other groups,4,2024
KAZ,2025-01-01,policy_revacc,,Pregnant women,4,2024
KAZ,2025-01-01,policy_revacc_interval,,Adults,4,2024
KAZ,2025-01-01,policy_revacc_interval,,Adults with chronic conditions,4,2024
KAZ,2025-01-01,policy_revacc_interval,,Child. & ado. with chronic conditions,4,2024
KAZ,2025-01-01,policy_revacc_interval,,Children & adolescents,4,2024
KAZ,2025-01-01,policy_revacc_interval,,Health and care workers,4,2024
KAZ,2025-01-01,policy_revacc_interval,,Older adults,4,2024
KAZ,2025-01-01,policy_revacc_interval,,Older adults with chronic conditions,4,2024
KAZ,2025-01-01,policy_revacc_interval,,Other groups,4,2024
KAZ,2025-01-01,policy_revacc_interval,,Pregnant women,4,2024
KAZ,2025-01-01,policy_vacc,,Adults,4,2024
KAZ,2025-01-01,policy_vacc,,Adults with chronic conditions,4,2024
KAZ,2025-01-01,policy_vacc,,Child. & ado. with chronic conditions,4,2024
KAZ,2025-01-01,policy_vacc,,Children & adolescents,4,2024
KAZ,2025-01-01,policy_vacc,,Health and care workers,4,2024
KAZ,2025-01-01,policy_vacc,,Older adults,4,2024
KAZ,2025-01-01,policy_vacc,,Older adults with chronic conditions,4,2024
KAZ,2025-01-01,policy_vacc,,Other groups,4,2024
KAZ,2025-01-01,policy_vacc,,Pregnant women,4,2024
KAZ,2024-07-01,status_product_use,NO,PFI-CBOOB1-2,2,2024
KAZ,2024-07-01,date_product_start,2024-01-31T00:00:00Z,PFI-CBOOB1-2,2,2024
KAZ,2024-07-01,policy_comment,в период с 16 по 37 недели беременности,Pregnant women,2,2024
KAZ,2024-07-01,policy_revacc_interval,6 месяцев,Older adults,2,2024
KAZ,2024-07-01,policy_revacc_interval,6 месяцев,Older adults with chronic conditions,2,2024
KAZ,2024-07-01,policy_revacc_interval,6 месяцев,Adults,2,2024
KAZ,2024-07-01,policy_revacc_interval,6 месяцев,Adults with chronic conditions,2,2024
KAZ,2024-07-01,policy_revacc_interval,6 месяцев,Pregnant women,2,2024
KAZ,2024-07-01,policy_revacc_interval,6 месяцев,Health and care workers,2,2024
KAZ,2024-07-01,policy_vacc,YES,Older adults,2,2024
KAZ,2024-07-01,policy_vacc,YES,Older adults with chronic conditions,2,2024
KAZ,2024-07-01,policy_vacc,YES,Adults,2,2024
KAZ,2024-07-01,policy_vacc,YES,Adults with chronic conditions,2,2024
KAZ,2024-07-01,policy_vacc,YES,Pregnant women,2,2024
KAZ,2024-07-01,policy_vacc,YES,Health and care workers,2,2024
KAZ,2024-07-01,policy_vacc,NO,Children & adolescents,2,2024
KAZ,2024-07-01,policy_vacc,NO,Child. & ado. with chronic conditions,2,2024
KAZ,2024-07-01,policy_vacc,NO,Other groups,2,2024
KAZ,2024-07-01,policy_revacc,YES,Older adults,2,2024
KAZ,2024-07-01,policy_revacc,YES,Older adults with chronic conditions,2,2024
KAZ,2024-07-01,policy_revacc,YES,Adults,2,2024
KAZ,2024-07-01,policy_revacc,YES,Adults with chronic conditions,2,2024
KAZ,2024-07-01,policy_revacc,YES,Pregnant women,2,2024
KAZ,2024-07-01,policy_revacc,YES,Health and care workers,2,2024
CAN,2025-01-01,policy_vacc,YES,Health and care workers,4,2024
CAN,2025-01-01,policy_vacc,YES,Older adults with chronic conditions,4,2024
CAN,2025-01-01,policy_vacc,YES,Adults,4,2024
CAN,2025-01-01,policy_vacc,YES,Adults with chronic conditions,4,2024
CAN,2025-01-01,policy_vacc,YES,Older adults,4,2024
CAN,2025-01-01,policy_vacc,YES,Pregnant women,4,2024
CAN,2025-01-01,policy_vacc,YES,Children & adolescents,4,2024
CAN,2025-01-01,policy_vacc,YES,Child. & ado. with chronic conditions,4,2024
CAN,2025-01-01,policy_vacc,YES,Other groups,4,2024
CAN,2025-01-01,policy_revacc,YES,Health and care workers,4,2024
CAN,2025-01-01,policy_revacc,YES,Older adults with chronic conditions,4,2024
CAN,2025-01-01,policy_revacc,YES,Adults,4,2024
CAN,2025-01-01,policy_revacc,YES,Adults with chronic conditions,4,2024
CAN,2025-01-01,policy_revacc,YES,Older adults,4,2024
CAN,2025-01-01,policy_revacc,YES,Pregnant women,4,2024
CAN,2025-01-01,policy_revacc,YES,Children & adolescents,4,2024
CAN,2025-01-01,policy_revacc,YES,Child. & ado. with chronic conditions,4,2024
CAN,2025-01-01,policy_revacc,YES,Other groups,4,2024
CAN,2025-01-01,policy_revacc_interval,6_MONTHS,Health and care workers,4,2024
CAN,2025-01-01,policy_revacc_interval,6_MONTHS,Older adults with chronic conditions,4,2024
CAN,2025-01-01,policy_revacc_interval,6_MONTHS,Adults,4,2024
CAN,2025-01-01,policy_revacc_interval,6_MONTHS,Adults with chronic conditions,4,2024
CAN,2025-01-01,policy_revacc_interval,6_MONTHS,Older adults,4,2024
CAN,2025-01-01,policy_revacc_interval,6_MONTHS,Pregnant women,4,2024
CAN,2025-01-01,policy_revacc_interval,6_MONTHS,Children & adolescents,4,2024
CAN,2025-01-01,policy_revacc_interval,6_MONTHS,Child. & ado. with chronic conditions,4,2024
CAN,2025-01-01,policy_revacc_interval,6_MONTHS,Other groups,4,2024
CAN,2025-01-01,policy_comment,People who provide essential community services should get an updated dose in fall 2024. Vaccination recommended once a year,Health and care workers,4,2024
CAN,2025-01-01,policy_comment,,Older adults with chronic conditions,4,2024
CAN,2025-01-01,policy_comment,All individuals with underlying medical conditions that put them at high risk of severe COVID-19 should get an updated dose; vaccination recommended once a year except for those mentioned above (8.2.3.1 and 8.2.3.2). All other adults may get an updated dose; vaccination recommended once a year.,Adults,4,2024
CAN,2025-01-01,policy_comment,,Adults with chronic conditions,4,2024
CAN,2025-01-01,policy_comment,Vaccination recommended two times a year for adults 65 years and older,Older adults,4,2024
CAN,2025-01-01,policy_comment,All pregnant individuals should get an updated dose in fall 2024. Vaccination recommended once a year.,Pregnant women,4,2024
CAN,2025-01-01,policy_comment,"All individuals with underlying medical conditions that put them at high risk of severe COVID-19, including children with complex health needs, should get an updated dose. All individuals 6 months of age and older may receive an updated dose. Vaccination recommended once a year (see below for sub-populations recommended for vaccination twice a year).",Children & adolescents,4,2024
CAN,2025-01-01,policy_comment,"All individuals 6 months of age and older with underlying medical conditions that put them at high risk of severe COVID-19, including children with complex health needs, should get an updated dose. Vaccination recommended once a year. Subpopulation of children and adolescents who are moderately to severely immunocompromised recommended vaccination 2 times a year (min 3 months from last dose).",Child. & ado. with chronic conditions,4,2024
CAN,2025-01-01,policy_comment,"Vaccination recommended once a year   Other groups include: •	Residents of long-term care homes and other congregate living settings should get an updated dose  (twice a year for older adults; once a year for others) •	Members of racialized and other equity-deserving communities should get an updated dose •	Individuals in or from First Nations, Metis and Inuit communities should get an updated dose.",Other groups,4,2024
MHL,2025-01-01,policy_comment,,Adults,4,2024
MHL,2025-01-01,policy_comment,,Adults with chronic conditions,4,2024
MHL,2025-01-01,policy_comment,,Child. & ado. with chronic conditions,4,2024
MHL,2025-01-01,policy_comment,,Children & adolescents,4,2024
MHL,2025-01-01,policy_comment,,Health and care workers,4,2024
MHL,2025-01-01,policy_comment,,Older adults,4,2024
MHL,2025-01-01,policy_comment,,Older adults with chronic conditions,4,2024
MHL,2025-01-01,policy_comment,,Other groups,4,2024
MHL,2025-01-01,policy_comment,,Pregnant women,4,2024
MHL,2025-01-01,policy_revacc,,Adults,4,2024
MHL,2025-01-01,policy_revacc,,Adults with chronic conditions,4,2024
MHL,2025-01-01,policy_revacc,,Child. & ado. with chronic conditions,4,2024
MHL,2025-01-01,policy_revacc,,Children & adolescents,4,2024
MHL,2025-01-01,policy_revacc,,Health and care workers,4,2024
MHL,2025-01-01,policy_revacc,,Older adults,4,2024
MHL,2025-01-01,policy_revacc,,Older adults with chronic conditions,4,2024
MHL,2025-01-01,policy_revacc,,Other groups,4,2024
MHL,2025-01-01,policy_revacc,,Pregnant women,4,2024
MHL,2025-01-01,policy_revacc_interval,,Adults,4,2024
MHL,2025-01-01,policy_revacc_interval,,Adults with chronic conditions,4,2024
MHL,2025-01-01,policy_revacc_interval,,Child. & ado. with chronic conditions,4,2024
MHL,2025-01-01,policy_revacc_interval,,Children & adolescents,4,2024
MHL,2025-01-01,policy_revacc_interval,,Health and care workers,4,2024
MHL,2025-01-01,policy_revacc_interval,,Older adults,4,2024
MHL,2025-01-01,policy_revacc_interval,,Older adults with chronic conditions,4,2024
MHL,2025-01-01,policy_revacc_interval,,Other groups,4,2024
MHL,2025-01-01,policy_revacc_interval,,Pregnant women,4,2024
MHL,2025-01-01,policy_vacc,,Adults,4,2024
MHL,2025-01-01,policy_vacc,,Adults with chronic conditions,4,2024
MHL,2025-01-01,policy_vacc,,Child. & ado. with chronic conditions,4,2024
MHL,2025-01-01,policy_vacc,,Children & adolescents,4,2024
MHL,2025-01-01,policy_vacc,,Health and care workers,4,2024
MHL,2025-01-01,policy_vacc,,Older adults,4,2024
MHL,2025-01-01,policy_vacc,,Older adults with chronic conditions,4,2024
MHL,2025-01-01,policy_vacc,,Other groups,4,2024
MHL,2025-01-01,policy_vacc,,Pregnant women,4,2024
FRA,2025-01-01,policy_comment,,Adults,4,2024
FRA,2025-01-01,policy_comment,,Adults with chronic conditions,4,2024
FRA,2025-01-01,policy_comment,,Child. & ado. with chronic conditions,4,2024
FRA,2025-01-01,policy_comment,,Children & adolescents,4,2024
FRA,2025-01-01,policy_comment,,Health and care workers,4,2024
FRA,2025-01-01,policy_comment,,Older adults,4,2024
FRA,2025-01-01,policy_comment,,Older adults with chronic conditions,4,2024
FRA,2025-01-01,policy_comment,,Other groups,4,2024
FRA,2025-01-01,policy_comment,,Pregnant women,4,2024
FRA,2025-01-01,policy_revacc,,Adults,4,2024
FRA,2025-01-01,policy_revacc,,Adults with chronic conditions,4,2024
FRA,2025-01-01,policy_revacc,,Child. & ado. with chronic conditions,4,2024
FRA,2025-01-01,policy_revacc,,Children & adolescents,4,2024
FRA,2025-01-01,policy_revacc,,Health and care workers,4,2024
FRA,2025-01-01,policy_revacc,,Older adults,4,2024
FRA,2025-01-01,policy_revacc,,Older adults with chronic conditions,4,2024
FRA,2025-01-01,policy_revacc,,Other groups,4,2024
FRA,2025-01-01,policy_revacc,,Pregnant women,4,2024
FRA,2025-01-01,policy_revacc_interval,,Adults,4,2024
FRA,2025-01-01,policy_revacc_interval,,Adults with chronic conditions,4,2024
FRA,2025-01-01,policy_revacc_interval,,Child. & ado. with chronic conditions,4,2024
FRA,2025-01-01,policy_revacc_interval,,Children & adolescents,4,2024
FRA,2025-01-01,policy_revacc_interval,,Health and care workers,4,2024
FRA,2025-01-01,policy_revacc_interval,,Older adults,4,2024
FRA,2025-01-01,policy_revacc_interval,,Older adults with chronic conditions,4,2024
FRA,2025-01-01,policy_revacc_interval,,Other groups,4,2024
FRA,2025-01-01,policy_revacc_interval,,Pregnant women,4,2024
FRA,2025-01-01,policy_vacc,,Adults,4,2024
FRA,2025-01-01,policy_vacc,,Adults with chronic conditions,4,2024
FRA,2025-01-01,policy_vacc,,Child. & ado. with chronic conditions,4,2024
FRA,2025-01-01,policy_vacc,,Children & adolescents,4,2024
FRA,2025-01-01,policy_vacc,,Health and care workers,4,2024
FRA,2025-01-01,policy_vacc,,Older adults,4,2024
FRA,2025-01-01,policy_vacc,,Older adults with chronic conditions,4,2024
FRA,2025-01-01,policy_vacc,,Other groups,4,2024
FRA,2025-01-01,policy_vacc,,Pregnant women,4,2024
MRT,2025-01-01,policy_vacc,NO,Adults with chronic conditions,4,2024
MRT,2025-01-01,policy_vacc,NO,Older adults,4,2024
MRT,2025-01-01,policy_vacc,NO,Older adults with chronic conditions,4,2024
MRT,2025-01-01,policy_vacc,NO,Adults,4,2024
MRT,2025-01-01,policy_revacc_interval,OTHER,Adults with chronic conditions,4,2024
MRT,2025-01-01,policy_revacc_interval,OTHER,Older adults,4,2024
MRT,2025-01-01,policy_revacc_interval,OTHER,Older adults with chronic conditions,4,2024
MRT,2025-01-01,policy_revacc_interval,OTHER,Adults,4,2024
MRT,2025-01-01,policy_revacc,NO,Adults with chronic conditions,4,2024
MRT,2025-01-01,policy_revacc,NO,Older adults,4,2024
MRT,2025-01-01,policy_revacc,NO,Older adults with chronic conditions,4,2024
MRT,2025-01-01,policy_revacc,NO,Adults,4,2024
MRT,2025-01-01,policy_comment,RAS,Adults with chronic conditions,4,2024
MRT,2025-01-01,policy_comment,RAS,Older adults,4,2024
MRT,2025-01-01,policy_comment,RAS,Adults,4,2024
MRT,2025-01-01,policy_comment,,Child. & ado. with chronic conditions,4,2024
MRT,2025-01-01,policy_comment,,Children & adolescents,4,2024
MRT,2025-01-01,policy_comment,,Health and care workers,4,2024
MRT,2025-01-01,policy_comment,,Older adults with chronic conditions,4,2024
MRT,2025-01-01,policy_comment,,Other groups,4,2024
MRT,2025-01-01,policy_comment,,Pregnant women,4,2024
MRT,2025-01-01,policy_revacc,,Child. & ado. with chronic conditions,4,2024
MRT,2025-01-01,policy_revacc,,Children & adolescents,4,2024
MRT,2025-01-01,policy_revacc,,Health and care workers,4,2024
MRT,2025-01-01,policy_revacc,,Other groups,4,2024
MRT,2025-01-01,policy_revacc,,Pregnant women,4,2024
MRT,2025-01-01,policy_revacc_interval,,Child. & ado. with chronic conditions,4,2024
MRT,2025-01-01,policy_revacc_interval,,Children & adolescents,4,2024
MRT,2025-01-01,policy_revacc_interval,,Health and care workers,4,2024
MRT,2025-01-01,policy_revacc_interval,,Other groups,4,2024
MRT,2025-01-01,policy_revacc_interval,,Pregnant women,4,2024
MRT,2025-01-01,policy_vacc,,Child. & ado. with chronic conditions,4,2024
MRT,2025-01-01,policy_vacc,,Children & adolescents,4,2024
MRT,2025-01-01,policy_vacc,,Health and care workers,4,2024
MRT,2025-01-01,policy_vacc,,Other groups,4,2024
MRT,2025-01-01,policy_vacc,,Pregnant women,4,2024
PLW,2025-01-01,policy_comment,,Adults,4,2024
PLW,2025-01-01,policy_comment,,Adults with chronic conditions,4,2024
PLW,2025-01-01,policy_comment,,Child. & ado. with chronic conditions,4,2024
PLW,2025-01-01,policy_comment,,Children & adolescents,4,2024
PLW,2025-01-01,policy_comment,,Health and care workers,4,2024
PLW,2025-01-01,policy_comment,,Older adults,4,2024
PLW,2025-01-01,policy_comment,,Older adults with chronic conditions,4,2024
PLW,2025-01-01,policy_comment,,Other groups,4,2024
PLW,2025-01-01,policy_comment,,Pregnant women,4,2024
PLW,2025-01-01,policy_revacc,,Adults,4,2024
PLW,2025-01-01,policy_revacc,,Adults with chronic conditions,4,2024
PLW,2025-01-01,policy_revacc,,Child. & ado. with chronic conditions,4,2024
PLW,2025-01-01,policy_revacc,,Health and care workers,4,2024
PLW,2025-01-01,policy_revacc,,Older adults,4,2024
PLW,2025-01-01,policy_revacc,,Older adults with chronic conditions,4,2024
PLW,2025-01-01,policy_revacc,,Other groups,4,2024
PLW,2025-01-01,policy_revacc,,Pregnant women,4,2024
PLW,2025-01-01,policy_revacc_interval,,Adults,4,2024
PLW,2025-01-01,policy_revacc_interval,,Adults with chronic conditions,4,2024
PLW,2025-01-01,policy_revacc_interval,,Child. & ado. with chronic conditions,4,2024
PLW,2025-01-01,policy_revacc_interval,,Children & adolescents,4,2024
PLW,2025-01-01,policy_revacc_interval,,Health and care workers,4,2024
PLW,2025-01-01,policy_revacc_interval,,Older adults,4,2024
PLW,2025-01-01,policy_revacc_interval,,Older adults with chronic conditions,4,2024
PLW,2025-01-01,policy_revacc_interval,,Other groups,4,2024
PLW,2025-01-01,policy_revacc_interval,,Pregnant women,4,2024
PLW,2025-01-01,policy_vacc,,Adults,4,2024
PLW,2025-01-01,policy_vacc,,Adults with chronic conditions,4,2024
PLW,2025-01-01,policy_vacc,,Child. & ado. with chronic conditions,4,2024
PLW,2025-01-01,policy_vacc,,Health and care workers,4,2024
PLW,2025-01-01,policy_vacc,,Older adults,4,2024
PLW,2025-01-01,policy_vacc,,Older adults with chronic conditions,4,2024
PLW,2025-01-01,policy_vacc,,Other groups,4,2024
PLW,2025-01-01,policy_vacc,,Pregnant women,4,2024
PLW,2025-01-01,policy_vacc,YES,Children & adolescents,4,2024
PLW,2025-01-01,policy_revacc,NO,Children & adolescents,4,2024
IRQ,2025-01-01,policy_comment,,Adults,4,2024
IRQ,2025-01-01,policy_comment,,Adults with chronic conditions,4,2024
IRQ,2025-01-01,policy_comment,,Child. & ado. with chronic conditions,4,2024
IRQ,2025-01-01,policy_comment,,Children & adolescents,4,2024
IRQ,2025-01-01,policy_comment,,Health and care workers,4,2024
IRQ,2025-01-01,policy_comment,,Older adults,4,2024
IRQ,2025-01-01,policy_comment,,Older adults with chronic conditions,4,2024
IRQ,2025-01-01,policy_comment,,Other groups,4,2024
IRQ,2025-01-01,policy_comment,,Pregnant women,4,2024
IRQ,2025-01-01,policy_revacc,,Child. & ado. with chronic conditions,4,2024
IRQ,2025-01-01,policy_revacc,,Children & adolescents,4,2024
IRQ,2025-01-01,policy_revacc,,Other groups,4,2024
IRQ,2025-01-01,policy_revacc_interval,,Adults,4,2024
IRQ,2025-01-01,policy_revacc_interval,,Adults with chronic conditions,4,2024
IRQ,2025-01-01,policy_revacc_interval,,Child. & ado. with chronic conditions,4,2024
IRQ,2025-01-01,policy_revacc_interval,,Children & adolescents,4,2024
IRQ,2025-01-01,policy_revacc_interval,,Health and care workers,4,2024
IRQ,2025-01-01,policy_revacc_interval,,Older adults,4,2024
IRQ,2025-01-01,policy_revacc_interval,,Older adults with chronic conditions,4,2024
IRQ,2025-01-01,policy_revacc_interval,,Other groups,4,2024
IRQ,2025-01-01,policy_revacc_interval,,Pregnant women,4,2024
IRQ,2025-01-01,policy_vacc,,Child. & ado. with chronic conditions,4,2024
IRQ,2025-01-01,policy_vacc,,Children & adolescents,4,2024
IRQ,2025-01-01,policy_vacc,,Other groups,4,2024
IRQ,2025-01-01,policy_vacc,YES,Older adults,4,2024
IRQ,2025-01-01,policy_vacc,YES,Older adults with chronic conditions,4,2024
IRQ,2025-01-01,policy_vacc,YES,Adults,4,2024
IRQ,2025-01-01,policy_vacc,YES,Adults with chronic conditions,4,2024
IRQ,2025-01-01,policy_vacc,YES,Pregnant women,4,2024
IRQ,2025-01-01,policy_vacc,YES,Health and care workers,4,2024
IRQ,2025-01-01,policy_revacc,YES,Older adults,4,2024
IRQ,2025-01-01,policy_revacc,YES,Older adults with chronic conditions,4,2024
IRQ,2025-01-01,policy_revacc,YES,Adults,4,2024
IRQ,2025-01-01,policy_revacc,YES,Adults with chronic conditions,4,2024
IRQ,2025-01-01,policy_revacc,YES,Pregnant women,4,2024
IRQ,2025-01-01,policy_revacc,YES,Health and care workers,4,2024
BDI,2025-01-01,policy_revacc,NO,Child. & ado. with chronic conditions,4,2024
BDI,2025-01-01,policy_revacc,NO,Older adults,4,2024
BDI,2025-01-01,policy_revacc,NO,Older adults with chronic conditions,4,2024
BDI,2025-01-01,policy_revacc,NO,Adults,4,2024
BDI,2025-01-01,policy_revacc,NO,Adults with chronic conditions,4,2024
BDI,2025-01-01,policy_revacc,NO,Pregnant women,4,2024
BDI,2025-01-01,policy_revacc,NO,Health and care workers,4,2024
BDI,2025-01-01,policy_revacc,NO,Children & adolescents,4,2024
BDI,2025-01-01,policy_vacc,NO,Child. & ado. with chronic conditions,4,2024
BDI,2025-01-01,policy_vacc,NO,Older adults,4,2024
BDI,2025-01-01,policy_vacc,NO,Older adults with chronic conditions,4,2024
BDI,2025-01-01,policy_vacc,NO,Adults,4,2024
BDI,2025-01-01,policy_vacc,NO,Adults with chronic conditions,4,2024
BDI,2025-01-01,policy_vacc,NO,Pregnant women,4,2024
BDI,2025-01-01,policy_vacc,NO,Health and care workers,4,2024
BDI,2025-01-01,policy_vacc,NO,Children & adolescents,4,2024
BDI,2025-01-01,policy_comment,,Adults,4,2024
BDI,2025-01-01,policy_comment,,Adults with chronic conditions,4,2024
BDI,2025-01-01,policy_comment,,Child. & ado. with chronic conditions,4,2024
BDI,2025-01-01,policy_comment,,Children & adolescents,4,2024
BDI,2025-01-01,policy_comment,,Health and care workers,4,2024
BDI,2025-01-01,policy_comment,,Older adults,4,2024
BDI,2025-01-01,policy_comment,,Older adults with chronic conditions,4,2024
BDI,2025-01-01,policy_comment,,Other groups,4,2024
BDI,2025-01-01,policy_comment,,Pregnant women,4,2024
BDI,2025-01-01,policy_revacc,,Other groups,4,2024
BDI,2025-01-01,policy_revacc_interval,,Adults,4,2024
BDI,2025-01-01,policy_revacc_interval,,Adults with chronic conditions,4,2024
BDI,2025-01-01,policy_revacc_interval,,Child. & ado. with chronic conditions,4,2024
BDI,2025-01-01,policy_revacc_interval,,Children & adolescents,4,2024
BDI,2025-01-01,policy_revacc_interval,,Health and care workers,4,2024
BDI,2025-01-01,policy_revacc_interval,,Older adults,4,2024
BDI,2025-01-01,policy_revacc_interval,,Older adults with chronic conditions,4,2024
BDI,2025-01-01,policy_revacc_interval,,Other groups,4,2024
BDI,2025-01-01,policy_revacc_interval,,Pregnant women,4,2024
BDI,2025-01-01,policy_vacc,,Other groups,4,2024
OMN,2024-10-01,policy_comment,NIL,Adults,3,2024
OMN,2024-10-01,policy_comment,NIL,Adults with chronic conditions,3,2024
OMN,2024-10-01,policy_comment,NIL,Pregnant women,3,2024
OMN,2024-10-01,policy_comment,NIL,Health and care workers,3,2024
OMN,2024-10-01,policy_comment,recommended for 12 years and older,Children & adolescents,3,2024
OMN,2024-10-01,policy_comment,NIL,Child. & ado. with chronic conditions,3,2024
OMN,2024-10-01,policy_comment,NIL,Older adults,3,2024
OMN,2024-10-01,policy_comment,Nil,Older adults with chronic conditions,3,2024
OMN,2024-10-01,policy_revacc_interval,>6 months,Adults,3,2024
OMN,2024-10-01,policy_revacc_interval,>6months,Adults with chronic conditions,3,2024
OMN,2024-10-01,policy_revacc_interval,>6 months,Pregnant women,3,2024
OMN,2024-10-01,policy_revacc_interval,>6 months,Health and care workers,3,2024
OMN,2024-10-01,policy_revacc_interval,> 6 months,Children & adolescents,3,2024
OMN,2024-10-01,policy_revacc_interval,>6 moths,Child. & ado. with chronic conditions,3,2024
OMN,2024-10-01,policy_revacc_interval,> 6 months,Older adults,3,2024
OMN,2024-10-01,policy_revacc_interval,> 6 months,Older adults with chronic conditions,3,2024
OMN,2024-10-01,policy_revacc,YES,Adults,3,2024
OMN,2024-10-01,policy_revacc,YES,Adults with chronic conditions,3,2024
OMN,2024-10-01,policy_revacc,YES,Pregnant women,3,2024
OMN,2024-10-01,policy_revacc,YES,Health and care workers,3,2024
OMN,2024-10-01,policy_revacc,YES,Children & adolescents,3,2024
OMN,2024-10-01,policy_revacc,YES,Child. & ado. with chronic conditions,3,2024
OMN,2024-10-01,policy_revacc,YES,Older adults,3,2024
OMN,2024-10-01,policy_revacc,YES,Older adults with chronic conditions,3,2024
OMN,2024-10-01,policy_vacc,YES,Adults,3,2024
OMN,2024-10-01,policy_vacc,YES,Adults with chronic conditions,3,2024
OMN,2024-10-01,policy_vacc,YES,Pregnant women,3,2024
OMN,2024-10-01,policy_vacc,YES,Health and care workers,3,2024
OMN,2024-10-01,policy_vacc,YES,Children & adolescents,3,2024
OMN,2024-10-01,policy_vacc,YES,Child. & ado. with chronic conditions,3,2024
OMN,2024-10-01,policy_vacc,YES,Older adults,3,2024
OMN,2024-10-01,policy_vacc,YES,Older adults with chronic conditions,3,2024
OMN,2024-10-01,comment,new quantity will arrive next month,PFI-CBOOB1-2,3,2024
OMN,2024-10-01,status_product_use,YES,PFI-CBOOB1-2,3,2024
OMN,2024-10-01,date_product_start,2023-03-27T00:00:00Z,PFI-CBOOB1-2,3,2024
OMN,2024-04-01,date_product_start,2023-03-27T00:00:00Z,PFI-CBOOB1-2,1,2024
OMN,2024-04-01,status_product_use,YES,PFI-CBOOB1-2,1,2024
OMN,2024-04-01,comment,no comment,PFI-CBOOB1-2,1,2024
OMN,2024-07-01,date_product_start,2023-03-27T00:00:00Z,PFI-CBOOB1-2,2,2024
OMN,2024-07-01,comment,no comment,PFI-CBOOB1-2,2,2024
OMN,2024-07-01,status_product_use,YES,PFI-CBOOB1-2,2,2024
OMN,2025-01-01,policy_comment,,Adults,4,2024
OMN,2025-01-01,policy_comment,,Adults with chronic conditions,4,2024
OMN,2025-01-01,policy_comment,,Child. & ado. with chronic conditions,4,2024
OMN,2025-01-01,policy_comment,,Children & adolescents,4,2024
OMN,2025-01-01,policy_comment,,Health and care workers,4,2024
OMN,2025-01-01,policy_comment,,Older adults,4,2024
OMN,2025-01-01,policy_comment,,Older adults with chronic conditions,4,2024
OMN,2025-01-01,policy_comment,,Other groups,4,2024
OMN,2025-01-01,policy_comment,,Pregnant women,4,2024
OMN,2025-01-01,policy_revacc,,Adults,4,2024
OMN,2025-01-01,policy_revacc,,Adults with chronic conditions,4,2024
OMN,2025-01-01,policy_revacc,,Child. & ado. with chronic conditions,4,2024
OMN,2025-01-01,policy_revacc,,Children & adolescents,4,2024
OMN,2025-01-01,policy_revacc,,Health and care workers,4,2024
OMN,2025-01-01,policy_revacc,,Older adults,4,2024
OMN,2025-01-01,policy_revacc,,Older adults with chronic conditions,4,2024
OMN,2025-01-01,policy_revacc,,Other groups,4,2024
OMN,2025-01-01,policy_revacc,,Pregnant women,4,2024
OMN,2025-01-01,policy_revacc_interval,,Adults,4,2024
OMN,2025-01-01,policy_revacc_interval,,Adults with chronic conditions,4,2024
OMN,2025-01-01,policy_revacc_interval,,Child. & ado. with chronic conditions,4,2024
OMN,2025-01-01,policy_revacc_interval,,Children & adolescents,4,2024
OMN,2025-01-01,policy_revacc_interval,,Health and care workers,4,2024
OMN,2025-01-01,policy_revacc_interval,,Older adults,4,2024
OMN,2025-01-01,policy_revacc_interval,,Older adults with chronic conditions,4,2024
OMN,2025-01-01,policy_revacc_interval,,Other groups,4,2024
OMN,2025-01-01,policy_revacc_interval,,Pregnant women,4,2024
OMN,2025-01-01,policy_vacc,,Adults,4,2024
OMN,2025-01-01,policy_vacc,,Adults with chronic conditions,4,2024
OMN,2025-01-01,policy_vacc,,Child. & ado. with chronic conditions,4,2024
OMN,2025-01-01,policy_vacc,,Children & adolescents,4,2024
OMN,2025-01-01,policy_vacc,,Health and care workers,4,2024
OMN,2025-01-01,policy_vacc,,Older adults,4,2024
OMN,2025-01-01,policy_vacc,,Older adults with chronic conditions,4,2024
OMN,2025-01-01,policy_vacc,,Other groups,4,2024
OMN,2025-01-01,policy_vacc,,Pregnant women,4,2024
OMN,2024-07-01,policy_revacc_interval,> 6 months,Children & adolescents,2,2024
OMN,2024-07-01,policy_revacc_interval,>6 moths,Child. & ado. with chronic conditions,2,2024
OMN,2024-07-01,policy_revacc_interval,>6 months,Pregnant women,2,2024
OMN,2024-07-01,policy_revacc_interval,>6 months,Health and care workers,2,2024
OMN,2024-07-01,policy_revacc_interval,>6 months,Adults,2,2024
OMN,2024-07-01,policy_revacc_interval,>6months,Adults with chronic conditions,2,2024
OMN,2024-07-01,policy_revacc_interval,> 6 months,Older adults,2,2024
OMN,2024-07-01,policy_revacc_interval,> 6 months,Older adults with chronic conditions,2,2024
OMN,2024-07-01,policy_comment,recommended for 12 years and older,Children & adolescents,2,2024
OMN,2024-07-01,policy_comment,NIL,Child. & ado. with chronic conditions,2,2024
OMN,2024-07-01,policy_comment,NIL,Pregnant women,2,2024
OMN,2024-07-01,policy_comment,NIL,Health and care workers,2,2024
OMN,2024-07-01,policy_comment,NIL,Adults,2,2024
OMN,2024-07-01,policy_comment,NIL,Adults with chronic conditions,2,2024
OMN,2024-07-01,policy_comment,NIL,Older adults,2,2024
OMN,2024-07-01,policy_comment,Nil,Older adults with chronic conditions,2,2024
OMN,2024-07-01,policy_revacc,YES,Children & adolescents,2,2024
OMN,2024-07-01,policy_revacc,YES,Child. & ado. with chronic conditions,2,2024
OMN,2024-07-01,policy_revacc,YES,Pregnant women,2,2024
OMN,2024-07-01,policy_revacc,YES,Health and care workers,2,2024
OMN,2024-07-01,policy_revacc,YES,Adults,2,2024
OMN,2024-07-01,policy_revacc,YES,Adults with chronic conditions,2,2024
OMN,2024-07-01,policy_revacc,YES,Older adults,2,2024
OMN,2024-07-01,policy_revacc,YES,Older adults with chronic conditions,2,2024
OMN,2024-07-01,policy_vacc,YES,Children & adolescents,2,2024
OMN,2024-07-01,policy_vacc,YES,Child. & ado. with chronic conditions,2,2024
OMN,2024-07-01,policy_vacc,YES,Pregnant women,2,2024
OMN,2024-07-01,policy_vacc,YES,Health and care workers,2,2024
OMN,2024-07-01,policy_vacc,YES,Adults,2,2024
OMN,2024-07-01,policy_vacc,YES,Adults with chronic conditions,2,2024
OMN,2024-07-01,policy_vacc,YES,Older adults,2,2024
OMN,2024-07-01,policy_vacc,YES,Older adults with chronic conditions,2,2024
OMN,2024-04-01,policy_comment,NIL,Health and care workers,1,2024
OMN,2024-04-01,policy_comment,recommended for 12 years and older,Children & adolescents,1,2024
OMN,2024-04-01,policy_comment,NIL,Child. & ado. with chronic conditions,1,2024
OMN,2024-04-01,policy_comment,NIL,Older adults,1,2024
OMN,2024-04-01,policy_comment,Nil,Older adults with chronic conditions,1,2024
OMN,2024-04-01,policy_comment,NIL,Adults,1,2024
OMN,2024-04-01,policy_comment,NIL,Adults with chronic conditions,1,2024
OMN,2024-04-01,policy_comment,NIL,Pregnant women,1,2024
OMN,2024-04-01,policy_revacc_interval,>6 months,Health and care workers,1,2024
OMN,2024-04-01,policy_revacc_interval,> 6 months,Children & adolescents,1,2024
OMN,2024-04-01,policy_revacc_interval,>6 moths,Child. & ado. with chronic conditions,1,2024
OMN,2024-04-01,policy_revacc_interval,> 6 months,Older adults,1,2024
OMN,2024-04-01,policy_revacc_interval,> 6 months,Older adults with chronic conditions,1,2024
OMN,2024-04-01,policy_revacc_interval,>6 months,Adults,1,2024
OMN,2024-04-01,policy_revacc_interval,>6months,Adults with chronic conditions,1,2024
OMN,2024-04-01,policy_revacc_interval,>6 months,Pregnant women,1,2024
OMN,2024-04-01,policy_revacc,YES,Health and care workers,1,2024
OMN,2024-04-01,policy_revacc,YES,Children & adolescents,1,2024
OMN,2024-04-01,policy_revacc,YES,Child. & ado. with chronic conditions,1,2024
OMN,2024-04-01,policy_revacc,YES,Older adults,1,2024
OMN,2024-04-01,policy_revacc,YES,Older adults with chronic conditions,1,2024
OMN,2024-04-01,policy_revacc,YES,Adults,1,2024
OMN,2024-04-01,policy_revacc,YES,Adults with chronic conditions,1,2024
OMN,2024-04-01,policy_revacc,YES,Pregnant women,1,2024
OMN,2024-04-01,policy_vacc,YES,Health and care workers,1,2024
OMN,2024-04-01,policy_vacc,YES,Children & adolescents,1,2024
OMN,2024-04-01,policy_vacc,YES,Child. & ado. with chronic conditions,1,2024
OMN,2024-04-01,policy_vacc,YES,Older adults,1,2024
OMN,2024-04-01,policy_vacc,YES,Older adults with chronic conditions,1,2024
OMN,2024-04-01,policy_vacc,YES,Adults,1,2024
OMN,2024-04-01,policy_vacc,YES,Adults with chronic conditions,1,2024
OMN,2024-04-01,policy_vacc,YES,Pregnant women,1,2024
STP,2025-01-01,policy_comment,,Adults,4,2024
STP,2025-01-01,policy_comment,,Adults with chronic conditions,4,2024
STP,2025-01-01,policy_comment,,Child. & ado. with chronic conditions,4,2024
STP,2025-01-01,policy_comment,,Children & adolescents,4,2024
STP,2025-01-01,policy_comment,,Health and care workers,4,2024
STP,2025-01-01,policy_comment,,Older adults,4,2024
STP,2025-01-01,policy_comment,,Older adults with chronic conditions,4,2024
STP,2025-01-01,policy_comment,,Other groups,4,2024
STP,2025-01-01,policy_comment,,Pregnant women,4,2024
STP,2025-01-01,policy_revacc_interval,,Adults,4,2024
STP,2025-01-01,policy_revacc_interval,,Adults with chronic conditions,4,2024
STP,2025-01-01,policy_revacc_interval,,Child. & ado. with chronic conditions,4,2024
STP,2025-01-01,policy_revacc_interval,,Children & adolescents,4,2024
STP,2025-01-01,policy_revacc_interval,,Health and care workers,4,2024
STP,2025-01-01,policy_revacc_interval,,Older adults,4,2024
STP,2025-01-01,policy_revacc_interval,,Older adults with chronic conditions,4,2024
STP,2025-01-01,policy_revacc_interval,,Other groups,4,2024
STP,2025-01-01,policy_revacc_interval,,Pregnant women,4,2024
STP,2025-01-01,policy_vacc,YES,Older adults,4,2024
STP,2025-01-01,policy_vacc,YES,Older adults with chronic conditions,4,2024
STP,2025-01-01,policy_vacc,YES,Adults,4,2024
STP,2025-01-01,policy_vacc,YES,Adults with chronic conditions,4,2024
STP,2025-01-01,policy_vacc,YES,Pregnant women,4,2024
STP,2025-01-01,policy_vacc,YES,Health and care workers,4,2024
STP,2025-01-01,policy_vacc,NO,Children & adolescents,4,2024
STP,2025-01-01,policy_vacc,NO,Child. & ado. with chronic conditions,4,2024
STP,2025-01-01,policy_vacc,YES,Other groups,4,2024
STP,2025-01-01,policy_revacc,YES,Older adults,4,2024
STP,2025-01-01,policy_revacc,YES,Older adults with chronic conditions,4,2024
STP,2025-01-01,policy_revacc,YES,Adults,4,2024
STP,2025-01-01,policy_revacc,YES,Adults with chronic conditions,4,2024
STP,2025-01-01,policy_revacc,YES,Pregnant women,4,2024
STP,2025-01-01,policy_revacc,YES,Health and care workers,4,2024
STP,2025-01-01,policy_revacc,YES,Children & adolescents,4,2024
STP,2025-01-01,policy_revacc,YES,Child. & ado. with chronic conditions,4,2024
STP,2025-01-01,policy_revacc,YES,Other groups,4,2024
UZB,2025-01-01,policy_vacc,NO,Other groups,4,2024
UZB,2025-01-01,policy_vacc,YES,Older adults,4,2024
UZB,2025-01-01,policy_vacc,YES,Older adults with chronic conditions,4,2024
UZB,2025-01-01,policy_vacc,YES,Adults,4,2024
UZB,2025-01-01,policy_vacc,YES,Adults with chronic conditions,4,2024
UZB,2025-01-01,policy_vacc,YES,Pregnant women,4,2024
UZB,2025-01-01,policy_vacc,YES,Health and care workers,4,2024
UZB,2025-01-01,policy_vacc,NO,Children & adolescents,4,2024
UZB,2025-01-01,policy_vacc,NO,Child. & ado. with chronic conditions,4,2024
UZB,2025-01-01,policy_revacc,YES,Older adults,4,2024
UZB,2025-01-01,policy_revacc,YES,Older adults with chronic conditions,4,2024
UZB,2025-01-01,policy_revacc,YES,Adults,4,2024
UZB,2025-01-01,policy_revacc,YES,Adults with chronic conditions,4,2024
UZB,2025-01-01,policy_revacc,YES,Pregnant women,4,2024
UZB,2025-01-01,policy_revacc,YES,Health and care workers,4,2024
UZB,2025-01-01,policy_revacc_interval,6_MONTHS,Older adults,4,2024
UZB,2025-01-01,policy_revacc_interval,6_MONTHS,Older adults with chronic conditions,4,2024
UZB,2025-01-01,policy_revacc_interval,6_MONTHS,Adults,4,2024
UZB,2025-01-01,policy_revacc_interval,6_MONTHS,Adults with chronic conditions,4,2024
UZB,2025-01-01,policy_revacc_interval,6_MONTHS,Pregnant women,4,2024
UZB,2025-01-01,policy_revacc_interval,6_MONTHS,Health and care workers,4,2024
UZB,2025-01-01,policy_comment,В настоящее время рекомендуется вакцинация один раз в год,Older adults,4,2024
UZB,2025-01-01,policy_comment,Рекомендуется вакцинация один раз в год,Older adults with chronic conditions,4,2024
UZB,2025-01-01,policy_comment,,Adults,4,2024
UZB,2025-01-01,policy_comment,,Adults with chronic conditions,4,2024
UZB,2025-01-01,policy_comment,,Child. & ado. with chronic conditions,4,2024
UZB,2025-01-01,policy_comment,,Children & adolescents,4,2024
UZB,2025-01-01,policy_comment,,Health and care workers,4,2024
UZB,2025-01-01,policy_comment,,Other groups,4,2024
UZB,2025-01-01,policy_comment,,Pregnant women,4,2024
UZB,2025-01-01,policy_revacc,,Child. & ado. with chronic conditions,4,2024
UZB,2025-01-01,policy_revacc,,Children & adolescents,4,2024
UZB,2025-01-01,policy_revacc,,Other groups,4,2024
UZB,2025-01-01,policy_revacc_interval,,Child. & ado. with chronic conditions,4,2024
UZB,2025-01-01,policy_revacc_interval,,Children & adolescents,4,2024
UZB,2025-01-01,policy_revacc_interval,,Other groups,4,2024
UZB,2024-04-01,policy_revacc_interval,4 мес,Older adults,1,2024
UZB,2024-04-01,policy_revacc_interval,4 мес,Older adults with chronic conditions,1,2024
UZB,2024-04-01,policy_revacc_interval,4 мес,Pregnant women,1,2024
UZB,2024-04-01,policy_revacc_interval,4 мес,Health and care workers,1,2024
UZB,2024-04-01,policy_revacc,YES,Older adults,1,2024
UZB,2024-04-01,policy_revacc,YES,Older adults with chronic conditions,1,2024
UZB,2024-04-01,policy_revacc,YES,Pregnant women,1,2024
UZB,2024-04-01,policy_revacc,YES,Health and care workers,1,2024
UZB,2024-04-01,policy_vacc,YES,Older adults,1,2024
UZB,2024-04-01,policy_vacc,YES,Older adults with chronic conditions,1,2024
UZB,2024-04-01,policy_vacc,YES,Adults,1,2024
UZB,2024-04-01,policy_vacc,YES,Adults with chronic conditions,1,2024
UZB,2024-04-01,policy_vacc,YES,Pregnant women,1,2024
UZB,2024-04-01,policy_vacc,YES,Health and care workers,1,2024
UZB,2024-04-01,policy_vacc,YES,Children & adolescents,1,2024
UZB,2024-04-01,policy_vacc,YES,Child. & ado. with chronic conditions,1,2024
UZB,2024-07-01,policy_vacc,YES,Pregnant women,2,2024
UZB,2024-07-01,policy_vacc,YES,Health and care workers,2,2024
UZB,2024-07-01,policy_vacc,YES,Children & adolescents,2,2024
UZB,2024-07-01,policy_vacc,YES,Child. & ado. with chronic conditions,2,2024
UZB,2024-07-01,policy_vacc,YES,Older adults,2,2024
UZB,2024-07-01,policy_vacc,YES,Older adults with chronic conditions,2,2024
UZB,2024-07-01,policy_vacc,YES,Adults,2,2024
UZB,2024-07-01,policy_vacc,YES,Adults with chronic conditions,2,2024
UZB,2024-07-01,policy_revacc,YES,Pregnant women,2,2024
UZB,2024-07-01,policy_revacc,YES,Health and care workers,2,2024
UZB,2024-07-01,policy_revacc,YES,Older adults,2,2024
UZB,2024-07-01,policy_revacc,YES,Older adults with chronic conditions,2,2024
UZB,2024-07-01,policy_revacc_interval,4 мес,Pregnant women,2,2024
UZB,2024-07-01,policy_revacc_interval,4 мес,Health and care workers,2,2024
UZB,2024-07-01,policy_revacc_interval,4 мес,Older adults,2,2024
UZB,2024-07-01,policy_revacc_interval,4 мес,Older adults with chronic conditions,2,2024
UZB,2024-04-01,status_product_use,YES,PFI-COMIRNATY-1,1,2024
UZB,2024-04-01,status_product_use,NO,JAP-AD26-COV-2.5-1,1,2024
UZB,2024-04-01,date_product_start,2023-03-14T00:00:00Z,PFI-COMIRNATY-1,1,2024
UZB,2024-04-01,date_product_start,2023-05-11T00:00:00Z,JAP-AD26-COV-2.5-1,1,2024
UZB,2024-07-01,status_product_use,YES,PFI-COMIRNATY-1,2,2024
UZB,2024-07-01,status_product_use,NO,JAP-AD26-COV-2.5-1,2,2024
UZB,2024-07-01,date_product_start,2023-03-14T00:00:00Z,PFI-COMIRNATY-1,2,2024
UZB,2024-07-01,date_product_start,2023-05-11T00:00:00Z,JAP-AD26-COV-2.5-1,2,2024
SLB,2025-01-01,policy_comment,,Adults,4,2024
SLB,2025-01-01,policy_comment,,Adults with chronic conditions,4,2024
SLB,2025-01-01,policy_comment,,Child. & ado. with chronic conditions,4,2024
SLB,2025-01-01,policy_comment,,Children & adolescents,4,2024
SLB,2025-01-01,policy_comment,,Health and care workers,4,2024
SLB,2025-01-01,policy_comment,,Older adults,4,2024
SLB,2025-01-01,policy_comment,,Older adults with chronic conditions,4,2024
SLB,2025-01-01,policy_comment,,Other groups,4,2024
SLB,2025-01-01,policy_comment,,Pregnant women,4,2024
SLB,2025-01-01,policy_revacc,,Adults,4,2024
SLB,2025-01-01,policy_revacc,,Adults with chronic conditions,4,2024
SLB,2025-01-01,policy_revacc,,Child. & ado. with chronic conditions,4,2024
SLB,2025-01-01,policy_revacc,,Children & adolescents,4,2024
SLB,2025-01-01,policy_revacc,,Health and care workers,4,2024
SLB,2025-01-01,policy_revacc,,Older adults,4,2024
SLB,2025-01-01,policy_revacc,,Older adults with chronic conditions,4,2024
SLB,2025-01-01,policy_revacc,,Other groups,4,2024
SLB,2025-01-01,policy_revacc,,Pregnant women,4,2024
SLB,2025-01-01,policy_revacc_interval,,Adults,4,2024
SLB,2025-01-01,policy_revacc_interval,,Adults with chronic conditions,4,2024
SLB,2025-01-01,policy_revacc_interval,,Child. & ado. with chronic conditions,4,2024
SLB,2025-01-01,policy_revacc_interval,,Children & adolescents,4,2024
SLB,2025-01-01,policy_revacc_interval,,Health and care workers,4,2024
SLB,2025-01-01,policy_revacc_interval,,Older adults,4,2024
SLB,2025-01-01,policy_revacc_interval,,Older adults with chronic conditions,4,2024
SLB,2025-01-01,policy_revacc_interval,,Other groups,4,2024
SLB,2025-01-01,policy_revacc_interval,,Pregnant women,4,2024
SLB,2025-01-01,policy_vacc,,Adults,4,2024
SLB,2025-01-01,policy_vacc,,Adults with chronic conditions,4,2024
SLB,2025-01-01,policy_vacc,,Child. & ado. with chronic conditions,4,2024
SLB,2025-01-01,policy_vacc,,Children & adolescents,4,2024
SLB,2025-01-01,policy_vacc,,Older adults,4,2024
SLB,2025-01-01,policy_vacc,,Older adults with chronic conditions,4,2024
SLB,2025-01-01,policy_vacc,,Other groups,4,2024
SLB,2025-01-01,policy_vacc,,Pregnant women,4,2024
SLB,2025-01-01,policy_vacc,NO,Health and care workers,4,2024
MUS,2025-01-01,policy_comment,,Adults,4,2024
MUS,2025-01-01,policy_comment,,Adults with chronic conditions,4,2024
MUS,2025-01-01,policy_comment,,Child. & ado. with chronic conditions,4,2024
MUS,2025-01-01,policy_comment,,Children & adolescents,4,2024
MUS,2025-01-01,policy_comment,,Health and care workers,4,2024
MUS,2025-01-01,policy_comment,,Older adults,4,2024
MUS,2025-01-01,policy_comment,,Older adults with chronic conditions,4,2024
MUS,2025-01-01,policy_comment,,Other groups,4,2024
MUS,2025-01-01,policy_comment,,Pregnant women,4,2024
MUS,2025-01-01,policy_revacc,,Adults,4,2024
MUS,2025-01-01,policy_revacc,,Adults with chronic conditions,4,2024
MUS,2025-01-01,policy_revacc,,Child. & ado. with chronic conditions,4,2024
MUS,2025-01-01,policy_revacc,,Children & adolescents,4,2024
MUS,2025-01-01,policy_revacc,,Health and care workers,4,2024
MUS,2025-01-01,policy_revacc,,Older adults,4,2024
MUS,2025-01-01,policy_revacc,,Older adults with chronic conditions,4,2024
MUS,2025-01-01,policy_revacc,,Other groups,4,2024
MUS,2025-01-01,policy_revacc,,Pregnant women,4,2024
MUS,2025-01-01,policy_revacc_interval,,Adults,4,2024
MUS,2025-01-01,policy_revacc_interval,,Adults with chronic conditions,4,2024
MUS,2025-01-01,policy_revacc_interval,,Child. & ado. with chronic conditions,4,2024
MUS,2025-01-01,policy_revacc_interval,,Children & adolescents,4,2024
MUS,2025-01-01,policy_revacc_interval,,Health and care workers,4,2024
MUS,2025-01-01,policy_revacc_interval,,Older adults,4,2024
MUS,2025-01-01,policy_revacc_interval,,Older adults with chronic conditions,4,2024
MUS,2025-01-01,policy_revacc_interval,,Other groups,4,2024
MUS,2025-01-01,policy_revacc_interval,,Pregnant women,4,2024
MUS,2025-01-01,policy_vacc,,Adults,4,2024
MUS,2025-01-01,policy_vacc,,Adults with chronic conditions,4,2024
MUS,2025-01-01,policy_vacc,,Child. & ado. with chronic conditions,4,2024
MUS,2025-01-01,policy_vacc,,Children & adolescents,4,2024
MUS,2025-01-01,policy_vacc,,Health and care workers,4,2024
MUS,2025-01-01,policy_vacc,,Older adults,4,2024
MUS,2025-01-01,policy_vacc,,Older adults with chronic conditions,4,2024
MUS,2025-01-01,policy_vacc,,Other groups,4,2024
MUS,2025-01-01,policy_vacc,,Pregnant women,4,2024
AGO,2025-01-01,policy_revacc,YES,Health and care workers,4,2024
AGO,2025-01-01,policy_revacc,YES,Children & adolescents,4,2024
AGO,2025-01-01,policy_revacc,YES,Child. & ado. with chronic conditions,4,2024
AGO,2025-01-01,policy_revacc,YES,Other groups,4,2024
AGO,2025-01-01,policy_revacc,YES,Older adults,4,2024
AGO,2025-01-01,policy_revacc,YES,Older adults with chronic conditions,4,2024
AGO,2025-01-01,policy_revacc,YES,Adults,4,2024
AGO,2025-01-01,policy_revacc,YES,Adults with chronic conditions,4,2024
AGO,2025-01-01,policy_revacc,YES,Pregnant women,4,2024
AGO,2025-01-01,policy_vacc,YES,Health and care workers,4,2024
AGO,2025-01-01,policy_vacc,YES,Children & adolescents,4,2024
AGO,2025-01-01,policy_vacc,YES,Child. & ado. with chronic conditions,4,2024
AGO,2025-01-01,policy_vacc,YES,Other groups,4,2024
AGO,2025-01-01,policy_vacc,YES,Older adults,4,2024
AGO,2025-01-01,policy_vacc,YES,Older adults with chronic conditions,4,2024
AGO,2025-01-01,policy_vacc,YES,Adults,4,2024
AGO,2025-01-01,policy_vacc,YES,Adults with chronic conditions,4,2024
AGO,2025-01-01,policy_vacc,YES,Pregnant women,4,2024
AGO,2025-01-01,policy_comment,,Adults,4,2024
AGO,2025-01-01,policy_comment,,Adults with chronic conditions,4,2024
AGO,2025-01-01,policy_comment,,Child. & ado. with chronic conditions,4,2024
AGO,2025-01-01,policy_comment,,Children & adolescents,4,2024
AGO,2025-01-01,policy_comment,,Health and care workers,4,2024
AGO,2025-01-01,policy_comment,,Older adults,4,2024
AGO,2025-01-01,policy_comment,,Older adults with chronic conditions,4,2024
AGO,2025-01-01,policy_comment,,Other groups,4,2024
AGO,2025-01-01,policy_comment,,Pregnant women,4,2024
AGO,2025-01-01,policy_revacc_interval,,Adults,4,2024
AGO,2025-01-01,policy_revacc_interval,,Adults with chronic conditions,4,2024
AGO,2025-01-01,policy_revacc_interval,,Child. & ado. with chronic conditions,4,2024
AGO,2025-01-01,policy_revacc_interval,,Children & adolescents,4,2024
AGO,2025-01-01,policy_revacc_interval,,Health and care workers,4,2024
AGO,2025-01-01,policy_revacc_interval,,Older adults,4,2024
AGO,2025-01-01,policy_revacc_interval,,Older adults with chronic conditions,4,2024
AGO,2025-01-01,policy_revacc_interval,,Other groups,4,2024
AGO,2025-01-01,policy_revacc_interval,,Pregnant women,4,2024
MDA,2024-10-01,comment,Sinopharm,BIB-INAC-SARS2-1,3,2024
MDA,2024-10-01,comment,only Comirnaty 10 micrograms/dose,PFI-COMIRNATY-1,3,2024
MDA,2024-10-01,date_product_start,2024-03-15T00:00:00Z,PFI-CBOOB1-2,3,2024
MDA,2024-10-01,date_product_start,2021-04-27T00:00:00Z,SIN-CORONAVAC-1,3,2024
MDA,2024-10-01,date_product_start,2021-11-27T00:00:00Z,MOC-MRNA-1273-1,3,2024
MDA,2024-10-01,date_product_start,2021-04-23T00:00:00Z,GRI-SPUTNIKV-1-R1,3,2024
MDA,2024-10-01,date_product_start,2021-04-20T00:00:00Z,JAP-AD26-COV-2.5-1-R1,3,2024
MDA,2024-10-01,date_product_start,2021-02-27T00:00:00Z,ASZ-AZD1222-1,3,2024
MDA,2024-10-01,date_product_start,2021-03-13T00:00:00Z,BIB-INAC-SARS2-1,3,2024
MDA,2024-10-01,date_product_start,2023-03-19T00:00:00Z,PFI-COMIRNATY-1,3,2024
MDA,2024-10-01,status_product_use,YES,PFI-CBOOB1-2,3,2024
MDA,2024-10-01,status_product_use,NO,SIN-CORONAVAC-1,3,2024
MDA,2024-10-01,status_product_use,NO,MOC-MRNA-1273-1,3,2024
MDA,2024-10-01,status_product_use,NO,GRI-SPUTNIKV-1-R1,3,2024
MDA,2024-10-01,status_product_use,NO,JAP-AD26-COV-2.5-1-R1,3,2024
MDA,2024-10-01,status_product_use,NO,ASZ-AZD1222-1,3,2024
MDA,2024-10-01,status_product_use,NO,BIB-INAC-SARS2-1,3,2024
MDA,2024-10-01,status_product_use,YES,PFI-COMIRNATY-1,3,2024
MDA,2024-10-01,policy_comment,With every pregnancy it is recommended,Pregnant women,3,2024
MDA,2024-10-01,policy_comment,Immunocompromised persons and severely immunocompromised,Other groups,3,2024
MDA,2024-10-01,policy_revacc_interval,12 months,Older adults,3,2024
MDA,2024-10-01,policy_revacc_interval,12 months,Older adults with chronic conditions,3,2024
MDA,2024-10-01,policy_revacc_interval,12 months,Adults with chronic conditions,3,2024
MDA,2024-10-01,policy_revacc_interval,6 months,Pregnant women,3,2024
MDA,2024-10-01,policy_revacc_interval,12 months,Health and care workers,3,2024
MDA,2024-10-01,policy_revacc_interval,6 months,Other groups,3,2024
MDA,2024-10-01,policy_revacc,YES,Older adults,3,2024
MDA,2024-10-01,policy_revacc,YES,Older adults with chronic conditions,3,2024
MDA,2024-10-01,policy_revacc,NO,Adults,3,2024
MDA,2024-10-01,policy_revacc,YES,Adults with chronic conditions,3,2024
MDA,2024-10-01,policy_revacc,YES,Pregnant women,3,2024
MDA,2024-10-01,policy_revacc,YES,Health and care workers,3,2024
MDA,2024-10-01,policy_revacc,NO,Children & adolescents,3,2024
MDA,2024-10-01,policy_revacc,NO,Child. & ado. with chronic conditions,3,2024
MDA,2024-10-01,policy_revacc,YES,Other groups,3,2024
MDA,2024-10-01,policy_vacc,YES,Older adults,3,2024
MDA,2024-10-01,policy_vacc,YES,Older adults with chronic conditions,3,2024
MDA,2024-10-01,policy_vacc,YES,Adults,3,2024
MDA,2024-10-01,policy_vacc,YES,Adults with chronic conditions,3,2024
MDA,2024-10-01,policy_vacc,YES,Pregnant women,3,2024
MDA,2024-10-01,policy_vacc,YES,Health and care workers,3,2024
MDA,2024-10-01,policy_vacc,YES,Children & adolescents,3,2024
MDA,2024-10-01,policy_vacc,YES,Child. & ado. with chronic conditions,3,2024
MDA,2024-10-01,policy_vacc,YES,Other groups,3,2024
MDA,2025-01-01,policy_revacc_interval,12_MONTHS,Older adults,4,2024
MDA,2025-01-01,policy_revacc_interval,12_MONTHS,Older adults with chronic conditions,4,2024
MDA,2025-01-01,policy_revacc_interval,12_MONTHS,Adults with chronic conditions,4,2024
MDA,2025-01-01,policy_revacc_interval,6_MONTHS,Pregnant women,4,2024
MDA,2025-01-01,policy_revacc_interval,12_MONTHS,Health and care workers,4,2024
MDA,2025-01-01,policy_revacc,YES,Older adults,4,2024
MDA,2025-01-01,policy_revacc,YES,Older adults with chronic conditions,4,2024
MDA,2025-01-01,policy_revacc,NO,Adults,4,2024
MDA,2025-01-01,policy_revacc,YES,Adults with chronic conditions,4,2024
MDA,2025-01-01,policy_revacc,YES,Pregnant women,4,2024
MDA,2025-01-01,policy_revacc,YES,Health and care workers,4,2024
MDA,2025-01-01,policy_revacc,NO,Children & adolescents,4,2024
MDA,2025-01-01,policy_revacc,NO,Child. & ado. with chronic conditions,4,2024
MDA,2025-01-01,policy_vacc,YES,Older adults,4,2024
MDA,2025-01-01,policy_vacc,YES,Older adults with chronic conditions,4,2024
MDA,2025-01-01,policy_vacc,YES,Adults,4,2024
MDA,2025-01-01,policy_vacc,YES,Adults with chronic conditions,4,2024
MDA,2025-01-01,policy_vacc,YES,Pregnant women,4,2024
MDA,2025-01-01,policy_vacc,YES,Health and care workers,4,2024
MDA,2025-01-01,policy_vacc,YES,Children & adolescents,4,2024
MDA,2025-01-01,policy_vacc,YES,Child. & ado. with chronic conditions,4,2024
MDA,2024-04-01,date_product_start,2024-03-15T00:00:00Z,PFI-CBOOB1-2,1,2024
MDA,2024-04-01,date_product_start,2021-04-27T00:00:00Z,SIN-CORONAVAC-1,1,2024
MDA,2024-04-01,date_product_start,2021-11-27T00:00:00Z,MOC-MRNA-1273-1,1,2024
MDA,2024-04-01,date_product_start,2021-04-23T00:00:00Z,GRI-SPUTNIKV-1-R1,1,2024
MDA,2024-04-01,date_product_start,2021-04-20T00:00:00Z,JAP-AD26-COV-2.5-1-R1,1,2024
MDA,2024-04-01,date_product_start,2021-02-27T00:00:00Z,ASZ-AZD1222-1,1,2024
MDA,2024-04-01,date_product_start,2021-03-13T00:00:00Z,BIB-INAC-SARS2-1,1,2024
MDA,2024-04-01,date_product_start,2023-03-19T00:00:00Z,PFI-COMIRNATY-1,1,2024
MDA,2024-04-01,status_product_use,YES,PFI-CBOOB1-2,1,2024
MDA,2024-04-01,status_product_use,YES,SIN-CORONAVAC-1,1,2024
MDA,2024-04-01,status_product_use,NO,MOC-MRNA-1273-1,1,2024
MDA,2024-04-01,status_product_use,NO,GRI-SPUTNIKV-1-R1,1,2024
MDA,2024-04-01,status_product_use,NO,JAP-AD26-COV-2.5-1-R1,1,2024
MDA,2024-04-01,status_product_use,NO,ASZ-AZD1222-1,1,2024
MDA,2024-04-01,status_product_use,NO,BIB-INAC-SARS2-1,1,2024
MDA,2024-04-01,status_product_use,YES,PFI-COMIRNATY-1,1,2024
MDA,2024-07-01,date_product_start,2024-03-15T00:00:00Z,PFI-CBOOB1-2,2,2024
MDA,2024-07-01,date_product_start,2021-04-27T00:00:00Z,SIN-CORONAVAC-1,2,2024
MDA,2024-07-01,date_product_start,2021-11-27T00:00:00Z,MOC-MRNA-1273-1,2,2024
MDA,2024-07-01,date_product_start,2021-04-23T00:00:00Z,GRI-SPUTNIKV-1-R1,2,2024
MDA,2024-07-01,date_product_start,2021-04-20T00:00:00Z,JAP-AD26-COV-2.5-1-R1,2,2024
MDA,2024-07-01,date_product_start,2021-02-27T00:00:00Z,ASZ-AZD1222-1,2,2024
MDA,2024-07-01,date_product_start,2021-03-13T00:00:00Z,BIB-INAC-SARS2-1,2,2024
MDA,2024-07-01,date_product_start,2023-03-19T00:00:00Z,PFI-COMIRNATY-1,2,2024
MDA,2024-07-01,status_product_use,YES,PFI-CBOOB1-2,2,2024
MDA,2024-07-01,status_product_use,NO,SIN-CORONAVAC-1,2,2024
MDA,2024-07-01,status_product_use,NO,MOC-MRNA-1273-1,2,2024
MDA,2024-07-01,status_product_use,NO,GRI-SPUTNIKV-1-R1,2,2024
MDA,2024-07-01,status_product_use,NO,JAP-AD26-COV-2.5-1-R1,2,2024
MDA,2024-07-01,status_product_use,NO,ASZ-AZD1222-1,2,2024
MDA,2024-07-01,status_product_use,NO,BIB-INAC-SARS2-1,2,2024
MDA,2024-07-01,status_product_use,YES,PFI-COMIRNATY-1,2,2024
MDA,2024-04-01,comment,Sinopharm,BIB-INAC-SARS2-1,1,2024
MDA,2024-04-01,comment,only Comirnaty 10 micrograms/dose,PFI-COMIRNATY-1,1,2024
MDA,2024-07-01,comment,Sinopharm,BIB-INAC-SARS2-1,2,2024
MDA,2024-07-01,comment,only Comirnaty 10 micrograms/dose,PFI-COMIRNATY-1,2,2024
MDA,2025-01-01,policy_comment,,Adults,4,2024
MDA,2025-01-01,policy_comment,,Adults with chronic conditions,4,2024
MDA,2025-01-01,policy_comment,,Child. & ado. with chronic conditions,4,2024
MDA,2025-01-01,policy_comment,,Children & adolescents,4,2024
MDA,2025-01-01,policy_comment,,Health and care workers,4,2024
MDA,2025-01-01,policy_comment,,Older adults,4,2024
MDA,2025-01-01,policy_comment,,Older adults with chronic conditions,4,2024
MDA,2025-01-01,policy_comment,,Other groups,4,2024
MDA,2025-01-01,policy_comment,,Pregnant women,4,2024
MDA,2025-01-01,policy_revacc,,Other groups,4,2024
MDA,2025-01-01,policy_revacc_interval,,Adults,4,2024
MDA,2025-01-01,policy_revacc_interval,,Child. & ado. with chronic conditions,4,2024
MDA,2025-01-01,policy_revacc_interval,,Children & adolescents,4,2024
MDA,2025-01-01,policy_revacc_interval,,Other groups,4,2024
MDA,2025-01-01,policy_vacc,,Other groups,4,2024
MDA,2024-07-01,policy_comment,With every pregnancy it is recommended,Pregnant women,2,2024
MDA,2024-07-01,policy_comment,Immunocompromised persons and severely immunocompromised,Other groups,2,2024
MDA,2024-07-01,policy_revacc_interval,6 months,Pregnant women,2,2024
MDA,2024-07-01,policy_revacc_interval,12 months,Health and care workers,2,2024
MDA,2024-07-01,policy_revacc_interval,6 months,Other groups,2,2024
MDA,2024-07-01,policy_revacc_interval,12 months,Older adults,2,2024
MDA,2024-07-01,policy_revacc_interval,12 months,Older adults with chronic conditions,2,2024
MDA,2024-07-01,policy_revacc_interval,12 months,Adults with chronic conditions,2,2024
MDA,2024-04-01,policy_revacc,NO,Adults,1,2024
MDA,2024-04-01,policy_revacc,YES,Adults with chronic conditions,1,2024
MDA,2024-04-01,policy_revacc,NO,Children & adolescents,1,2024
MDA,2024-04-01,policy_revacc,NO,Child. & ado. with chronic conditions,1,2024
MDA,2024-04-01,policy_revacc,YES,Other groups,1,2024
MDA,2024-04-01,policy_revacc,YES,Older adults,1,2024
MDA,2024-04-01,policy_revacc,YES,Older adults with chronic conditions,1,2024
MDA,2024-04-01,policy_revacc,YES,Pregnant women,1,2024
MDA,2024-04-01,policy_revacc,YES,Health and care workers,1,2024
MDA,2024-04-01,policy_revacc_interval,12 months,Adults with chronic conditions,1,2024
MDA,2024-04-01,policy_revacc_interval,6 months,Other groups,1,2024
MDA,2024-04-01,policy_revacc_interval,12 months,Older adults,1,2024
MDA,2024-04-01,policy_revacc_interval,12 months,Older adults with chronic conditions,1,2024
MDA,2024-04-01,policy_revacc_interval,6 months,Pregnant women,1,2024
MDA,2024-04-01,policy_revacc_interval,12 months,Health and care workers,1,2024
MDA,2024-04-01,policy_comment,Immunocompromised persons and severely immunocompromised,Other groups,1,2024
MDA,2024-04-01,policy_comment,With every pregnancy it is recommended,Pregnant women,1,2024
MDA,2024-07-01,policy_vacc,YES,Pregnant women,2,2024
MDA,2024-07-01,policy_vacc,YES,Health and care workers,2,2024
MDA,2024-07-01,policy_vacc,YES,Children & adolescents,2,2024
MDA,2024-07-01,policy_vacc,YES,Child. & ado. with chronic conditions,2,2024
MDA,2024-07-01,policy_vacc,YES,Other groups,2,2024
MDA,2024-07-01,policy_vacc,YES,Older adults,2,2024
MDA,2024-07-01,policy_vacc,YES,Older adults with chronic conditions,2,2024
MDA,2024-07-01,policy_vacc,YES,Adults,2,2024
MDA,2024-07-01,policy_vacc,YES,Adults with chronic conditions,2,2024
MDA,2024-07-01,policy_revacc,YES,Pregnant women,2,2024
MDA,2024-07-01,policy_revacc,YES,Health and care workers,2,2024
MDA,2024-07-01,policy_revacc,NO,Children & adolescents,2,2024
MDA,2024-07-01,policy_revacc,NO,Child. & ado. with chronic conditions,2,2024
MDA,2024-07-01,policy_revacc,YES,Other groups,2,2024
MDA,2024-07-01,policy_revacc,YES,Older adults,2,2024
MDA,2024-07-01,policy_revacc,YES,Older adults with chronic conditions,2,2024
MDA,2024-07-01,policy_revacc,NO,Adults,2,2024
MDA,2024-07-01,policy_revacc,YES,Adults with chronic conditions,2,2024
MDA,2024-04-01,policy_vacc,YES,Adults,1,2024
MDA,2024-04-01,policy_vacc,YES,Adults with chronic conditions,1,2024
MDA,2024-04-01,policy_vacc,YES,Children & adolescents,1,2024
MDA,2024-04-01,policy_vacc,YES,Child. & ado. with chronic conditions,1,2024
MDA,2024-04-01,policy_vacc,YES,Other groups,1,2024
MDA,2024-04-01,policy_vacc,YES,Older adults,1,2024
MDA,2024-04-01,policy_vacc,YES,Older adults with chronic conditions,1,2024
MDA,2024-04-01,policy_vacc,YES,Pregnant women,1,2024
MDA,2024-04-01,policy_vacc,YES,Health and care workers,1,2024
BGD,2024-10-01,policy_revacc_interval,After 6 Months,Older adults,3,2024
BGD,2024-10-01,policy_revacc_interval,After 6 Months,Older adults with chronic conditions,3,2024
BGD,2024-10-01,policy_revacc_interval,After 12 Months,Adults with chronic conditions,3,2024
BGD,2024-10-01,policy_revacc_interval,After 12 Months,Health and care workers,3,2024
BGD,2024-10-01,policy_revacc,YES,Older adults,3,2024
BGD,2024-10-01,policy_revacc,YES,Older adults with chronic conditions,3,2024
BGD,2024-10-01,policy_revacc,NO,Adults,3,2024
BGD,2024-10-01,policy_revacc,YES,Adults with chronic conditions,3,2024
BGD,2024-10-01,policy_revacc,NO,Pregnant women,3,2024
BGD,2024-10-01,policy_revacc,YES,Health and care workers,3,2024
BGD,2024-10-01,policy_revacc,NO,Children & adolescents,3,2024
BGD,2024-10-01,policy_revacc,NO,Child. & ado. with chronic conditions,3,2024
BGD,2024-10-01,policy_vacc,YES,Older adults,3,2024
BGD,2024-10-01,policy_vacc,YES,Older adults with chronic conditions,3,2024
BGD,2024-10-01,policy_vacc,YES,Adults,3,2024
BGD,2024-10-01,policy_vacc,YES,Adults with chronic conditions,3,2024
BGD,2024-10-01,policy_vacc,YES,Pregnant women,3,2024
BGD,2024-10-01,policy_vacc,YES,Health and care workers,3,2024
BGD,2024-10-01,policy_vacc,NO,Children & adolescents,3,2024
BGD,2024-10-01,policy_vacc,NO,Child. & ado. with chronic conditions,3,2024
BGD,2024-07-01,policy_revacc,YES,Older adults,2,2024
BGD,2024-07-01,policy_revacc,YES,Older adults with chronic conditions,2,2024
BGD,2024-07-01,policy_revacc,NO,Adults,2,2024
BGD,2024-07-01,policy_revacc,YES,Adults with chronic conditions,2,2024
BGD,2024-07-01,policy_revacc,NO,Pregnant women,2,2024
BGD,2024-07-01,policy_revacc,YES,Health and care workers,2,2024
BGD,2024-07-01,policy_revacc,NO,Children & adolescents,2,2024
BGD,2024-07-01,policy_revacc,NO,Child. & ado. with chronic conditions,2,2024
BGD,2024-07-01,policy_revacc_interval,After 6 Months,Older adults,2,2024
BGD,2024-07-01,policy_revacc_interval,After 6 Months,Older adults with chronic conditions,2,2024
BGD,2024-07-01,policy_revacc_interval,After 12 Months,Adults with chronic conditions,2,2024
BGD,2024-07-01,policy_revacc_interval,After 12 Months,Health and care workers,2,2024
BGD,2024-07-01,policy_vacc,YES,Older adults,2,2024
BGD,2024-07-01,policy_vacc,YES,Older adults with chronic conditions,2,2024
BGD,2024-07-01,policy_vacc,YES,Adults,2,2024
BGD,2024-07-01,policy_vacc,YES,Adults with chronic conditions,2,2024
BGD,2024-07-01,policy_vacc,YES,Pregnant women,2,2024
BGD,2024-07-01,policy_vacc,YES,Health and care workers,2,2024
BGD,2024-07-01,policy_vacc,NO,Children & adolescents,2,2024
BGD,2024-07-01,policy_vacc,NO,Child. & ado. with chronic conditions,2,2024
BGD,2024-07-01,comment,Not Available,SIN-CORONAVAC-1,2,2024
BGD,2024-07-01,comment,Not Available,BIB-INAC-SARS2-1,2,2024
BGD,2024-07-01,comment,Not Available,ASZ-AZD1222-1,2,2024
BGD,2024-07-01,comment,Not Available,JAP-AD26-COV-2.5-1,2,2024
BGD,2024-07-01,comment,Not Available,MOC-MRNA-1273-1,2,2024
BGD,2024-07-01,comment,Not Available,SII-COVISHIELD-1,2,2024
BGD,2024-07-01,comment,pfizer RTU & pfizer VCV available,PFI-COMIRNATY-1,2,2024
BGD,2024-07-01,status_product_use,NO,SIN-CORONAVAC-1,2,2024
BGD,2024-07-01,status_product_use,NO,BIB-INAC-SARS2-1,2,2024
BGD,2024-07-01,status_product_use,NO,ASZ-AZD1222-1,2,2024
BGD,2024-07-01,status_product_use,NO,JAP-AD26-COV-2.5-1,2,2024
BGD,2024-07-01,status_product_use,NO,MOC-MRNA-1273-1,2,2024
BGD,2024-07-01,status_product_use,NO,SII-COVISHIELD-1,2,2024
BGD,2024-07-01,status_product_use,YES,PFI-COMIRNATY-1,2,2024
BGD,2024-07-01,date_product_start,2021-12-11T00:00:00Z,SIN-CORONAVAC-1,2,2024
BGD,2024-07-01,date_product_start,2021-11-25T00:00:00Z,BIB-INAC-SARS2-1,2,2024
BGD,2024-07-01,date_product_start,2021-01-27T00:00:00Z,ASZ-AZD1222-1,2,2024
BGD,2024-07-01,date_product_start,2022-02-06T00:00:00Z,JAP-AD26-COV-2.5-1,2,2024
BGD,2024-07-01,date_product_start,2021-07-13T00:00:00Z,MOC-MRNA-1273-1,2,2024
BGD,2024-07-01,date_product_start,2021-01-27T00:00:00Z,SII-COVISHIELD-1,2,2024
BGD,2024-07-01,date_product_start,2022-08-25T00:00:00Z,PFI-COMIRNATY-1,2,2024
BGD,2025-01-01,policy_vacc,NO,Child. & ado. with chronic conditions,4,2024
BGD,2025-01-01,policy_vacc,NO,Other groups,4,2024
BGD,2025-01-01,policy_vacc,YES,Older adults,4,2024
BGD,2025-01-01,policy_vacc,YES,Older adults with chronic conditions,4,2024
BGD,2025-01-01,policy_vacc,YES,Adults,4,2024
BGD,2025-01-01,policy_vacc,YES,Health and care workers,4,2024
BGD,2025-01-01,policy_vacc,NO,Children & adolescents,4,2024
BGD,2025-01-01,policy_vacc,YES,Adults with chronic conditions,4,2024
BGD,2025-01-01,policy_vacc,YES,Pregnant women,4,2024
BGD,2025-01-01,policy_revacc,NO,Child. & ado. with chronic conditions,4,2024
BGD,2025-01-01,policy_revacc,NO,Other groups,4,2024
BGD,2025-01-01,policy_revacc,YES,Older adults,4,2024
BGD,2025-01-01,policy_revacc,YES,Older adults with chronic conditions,4,2024
BGD,2025-01-01,policy_revacc,NO,Adults,4,2024
BGD,2025-01-01,policy_revacc,YES,Health and care workers,4,2024
BGD,2025-01-01,policy_revacc,NO,Children & adolescents,4,2024
BGD,2025-01-01,policy_revacc,YES,Adults with chronic conditions,4,2024
BGD,2025-01-01,policy_revacc,NO,Pregnant women,4,2024
BGD,2024-10-01,comment,Not Available,SIN-CORONAVAC-1,3,2024
BGD,2024-10-01,comment,Not Available,BIB-INAC-SARS2-1,3,2024
BGD,2024-10-01,comment,Not Available,ASZ-AZD1222-1,3,2024
BGD,2024-10-01,comment,Not Available,JAP-AD26-COV-2.5-1,3,2024
BGD,2024-10-01,comment,Not Available,MOC-MRNA-1273-1,3,2024
BGD,2024-10-01,comment,Not Available,SII-COVISHIELD-1,3,2024
BGD,2024-10-01,comment,pfizer RTU & pfizer VCV available,PFI-COMIRNATY-1,3,2024
BGD,2024-10-01,status_product_use,NO,SIN-CORONAVAC-1,3,2024
BGD,2024-10-01,status_product_use,NO,BIB-INAC-SARS2-1,3,2024
BGD,2024-10-01,status_product_use,NO,ASZ-AZD1222-1,3,2024
BGD,2024-10-01,status_product_use,NO,JAP-AD26-COV-2.5-1,3,2024
BGD,2024-10-01,status_product_use,NO,MOC-MRNA-1273-1,3,2024
BGD,2024-10-01,status_product_use,NO,SII-COVISHIELD-1,3,2024
BGD,2024-10-01,status_product_use,YES,PFI-COMIRNATY-1,3,2024
BGD,2024-10-01,date_product_start,2021-12-11T00:00:00Z,SIN-CORONAVAC-1,3,2024
BGD,2024-10-01,date_product_start,2021-11-25T00:00:00Z,BIB-INAC-SARS2-1,3,2024
BGD,2024-10-01,date_product_start,2021-01-27T00:00:00Z,ASZ-AZD1222-1,3,2024
BGD,2024-10-01,date_product_start,2022-02-06T00:00:00Z,JAP-AD26-COV-2.5-1,3,2024
BGD,2024-10-01,date_product_start,2021-07-13T00:00:00Z,MOC-MRNA-1273-1,3,2024
BGD,2024-10-01,date_product_start,2021-01-27T00:00:00Z,SII-COVISHIELD-1,3,2024
BGD,2024-10-01,date_product_start,2022-08-25T00:00:00Z,PFI-COMIRNATY-1,3,2024
BGD,2025-01-01,policy_comment,,Adults,4,2024
BGD,2025-01-01,policy_comment,,Adults with chronic conditions,4,2024
BGD,2025-01-01,policy_comment,,Child. & ado. with chronic conditions,4,2024
BGD,2025-01-01,policy_comment,,Children & adolescents,4,2024
BGD,2025-01-01,policy_comment,,Health and care workers,4,2024
BGD,2025-01-01,policy_comment,,Older adults with chronic conditions,4,2024
BGD,2025-01-01,policy_comment,,Other groups,4,2024
BGD,2025-01-01,policy_comment,,Pregnant women,4,2024
BGD,2025-01-01,policy_revacc_interval,,Adults,4,2024
BGD,2025-01-01,policy_revacc_interval,,Child. & ado. with chronic conditions,4,2024
BGD,2025-01-01,policy_revacc_interval,,Children & adolescents,4,2024
BGD,2025-01-01,policy_revacc_interval,,Other groups,4,2024
BGD,2025-01-01,policy_revacc_interval,,Pregnant women,4,2024
BGD,2025-01-01,policy_revacc_interval,6_MONTHS,Older adults,4,2024
BGD,2025-01-01,policy_revacc_interval,6_MONTHS,Older adults with chronic conditions,4,2024
BGD,2025-01-01,policy_revacc_interval,12_MONTHS,Health and care workers,4,2024
BGD,2025-01-01,policy_revacc_interval,12_MONTHS,Adults with chronic conditions,4,2024
BGD,2025-01-01,policy_comment,Periodic re-vaccination recommended for high risk group,Older adults,4,2024
EST,2025-01-01,policy_revacc_interval,6_MONTHS,Older adults with chronic conditions,4,2024
EST,2025-01-01,policy_revacc_interval,6_MONTHS,Adults with chronic conditions,4,2024
EST,2025-01-01,policy_revacc_interval,6_MONTHS,Pregnant women,4,2024
EST,2025-01-01,policy_revacc_interval,6_MONTHS,Health and care workers,4,2024
EST,2025-01-01,policy_vacc,NO,Children & adolescents,4,2024
EST,2025-01-01,policy_vacc,YES,Child. & ado. with chronic conditions,4,2024
EST,2025-01-01,policy_vacc,YES,Older adults,4,2024
EST,2025-01-01,policy_vacc,YES,Older adults with chronic conditions,4,2024
EST,2025-01-01,policy_vacc,NO,Adults,4,2024
EST,2025-01-01,policy_vacc,YES,Adults with chronic conditions,4,2024
EST,2025-01-01,policy_vacc,YES,Pregnant women,4,2024
EST,2025-01-01,policy_vacc,YES,Health and care workers,4,2024
EST,2025-01-01,policy_revacc_interval,6_MONTHS,Child. & ado. with chronic conditions,4,2024
EST,2025-01-01,policy_revacc_interval,6_MONTHS,Older adults,4,2024
EST,2025-01-01,policy_revacc,NO,Children & adolescents,4,2024
EST,2025-01-01,policy_revacc,YES,Child. & ado. with chronic conditions,4,2024
EST,2025-01-01,policy_revacc,YES,Older adults,4,2024
EST,2025-01-01,policy_revacc,YES,Older adults with chronic conditions,4,2024
EST,2025-01-01,policy_revacc,NO,Adults,4,2024
EST,2025-01-01,policy_revacc,YES,Adults with chronic conditions,4,2024
EST,2025-01-01,policy_revacc,YES,Pregnant women,4,2024
EST,2025-01-01,policy_revacc,YES,Health and care workers,4,2024
EST,2025-01-01,policy_comment,,Adults,4,2024
EST,2025-01-01,policy_comment,,Adults with chronic conditions,4,2024
EST,2025-01-01,policy_comment,,Child. & ado. with chronic conditions,4,2024
EST,2025-01-01,policy_comment,,Children & adolescents,4,2024
EST,2025-01-01,policy_comment,,Health and care workers,4,2024
EST,2025-01-01,policy_comment,,Older adults,4,2024
EST,2025-01-01,policy_comment,,Older adults with chronic conditions,4,2024
EST,2025-01-01,policy_comment,,Other groups,4,2024
EST,2025-01-01,policy_comment,,Pregnant women,4,2024
EST,2025-01-01,policy_revacc,,Other groups,4,2024
EST,2025-01-01,policy_revacc_interval,,Adults,4,2024
EST,2025-01-01,policy_revacc_interval,,Children & adolescents,4,2024
EST,2025-01-01,policy_revacc_interval,,Other groups,4,2024
EST,2025-01-01,policy_vacc,,Other groups,4,2024
EST,2024-07-01,status_product_use,NO,MOC-MRNA-1273-1,2,2024
EST,2024-07-01,status_product_use,NO,PFI-COMIRNATY-1,2,2024
EST,2024-07-01,status_product_use,NO,JAP-AD26-COV-2.5-1,2,2024
EST,2024-07-01,status_product_use,YES,PFI-COXBB-1,2,2024
EST,2024-07-01,status_product_use,NO,NOV-COVAX-1,2,2024
EST,2024-07-01,status_product_use,NO,PFI-CBOOB1-2,2,2024
EST,2024-07-01,status_product_use,NO,PFI-CBOOB1-1,2,2024
EST,2024-07-01,status_product_use,NO,MOC-SBOOB1-1,2,2024
EST,2024-07-01,status_product_use,YES,NOV-NOXBB-1,2,2024
EST,2024-07-01,date_product_start,2021-01-18T00:00:00Z,MOC-MRNA-1273-1,2,2024
EST,2024-07-01,date_product_start,2020-12-27T00:00:00Z,PFI-COMIRNATY-1,2,2024
EST,2024-07-01,date_product_start,2021-04-30T00:00:00Z,JAP-AD26-COV-2.5-1,2,2024
EST,2024-07-01,date_product_start,2023-09-13T00:00:00Z,PFI-COXBB-1,2,2024
EST,2024-07-01,date_product_start,2022-03-31T00:00:00Z,NOV-COVAX-1,2,2024
EST,2024-07-01,date_product_start,2022-09-25T00:00:00Z,PFI-CBOOB1-2,2,2024
EST,2024-07-01,date_product_start,2022-09-25T00:00:00Z,PFI-CBOOB1-1,2,2024
EST,2024-07-01,date_product_start,2022-09-26T00:00:00Z,MOC-SBOOB1-1,2,2024
EST,2024-07-01,policy_comment,60+,Older adults,2,2024
EST,2024-07-01,policy_comment,60+,Older adults with chronic conditions,2,2024
EST,2024-07-01,policy_comment,18-59,Adults with chronic conditions,2,2024
EST,2024-07-01,policy_comment,6 months to 17 years,Child. & ado. with chronic conditions,2,2024
EST,2024-07-01,policy_revacc_interval,6 months,Older adults,2,2024
EST,2024-07-01,policy_revacc_interval,6 months,Older adults with chronic conditions,2,2024
EST,2024-07-01,policy_revacc_interval,6 months,Adults with chronic conditions,2,2024
EST,2024-07-01,policy_revacc_interval,6 months,Child. & ado. with chronic conditions,2,2024
EST,2024-07-01,policy_revacc,YES,Older adults,2,2024
EST,2024-07-01,policy_revacc,YES,Older adults with chronic conditions,2,2024
EST,2024-07-01,policy_revacc,NO,Adults,2,2024
EST,2024-07-01,policy_revacc,YES,Adults with chronic conditions,2,2024
EST,2024-07-01,policy_revacc,NO,Pregnant women,2,2024
EST,2024-07-01,policy_revacc,NO,Health and care workers,2,2024
EST,2024-07-01,policy_revacc,NO,Children & adolescents,2,2024
EST,2024-07-01,policy_revacc,YES,Child. & ado. with chronic conditions,2,2024
EST,2024-07-01,policy_revacc,NO,Other groups,2,2024
EST,2024-07-01,policy_vacc,YES,Older adults,2,2024
EST,2024-07-01,policy_vacc,YES,Older adults with chronic conditions,2,2024
EST,2024-07-01,policy_vacc,NO,Adults,2,2024
EST,2024-07-01,policy_vacc,YES,Adults with chronic conditions,2,2024
EST,2024-07-01,policy_vacc,NO,Pregnant women,2,2024
EST,2024-07-01,policy_vacc,NO,Health and care workers,2,2024
EST,2024-07-01,policy_vacc,NO,Children & adolescents,2,2024
EST,2024-07-01,policy_vacc,YES,Child. & ado. with chronic conditions,2,2024
EST,2024-07-01,policy_vacc,NO,Other groups,2,2024
EST,2024-04-01,policy_comment,60+,Older adults,1,2024
EST,2024-04-01,policy_comment,60+,Older adults with chronic conditions,1,2024
EST,2024-04-01,policy_comment,18-59,Adults with chronic conditions,1,2024
EST,2024-04-01,policy_comment,6 months to 17 years,Child. & ado. with chronic conditions,1,2024
EST,2024-04-01,policy_revacc_interval,6 months,Older adults,1,2024
EST,2024-04-01,policy_revacc_interval,6 months,Older adults with chronic conditions,1,2024
EST,2024-04-01,policy_revacc_interval,6 months,Adults with chronic conditions,1,2024
EST,2024-04-01,policy_revacc_interval,6 months,Child. & ado. with chronic conditions,1,2024
EST,2024-04-01,policy_vacc,YES,Older adults,1,2024
EST,2024-04-01,policy_vacc,YES,Older adults with chronic conditions,1,2024
EST,2024-04-01,policy_vacc,NO,Adults,1,2024
EST,2024-04-01,policy_vacc,YES,Adults with chronic conditions,1,2024
EST,2024-04-01,policy_vacc,NO,Pregnant women,1,2024
EST,2024-04-01,policy_vacc,NO,Health and care workers,1,2024
EST,2024-04-01,policy_vacc,NO,Children & adolescents,1,2024
EST,2024-04-01,policy_vacc,YES,Child. & ado. with chronic conditions,1,2024
EST,2024-04-01,policy_vacc,NO,Other groups,1,2024
EST,2024-04-01,policy_revacc,YES,Older adults,1,2024
EST,2024-04-01,policy_revacc,YES,Older adults with chronic conditions,1,2024
EST,2024-04-01,policy_revacc,NO,Adults,1,2024
EST,2024-04-01,policy_revacc,YES,Adults with chronic conditions,1,2024
EST,2024-04-01,policy_revacc,NO,Pregnant women,1,2024
EST,2024-04-01,policy_revacc,NO,Health and care workers,1,2024
EST,2024-04-01,policy_revacc,NO,Children & adolescents,1,2024
EST,2024-04-01,policy_revacc,YES,Child. & ado. with chronic conditions,1,2024
EST,2024-04-01,policy_revacc,NO,Other groups,1,2024
EST,2024-04-01,status_product_use,NO,MOC-MRNA-1273-1,1,2024
EST,2024-04-01,status_product_use,NO,PFI-COMIRNATY-1,1,2024
EST,2024-04-01,status_product_use,NO,NOV-COVAX-1,1,2024
EST,2024-04-01,status_product_use,NO,PFI-CBOOB1-2,1,2024
EST,2024-04-01,status_product_use,NO,PFI-CBOOB1-1,1,2024
EST,2024-04-01,status_product_use,NO,MOC-SBOOB1-1,1,2024
EST,2024-04-01,status_product_use,NO,JAP-AD26-COV-2.5-1,1,2024
EST,2024-04-01,date_product_start,2021-01-18T00:00:00Z,MOC-MRNA-1273-1,1,2024
EST,2024-04-01,date_product_start,2020-12-27T00:00:00Z,PFI-COMIRNATY-1,1,2024
EST,2024-04-01,date_product_start,2022-03-31T00:00:00Z,NOV-COVAX-1,1,2024
EST,2024-04-01,date_product_start,2022-09-25T00:00:00Z,PFI-CBOOB1-2,1,2024
EST,2024-04-01,date_product_start,2022-09-25T00:00:00Z,PFI-CBOOB1-1,1,2024
EST,2024-04-01,date_product_start,2022-09-26T00:00:00Z,MOC-SBOOB1-1,1,2024
EST,2024-04-01,date_product_start,2021-04-30T00:00:00Z,JAP-AD26-COV-2.5-1,1,2024
EST,2024-04-01,status_product_use,YES,NOV-NOXBB-1,1,2024
EST,2024-04-01,status_product_use,YES,PFI-COXBB-1,1,2024
EST,2024-04-01,date_product_start,2023-09-13T00:00:00Z,PFI-COXBB-1,1,2024
MAR,2025-01-01,policy_comment,,Adults,4,2024
MAR,2025-01-01,policy_comment,,Adults with chronic conditions,4,2024
MAR,2025-01-01,policy_comment,,Child. & ado. with chronic conditions,4,2024
MAR,2025-01-01,policy_comment,,Children & adolescents,4,2024
MAR,2025-01-01,policy_comment,,Health and care workers,4,2024
MAR,2025-01-01,policy_comment,,Older adults,4,2024
MAR,2025-01-01,policy_comment,,Older adults with chronic conditions,4,2024
MAR,2025-01-01,policy_comment,,Other groups,4,2024
MAR,2025-01-01,policy_comment,,Pregnant women,4,2024
MAR,2025-01-01,policy_revacc,,Adults,4,2024
MAR,2025-01-01,policy_revacc,,Adults with chronic conditions,4,2024
MAR,2025-01-01,policy_revacc,,Child. & ado. with chronic conditions,4,2024
MAR,2025-01-01,policy_revacc,,Children & adolescents,4,2024
MAR,2025-01-01,policy_revacc,,Health and care workers,4,2024
MAR,2025-01-01,policy_revacc,,Older adults,4,2024
MAR,2025-01-01,policy_revacc,,Older adults with chronic conditions,4,2024
MAR,2025-01-01,policy_revacc,,Other groups,4,2024
MAR,2025-01-01,policy_revacc,,Pregnant women,4,2024
MAR,2025-01-01,policy_revacc_interval,,Adults,4,2024
MAR,2025-01-01,policy_revacc_interval,,Adults with chronic conditions,4,2024
MAR,2025-01-01,policy_revacc_interval,,Child. & ado. with chronic conditions,4,2024
MAR,2025-01-01,policy_revacc_interval,,Children & adolescents,4,2024
MAR,2025-01-01,policy_revacc_interval,,Health and care workers,4,2024
MAR,2025-01-01,policy_revacc_interval,,Older adults,4,2024
MAR,2025-01-01,policy_revacc_interval,,Older adults with chronic conditions,4,2024
MAR,2025-01-01,policy_revacc_interval,,Other groups,4,2024
MAR,2025-01-01,policy_revacc_interval,,Pregnant women,4,2024
MAR,2025-01-01,policy_vacc,,Adults,4,2024
MAR,2025-01-01,policy_vacc,,Adults with chronic conditions,4,2024
MAR,2025-01-01,policy_vacc,,Child. & ado. with chronic conditions,4,2024
MAR,2025-01-01,policy_vacc,,Children & adolescents,4,2024
MAR,2025-01-01,policy_vacc,,Health and care workers,4,2024
MAR,2025-01-01,policy_vacc,,Older adults,4,2024
MAR,2025-01-01,policy_vacc,,Older adults with chronic conditions,4,2024
MAR,2025-01-01,policy_vacc,,Other groups,4,2024
MAR,2025-01-01,policy_vacc,,Pregnant women,4,2024
GTM,2025-01-01,policy_vacc,YES,Adults with chronic conditions,4,2024
GTM,2025-01-01,policy_vacc,YES,Pregnant women,4,2024
GTM,2025-01-01,policy_vacc,YES,Health and care workers,4,2024
GTM,2025-01-01,policy_vacc,YES,Children & adolescents,4,2024
GTM,2025-01-01,policy_vacc,YES,Child. & ado. with chronic conditions,4,2024
GTM,2025-01-01,policy_vacc,YES,Other groups,4,2024
GTM,2025-01-01,policy_vacc,NO,Older adults,4,2024
GTM,2025-01-01,policy_vacc,YES,Older adults with chronic conditions,4,2024
GTM,2025-01-01,policy_vacc,NO,Adults,4,2024
GTM,2025-01-01,policy_revacc,YES,Adults with chronic conditions,4,2024
GTM,2025-01-01,policy_revacc,YES,Pregnant women,4,2024
GTM,2025-01-01,policy_revacc,YES,Health and care workers,4,2024
GTM,2025-01-01,policy_revacc,YES,Children & adolescents,4,2024
GTM,2025-01-01,policy_revacc,YES,Child. & ado. with chronic conditions,4,2024
GTM,2025-01-01,policy_revacc,YES,Other groups,4,2024
GTM,2025-01-01,policy_revacc,NO,Older adults,4,2024
GTM,2025-01-01,policy_revacc,YES,Older adults with chronic conditions,4,2024
GTM,2025-01-01,policy_revacc,NO,Adults,4,2024
GTM,2024-04-01,date_product_start,2023-12-26T00:00:00Z,MOC-SXBB-1,1,2024
GTM,2024-04-01,date_product_start,2021-08-24T00:00:00Z,GRI-SPUTNIKLT-1,1,2024
GTM,2024-04-01,date_product_start,2021-02-25T00:00:00Z,MOC-MRNA-1273-1,1,2024
GTM,2024-04-01,date_product_start,2021-03-03T00:00:00Z,SII-COVISHIELD-1,1,2024
GTM,2024-04-01,date_product_start,2021-08-20T00:00:00Z,PFI-COMIRNATY-1,1,2024
GTM,2024-04-01,date_product_start,2021-05-17T00:00:00Z,GRI-SPUTNIKV-1,1,2024
GTM,2024-04-01,date_product_start,2021-04-30T00:00:00Z,ASZ-AZD1222-1,1,2024
GTM,2024-04-01,date_product_start,2022-12-27T00:00:00Z,MOC-SBOOB1-1,1,2024
GTM,2024-04-01,status_product_use,YES,MOC-SXBB-1,1,2024
GTM,2024-04-01,status_product_use,NO,GRI-SPUTNIKLT-1,1,2024
GTM,2024-04-01,status_product_use,NO,MOC-MRNA-1273-1,1,2024
GTM,2024-04-01,status_product_use,NO,SII-COVISHIELD-1,1,2024
GTM,2024-04-01,status_product_use,NO,PFI-COMIRNATY-1,1,2024
GTM,2024-04-01,status_product_use,NO,GRI-SPUTNIKV-1,1,2024
GTM,2024-04-01,status_product_use,NO,ASZ-AZD1222-1,1,2024
GTM,2024-04-01,status_product_use,NO,MOC-SBOOB1-1,1,2024
GTM,2024-04-01,comment,Donación/SWISS CONFEDERATION,MOC-SXBB-1,1,2024
GTM,2024-04-01,comment,"Sputnik I, el componente Sputnik II ingreso la fecha 15/07/2021",GRI-SPUTNIKLT-1,1,2024
GTM,2024-04-01,comment,"Donación gobierno de Israel, Estados Unidos, Suiza  y Corea",MOC-MRNA-1273-1,1,2024
GTM,2024-04-01,comment,Donación Gobierno de la India,SII-COVISHIELD-1,1,2024
GTM,2024-04-01,comment,"COVAX, COVAX  gobierno de España",PFI-COMIRNATY-1,1,2024
GTM,2024-04-01,comment,Acuerdo Bilateral,GRI-SPUTNIKV-1,1,2024
GTM,2024-04-01,comment,"COVAX, COVAX -donación España- , donación México, COVAX -donación Canadá-, donación Republica Dominicana, Compra Bilateral proveniente de Argentina",ASZ-AZD1222-1,1,2024
GTM,2024-04-01,comment,Donación Suiza,MOC-SBOOB1-1,1,2024
GTM,2024-04-01,policy_vacc,YES,Older adults,1,2024
GTM,2024-04-01,policy_vacc,YES,Older adults with chronic conditions,1,2024
GTM,2024-04-01,policy_vacc,YES,Adults,1,2024
GTM,2024-04-01,policy_vacc,YES,Adults with chronic conditions,1,2024
GTM,2024-04-01,policy_vacc,YES,Pregnant women,1,2024
GTM,2024-04-01,policy_vacc,YES,Health and care workers,1,2024
GTM,2024-04-01,policy_vacc,YES,Children & adolescents,1,2024
GTM,2024-04-01,policy_vacc,YES,Child. & ado. with chronic conditions,1,2024
GTM,2024-04-01,policy_revacc,YES,Older adults,1,2024
GTM,2024-04-01,policy_revacc,YES,Older adults with chronic conditions,1,2024
GTM,2024-04-01,policy_revacc,YES,Adults,1,2024
GTM,2024-04-01,policy_revacc,YES,Adults with chronic conditions,1,2024
GTM,2024-04-01,policy_revacc,YES,Pregnant women,1,2024
GTM,2024-04-01,policy_revacc,YES,Health and care workers,1,2024
GTM,2024-04-01,policy_revacc,YES,Children & adolescents,1,2024
GTM,2024-04-01,policy_revacc,YES,Child. & ado. with chronic conditions,1,2024
GTM,2024-04-01,policy_revacc_interval,"3 refuerzos después del esquema primario, con intervalo de 6 semanas después de la ultima dosis",Older adults,1,2024
GTM,2024-04-01,policy_revacc_interval,"3 refuerzos después del esquema primario, con intervalo de 6 semanas después de la ultima dosis",Older adults with chronic conditions,1,2024
GTM,2024-04-01,policy_revacc_interval,"2 refuerzo después del esquema primario, con un intervalo de 8 semanas después de la ultima dosis",Adults,1,2024
GTM,2024-04-01,policy_revacc_interval,"3 refuerzos, después del esquema primario, con intervalo de 6 semanas después de la ultima dosis",Adults with chronic conditions,1,2024
GTM,2024-04-01,policy_revacc_interval,"2 refuerzos después del esquema primario, con 8 semanas después de la ultima dosis",Pregnant women,1,2024
GTM,2024-04-01,policy_revacc_interval,"2 refuerzos después del esquema primario, con un intervalo de 8 semanas después de la ultima dosis",Health and care workers,1,2024
GTM,2024-04-01,policy_revacc_interval,"2 refuerzos después esquema primario, con 8 semanas de intervalo después de la ultima dosis",Children & adolescents,1,2024
GTM,2024-04-01,policy_revacc_interval,"3 refuerzos después del esquema primario, con intervalo de 6 semanas, después de la ultima dosis",Child. & ado. with chronic conditions,1,2024
GTM,2024-04-01,policy_comment,vacunación a partir del 2 trimestre de gestación,Pregnant women,1,2024
GTM,2024-04-01,policy_comment,Si es trabajador de salud con enfermedades crónicas aplican las mismas consideraciones del adulto con enfermedades crónicas,Health and care workers,1,2024
GTM,2024-04-01,policy_comment,vacunación a partir de los 12 años de edad,Children & adolescents,1,2024
GTM,2024-04-01,policy_comment,vacunación a partir de los 12 años de edad,Child. & ado. with chronic conditions,1,2024
GTM,2024-10-01,policy_comment,vacunación a partir del 2 trimestre de gestación,Pregnant women,3,2024
GTM,2024-10-01,policy_comment,Si es trabajador de salud con enfermedades crónicas aplican las mismas consideraciones del adulto con enfermedades crónicas,Health and care workers,3,2024
GTM,2024-10-01,policy_comment,vacunación a partir de los 12 años de edad,Children & adolescents,3,2024
GTM,2024-10-01,policy_comment,vacunación a partir de los 12 años de edad,Child. & ado. with chronic conditions,3,2024
GTM,2024-10-01,policy_revacc,YES,Older adults,3,2024
GTM,2024-10-01,policy_revacc,YES,Older adults with chronic conditions,3,2024
GTM,2024-10-01,policy_revacc,YES,Adults,3,2024
GTM,2024-10-01,policy_revacc,YES,Adults with chronic conditions,3,2024
GTM,2024-10-01,policy_revacc,YES,Pregnant women,3,2024
GTM,2024-10-01,policy_revacc,YES,Health and care workers,3,2024
GTM,2024-10-01,policy_revacc,YES,Children & adolescents,3,2024
GTM,2024-10-01,policy_revacc,YES,Child. & ado. with chronic conditions,3,2024
GTM,2024-10-01,policy_revacc_interval,"3 refuerzos después del esquema primario, con intervalo de 6 semanas después de la ultima dosis",Older adults,3,2024
GTM,2024-10-01,policy_revacc_interval,"3 refuerzos después del esquema primario, con intervalo de 6 semanas después de la ultima dosis",Older adults with chronic conditions,3,2024
GTM,2024-10-01,policy_revacc_interval,"2 refuerzo después del esquema primario, con un intervalo de 8 semanas después de la ultima dosis",Adults,3,2024
GTM,2024-10-01,policy_revacc_interval,"3 refuerzos, después del esquema primario, con intervalo de 6 semanas después de la ultima dosis",Adults with chronic conditions,3,2024
GTM,2024-10-01,policy_revacc_interval,"2 refuerzos después del esquema primario, con 8 semanas después de la ultima dosis",Pregnant women,3,2024
GTM,2024-10-01,policy_revacc_interval,"2 refuerzos después del esquema primario, con un intervalo de 8 semanas después de la ultima dosis",Health and care workers,3,2024
GTM,2024-10-01,policy_revacc_interval,"2 refuerzos después esquema primario, con 8 semanas de intervalo después de la ultima dosis",Children & adolescents,3,2024
GTM,2024-10-01,policy_revacc_interval,"3 refuerzos después del esquema primario, con intervalo de 6 semanas, después de la ultima dosis",Child. & ado. with chronic conditions,3,2024
GTM,2024-10-01,policy_vacc,YES,Older adults,3,2024
GTM,2024-10-01,policy_vacc,YES,Older adults with chronic conditions,3,2024
GTM,2024-10-01,policy_vacc,YES,Adults,3,2024
GTM,2024-10-01,policy_vacc,YES,Adults with chronic conditions,3,2024
GTM,2024-10-01,policy_vacc,YES,Pregnant women,3,2024
GTM,2024-10-01,policy_vacc,YES,Health and care workers,3,2024
GTM,2024-10-01,policy_vacc,YES,Children & adolescents,3,2024
GTM,2024-10-01,policy_vacc,YES,Child. & ado. with chronic conditions,3,2024
GTM,2025-01-01,policy_comment,,Adults,4,2024
GTM,2025-01-01,policy_comment,,Adults with chronic conditions,4,2024
GTM,2025-01-01,policy_comment,,Child. & ado. with chronic conditions,4,2024
GTM,2025-01-01,policy_comment,,Children & adolescents,4,2024
GTM,2025-01-01,policy_comment,,Health and care workers,4,2024
GTM,2025-01-01,policy_comment,,Older adults,4,2024
GTM,2025-01-01,policy_comment,,Older adults with chronic conditions,4,2024
GTM,2025-01-01,policy_revacc_interval,,Adults,4,2024
GTM,2025-01-01,policy_revacc_interval,,Older adults,4,2024
GTM,2024-10-01,comment,Acuerdo Bilateral,GRI-SPUTNIKV-1,3,2024
GTM,2024-10-01,comment,"COVAX, COVAX -donación España- , donación México, COVAX -donación Canadá-, donación Republica Dominicana, Compra Bilateral proveniente de Argentina",ASZ-AZD1222-1,3,2024
GTM,2024-10-01,comment,Donación Suiza,MOC-SBOOB1-1,3,2024
GTM,2024-10-01,comment,Donación Gobierno de la India,SII-COVISHIELD-1,3,2024
GTM,2024-10-01,comment,"COVAX, COVAX  gobierno de España",PFI-COMIRNATY-1,3,2024
GTM,2024-10-01,comment,"Sputnik I, el componente Sputnik II ingreso la fecha 15/07/2021",GRI-SPUTNIKLT-1,3,2024
GTM,2024-10-01,comment,"Donación gobierno de Israel, Estados Unidos, Suiza  y Corea",MOC-MRNA-1273-1,3,2024
GTM,2024-10-01,comment,este producto se utilizó hasta mayo 31 y posteriormente no ha ingresado vacuna contra COVID-19 al país,MOC-SXBB-1,3,2024
GTM,2024-10-01,status_product_use,NO,GRI-SPUTNIKV-1,3,2024
GTM,2024-10-01,status_product_use,NO,ASZ-AZD1222-1,3,2024
GTM,2024-10-01,status_product_use,NO,MOC-SBOOB1-1,3,2024
GTM,2024-10-01,status_product_use,NO,SII-COVISHIELD-1,3,2024
GTM,2024-10-01,status_product_use,NO,PFI-COMIRNATY-1,3,2024
GTM,2024-10-01,status_product_use,NO,GRI-SPUTNIKLT-1,3,2024
GTM,2024-10-01,status_product_use,NO,MOC-MRNA-1273-1,3,2024
GTM,2024-10-01,status_product_use,NO,MOC-SXBB-1,3,2024
GTM,2024-10-01,date_product_start,2021-05-17T00:00:00Z,GRI-SPUTNIKV-1,3,2024
GTM,2024-10-01,date_product_start,2021-04-30T00:00:00Z,ASZ-AZD1222-1,3,2024
GTM,2024-10-01,date_product_start,2022-12-27T00:00:00Z,MOC-SBOOB1-1,3,2024
GTM,2024-10-01,date_product_start,2021-03-03T00:00:00Z,SII-COVISHIELD-1,3,2024
GTM,2024-10-01,date_product_start,2021-08-20T00:00:00Z,PFI-COMIRNATY-1,3,2024
GTM,2024-10-01,date_product_start,2021-08-24T00:00:00Z,GRI-SPUTNIKLT-1,3,2024
GTM,2024-10-01,date_product_start,2021-02-25T00:00:00Z,MOC-MRNA-1273-1,3,2024
GTM,2024-10-01,date_product_start,2023-12-26T00:00:00Z,MOC-SXBB-1,3,2024
GTM,2025-01-01,policy_revacc_interval,6_MONTHS,Adults with chronic conditions,4,2024
GTM,2025-01-01,policy_revacc_interval,6_MONTHS,Pregnant women,4,2024
GTM,2025-01-01,policy_revacc_interval,6_MONTHS,Health and care workers,4,2024
GTM,2025-01-01,policy_revacc_interval,6_MONTHS,Children & adolescents,4,2024
GTM,2025-01-01,policy_revacc_interval,6_MONTHS,Child. & ado. with chronic conditions,4,2024
GTM,2025-01-01,policy_revacc_interval,6_MONTHS,Other groups,4,2024
GTM,2025-01-01,policy_revacc_interval,6_MONTHS,Older adults with chronic conditions,4,2024
GTM,2025-01-01,policy_comment,en cada embarazo,Pregnant women,4,2024
GTM,2025-01-01,policy_comment,la vacunacion esta comprendida para grupos priorizados con comorbilidades de las diferentes edades,Other groups,4,2024
GRC,2025-01-01,policy_comment,,Adults,4,2024
GRC,2025-01-01,policy_comment,,Adults with chronic conditions,4,2024
GRC,2025-01-01,policy_comment,,Child. & ado. with chronic conditions,4,2024
GRC,2025-01-01,policy_comment,,Children & adolescents,4,2024
GRC,2025-01-01,policy_comment,,Health and care workers,4,2024
GRC,2025-01-01,policy_comment,,Older adults,4,2024
GRC,2025-01-01,policy_comment,,Older adults with chronic conditions,4,2024
GRC,2025-01-01,policy_comment,,Other groups,4,2024
GRC,2025-01-01,policy_comment,,Pregnant women,4,2024
GRC,2025-01-01,policy_revacc,,Adults,4,2024
GRC,2025-01-01,policy_revacc,,Adults with chronic conditions,4,2024
GRC,2025-01-01,policy_revacc,,Child. & ado. with chronic conditions,4,2024
GRC,2025-01-01,policy_revacc,,Children & adolescents,4,2024
GRC,2025-01-01,policy_revacc,,Health and care workers,4,2024
GRC,2025-01-01,policy_revacc,,Older adults,4,2024
GRC,2025-01-01,policy_revacc,,Older adults with chronic conditions,4,2024
GRC,2025-01-01,policy_revacc,,Other groups,4,2024
GRC,2025-01-01,policy_revacc,,Pregnant women,4,2024
GRC,2025-01-01,policy_revacc_interval,,Adults,4,2024
GRC,2025-01-01,policy_revacc_interval,,Adults with chronic conditions,4,2024
GRC,2025-01-01,policy_revacc_interval,,Child. & ado. with chronic conditions,4,2024
GRC,2025-01-01,policy_revacc_interval,,Children & adolescents,4,2024
GRC,2025-01-01,policy_revacc_interval,,Health and care workers,4,2024
GRC,2025-01-01,policy_revacc_interval,,Older adults,4,2024
GRC,2025-01-01,policy_revacc_interval,,Older adults with chronic conditions,4,2024
GRC,2025-01-01,policy_revacc_interval,,Other groups,4,2024
GRC,2025-01-01,policy_revacc_interval,,Pregnant women,4,2024
GRC,2025-01-01,policy_vacc,,Adults,4,2024
GRC,2025-01-01,policy_vacc,,Adults with chronic conditions,4,2024
GRC,2025-01-01,policy_vacc,,Child. & ado. with chronic conditions,4,2024
GRC,2025-01-01,policy_vacc,,Children & adolescents,4,2024
GRC,2025-01-01,policy_vacc,,Health and care workers,4,2024
GRC,2025-01-01,policy_vacc,,Older adults,4,2024
GRC,2025-01-01,policy_vacc,,Older adults with chronic conditions,4,2024
GRC,2025-01-01,policy_vacc,,Other groups,4,2024
GRC,2025-01-01,policy_vacc,,Pregnant women,4,2024
AFG,2024-10-01,status_product_use,YES,OTHER,3,2024
AFG,2024-10-01,status_product_use,YES,BIE-BECOV2-1,3,2024
AFG,2024-10-01,date_product_start,2024-10-07T00:00:00Z,OTHER,3,2024
AFG,2024-10-01,date_product_start,2024-10-07T00:00:00Z,BIE-BECOV2-1,3,2024
AFG,2024-10-01,comment,from 7th of Oct we use the Corbevax vaccine,OTHER,3,2024
AFG,2024-10-01,comment,after the month of Sep 2024 we did not use the jonssen vaccine due to shortage of this vaccine,BIE-BECOV2-1,3,2024
AFG,2025-01-01,policy_revacc_interval,12_MONTHS,Health and care workers,4,2024
AFG,2025-01-01,policy_revacc_interval,6_MONTHS,Adults with chronic conditions,4,2024
AFG,2025-01-01,policy_revacc_interval,6_MONTHS,Older adults with chronic conditions,4,2024
AFG,2025-01-01,policy_revacc_interval,12_MONTHS,Older adults,4,2024
AFG,2025-01-01,policy_comment,,Adults,4,2024
AFG,2025-01-01,policy_comment,,Adults with chronic conditions,4,2024
AFG,2025-01-01,policy_comment,,Child. & ado. with chronic conditions,4,2024
AFG,2025-01-01,policy_comment,,Children & adolescents,4,2024
AFG,2025-01-01,policy_comment,,Health and care workers,4,2024
AFG,2025-01-01,policy_comment,,Older adults,4,2024
AFG,2025-01-01,policy_comment,,Older adults with chronic conditions,4,2024
AFG,2025-01-01,policy_comment,,Other groups,4,2024
AFG,2025-01-01,policy_comment,,Pregnant women,4,2024
AFG,2025-01-01,policy_revacc,,Child. & ado. with chronic conditions,4,2024
AFG,2025-01-01,policy_revacc,,Children & adolescents,4,2024
AFG,2025-01-01,policy_revacc,,Other groups,4,2024
AFG,2025-01-01,policy_revacc,,Pregnant women,4,2024
AFG,2025-01-01,policy_revacc_interval,,Adults,4,2024
AFG,2025-01-01,policy_revacc_interval,,Child. & ado. with chronic conditions,4,2024
AFG,2025-01-01,policy_revacc_interval,,Children & adolescents,4,2024
AFG,2025-01-01,policy_revacc_interval,,Other groups,4,2024
AFG,2025-01-01,policy_revacc_interval,,Pregnant women,4,2024
AFG,2025-01-01,policy_vacc,,Child. & ado. with chronic conditions,4,2024
AFG,2025-01-01,policy_vacc,,Children & adolescents,4,2024
AFG,2025-01-01,policy_vacc,,Other groups,4,2024
AFG,2025-01-01,policy_vacc,,Pregnant women,4,2024
AFG,2024-10-01,policy_revacc_interval,12 months,Children & adolescents,3,2024
AFG,2024-10-01,policy_revacc_interval,12 Months,Older adults with chronic conditions,3,2024
AFG,2024-10-01,policy_revacc_interval,12 Months,Adults with chronic conditions,3,2024
AFG,2024-10-01,policy_revacc_interval,12 months,Older adults,3,2024
AFG,2024-10-01,policy_revacc,YES,Health and care workers,3,2024
AFG,2024-10-01,policy_revacc,YES,Children & adolescents,3,2024
AFG,2024-10-01,policy_revacc,YES,Older adults with chronic conditions,3,2024
AFG,2024-10-01,policy_revacc,YES,Adults,3,2024
AFG,2024-10-01,policy_revacc,YES,Adults with chronic conditions,3,2024
AFG,2024-10-01,policy_revacc,YES,Older adults,3,2024
AFG,2024-10-01,policy_vacc,YES,Health and care workers,3,2024
AFG,2024-10-01,policy_vacc,YES,Older adults with chronic conditions,3,2024
AFG,2024-10-01,policy_vacc,YES,Adults,3,2024
AFG,2024-10-01,policy_vacc,YES,Adults with chronic conditions,3,2024
AFG,2024-10-01,policy_vacc,YES,Older adults,3,2024
AFG,2024-07-01,policy_revacc,YES,Older adults,2,2024
AFG,2024-07-01,policy_revacc,YES,Older adults with chronic conditions,2,2024
AFG,2024-07-01,policy_revacc,YES,Adults,2,2024
AFG,2024-07-01,policy_revacc,YES,Adults with chronic conditions,2,2024
AFG,2024-07-01,policy_revacc,YES,Health and care workers,2,2024
AFG,2024-07-01,policy_revacc,YES,Children & adolescents,2,2024
AFG,2024-07-01,policy_vacc,YES,Older adults,2,2024
AFG,2024-07-01,policy_vacc,YES,Older adults with chronic conditions,2,2024
AFG,2024-07-01,policy_vacc,YES,Adults,2,2024
AFG,2024-07-01,policy_vacc,YES,Adults with chronic conditions,2,2024
AFG,2024-07-01,policy_vacc,YES,Health and care workers,2,2024
AFG,2024-07-01,policy_revacc_interval,12 months,Older adults,2,2024
AFG,2024-07-01,policy_revacc_interval,12 Months,Older adults with chronic conditions,2,2024
AFG,2024-07-01,policy_revacc_interval,12 Months,Adults with chronic conditions,2,2024
AFG,2024-07-01,policy_revacc_interval,12 months,Children & adolescents,2,2024
AFG,2024-04-01,policy_revacc_interval,12 Months,Older adults,1,2024
AFG,2024-04-01,policy_revacc_interval,12 Months,Older adults with chronic conditions,1,2024
AFG,2024-04-01,policy_revacc_interval,12 M,Adults with chronic conditions,1,2024
AFG,2024-04-01,policy_revacc_interval,12 M,Health and care workers,1,2024
AFG,2024-04-01,policy_comment,We administer the COVID-19 vaccine as per SAGE guideline,Older adults,1,2024
AFG,2024-04-01,policy_comment,As per SAGE guideline,Older adults with chronic conditions,1,2024
AFG,2024-04-01,policy_comment,As per SAGE guileline,Adults,1,2024
AFG,2024-04-01,policy_comment,As per SAGE recommendation,Adults with chronic conditions,1,2024
AFG,2024-04-01,policy_comment,As per NVDP,Pregnant women,1,2024
AFG,2024-04-01,policy_comment,as per SAGE guide,Health and care workers,1,2024
AFG,2024-04-01,policy_comment,as per NVDP,Children & adolescents,1,2024
AFG,2024-04-01,policy_comment,as per NVDP,Child. & ado. with chronic conditions,1,2024
AFG,2024-04-01,policy_comment,as per NVDP,Other groups,1,2024
AFG,2024-04-01,policy_revacc,YES,Older adults,1,2024
AFG,2024-04-01,policy_revacc,YES,Older adults with chronic conditions,1,2024
AFG,2024-04-01,policy_revacc,NO,Adults,1,2024
AFG,2024-04-01,policy_revacc,YES,Adults with chronic conditions,1,2024
AFG,2024-04-01,policy_revacc,NO,Pregnant women,1,2024
AFG,2024-04-01,policy_revacc,YES,Health and care workers,1,2024
AFG,2024-04-01,policy_revacc,NO,Children & adolescents,1,2024
AFG,2024-04-01,policy_revacc,NO,Child. & ado. with chronic conditions,1,2024
AFG,2024-04-01,policy_revacc,NO,Other groups,1,2024
AFG,2024-04-01,policy_vacc,YES,Older adults,1,2024
AFG,2024-04-01,policy_vacc,YES,Older adults with chronic conditions,1,2024
AFG,2024-04-01,policy_vacc,YES,Adults,1,2024
AFG,2024-04-01,policy_vacc,YES,Adults with chronic conditions,1,2024
AFG,2024-04-01,policy_vacc,NO,Pregnant women,1,2024
AFG,2024-04-01,policy_vacc,YES,Health and care workers,1,2024
AFG,2024-04-01,policy_vacc,NO,Children & adolescents,1,2024
AFG,2024-04-01,policy_vacc,NO,Child. & ado. with chronic conditions,1,2024
AFG,2024-04-01,policy_vacc,NO,Other groups,1,2024
AFG,2025-01-01,policy_revacc,YES,Health and care workers,4,2024
AFG,2025-01-01,policy_revacc,YES,Adults,4,2024
AFG,2025-01-01,policy_revacc,YES,Adults with chronic conditions,4,2024
AFG,2025-01-01,policy_revacc,YES,Older adults with chronic conditions,4,2024
AFG,2025-01-01,policy_revacc,YES,Older adults,4,2024
AFG,2025-01-01,policy_vacc,YES,Health and care workers,4,2024
AFG,2025-01-01,policy_vacc,YES,Adults,4,2024
AFG,2025-01-01,policy_vacc,YES,Adults with chronic conditions,4,2024
AFG,2025-01-01,policy_vacc,YES,Older adults with chronic conditions,4,2024
AFG,2025-01-01,policy_vacc,YES,Older adults,4,2024
NIU,2025-01-01,policy_comment,,Adults,4,2024
NIU,2025-01-01,policy_comment,,Adults with chronic conditions,4,2024
NIU,2025-01-01,policy_comment,,Child. & ado. with chronic conditions,4,2024
NIU,2025-01-01,policy_comment,,Children & adolescents,4,2024
NIU,2025-01-01,policy_comment,,Health and care workers,4,2024
NIU,2025-01-01,policy_comment,,Older adults,4,2024
NIU,2025-01-01,policy_comment,,Older adults with chronic conditions,4,2024
NIU,2025-01-01,policy_comment,,Other groups,4,2024
NIU,2025-01-01,policy_comment,,Pregnant women,4,2024
NIU,2025-01-01,policy_revacc,,Adults,4,2024
NIU,2025-01-01,policy_revacc,,Adults with chronic conditions,4,2024
NIU,2025-01-01,policy_revacc,,Child. & ado. with chronic conditions,4,2024
NIU,2025-01-01,policy_revacc,,Children & adolescents,4,2024
NIU,2025-01-01,policy_revacc,,Health and care workers,4,2024
NIU,2025-01-01,policy_revacc,,Older adults,4,2024
NIU,2025-01-01,policy_revacc,,Older adults with chronic conditions,4,2024
NIU,2025-01-01,policy_revacc,,Other groups,4,2024
NIU,2025-01-01,policy_revacc,,Pregnant women,4,2024
NIU,2025-01-01,policy_revacc_interval,,Adults,4,2024
NIU,2025-01-01,policy_revacc_interval,,Adults with chronic conditions,4,2024
NIU,2025-01-01,policy_revacc_interval,,Child. & ado. with chronic conditions,4,2024
NIU,2025-01-01,policy_revacc_interval,,Children & adolescents,4,2024
NIU,2025-01-01,policy_revacc_interval,,Health and care workers,4,2024
NIU,2025-01-01,policy_revacc_interval,,Older adults,4,2024
NIU,2025-01-01,policy_revacc_interval,,Older adults with chronic conditions,4,2024
NIU,2025-01-01,policy_revacc_interval,,Other groups,4,2024
NIU,2025-01-01,policy_revacc_interval,,Pregnant women,4,2024
NIU,2025-01-01,policy_vacc,,Adults,4,2024
NIU,2025-01-01,policy_vacc,,Adults with chronic conditions,4,2024
NIU,2025-01-01,policy_vacc,,Child. & ado. with chronic conditions,4,2024
NIU,2025-01-01,policy_vacc,,Children & adolescents,4,2024
NIU,2025-01-01,policy_vacc,,Health and care workers,4,2024
NIU,2025-01-01,policy_vacc,,Older adults,4,2024
NIU,2025-01-01,policy_vacc,,Older adults with chronic conditions,4,2024
NIU,2025-01-01,policy_vacc,,Other groups,4,2024
NIU,2025-01-01,policy_vacc,,Pregnant women,4,2024
JPN,2025-01-01,policy_vacc,YES,Older adults,4,2024
JPN,2025-01-01,policy_vacc,YES,Older adults with chronic conditions,4,2024
JPN,2025-01-01,policy_revacc,YES,Older adults,4,2024
JPN,2025-01-01,policy_revacc,NO,Older adults with chronic conditions,4,2024
JPN,2025-01-01,policy_comment,,Adults,4,2024
JPN,2025-01-01,policy_comment,,Adults with chronic conditions,4,2024
JPN,2025-01-01,policy_comment,,Child. & ado. with chronic conditions,4,2024
JPN,2025-01-01,policy_comment,,Children & adolescents,4,2024
JPN,2025-01-01,policy_comment,,Health and care workers,4,2024
JPN,2025-01-01,policy_comment,,Older adults,4,2024
JPN,2025-01-01,policy_comment,,Older adults with chronic conditions,4,2024
JPN,2025-01-01,policy_comment,,Other groups,4,2024
JPN,2025-01-01,policy_comment,,Pregnant women,4,2024
JPN,2025-01-01,policy_revacc,,Adults,4,2024
JPN,2025-01-01,policy_revacc,,Adults with chronic conditions,4,2024
JPN,2025-01-01,policy_revacc,,Child. & ado. with chronic conditions,4,2024
JPN,2025-01-01,policy_revacc,,Children & adolescents,4,2024
JPN,2025-01-01,policy_revacc,,Health and care workers,4,2024
JPN,2025-01-01,policy_revacc,,Other groups,4,2024
JPN,2025-01-01,policy_revacc,,Pregnant women,4,2024
JPN,2025-01-01,policy_revacc_interval,,Adults,4,2024
JPN,2025-01-01,policy_revacc_interval,,Adults with chronic conditions,4,2024
JPN,2025-01-01,policy_revacc_interval,,Child. & ado. with chronic conditions,4,2024
JPN,2025-01-01,policy_revacc_interval,,Children & adolescents,4,2024
JPN,2025-01-01,policy_revacc_interval,,Health and care workers,4,2024
JPN,2025-01-01,policy_revacc_interval,,Older adults,4,2024
JPN,2025-01-01,policy_revacc_interval,,Older adults with chronic conditions,4,2024
JPN,2025-01-01,policy_revacc_interval,,Other groups,4,2024
JPN,2025-01-01,policy_revacc_interval,,Pregnant women,4,2024
JPN,2025-01-01,policy_vacc,,Adults,4,2024
JPN,2025-01-01,policy_vacc,,Adults with chronic conditions,4,2024
JPN,2025-01-01,policy_vacc,,Child. & ado. with chronic conditions,4,2024
JPN,2025-01-01,policy_vacc,,Children & adolescents,4,2024
JPN,2025-01-01,policy_vacc,,Health and care workers,4,2024
JPN,2025-01-01,policy_vacc,,Other groups,4,2024
JPN,2025-01-01,policy_vacc,,Pregnant women,4,2024
ESP,2025-01-01,policy_comment,,Adults,4,2024
ESP,2025-01-01,policy_comment,,Adults with chronic conditions,4,2024
ESP,2025-01-01,policy_comment,,Children & adolescents,4,2024
ESP,2025-01-01,policy_comment,,Older adults with chronic conditions,4,2024
ESP,2025-01-01,policy_comment,,Other groups,4,2024
ESP,2025-01-01,policy_revacc,,Other groups,4,2024
ESP,2025-01-01,policy_revacc_interval,,Adults,4,2024
ESP,2025-01-01,policy_revacc_interval,,Children & adolescents,4,2024
ESP,2025-01-01,policy_revacc_interval,,Other groups,4,2024
ESP,2024-10-01,status_product_use,YES,PFI-COJN-1,3,2024
ESP,2024-10-01,status_product_use,YES,PFI-COKP-1,3,2024
ESP,2024-10-01,date_product_start,2024-09-15T00:00:00Z,PFI-COJN-1,3,2024
ESP,2024-10-01,date_product_start,2024-10-15T00:00:00Z,PFI-COKP-1,3,2024
ESP,2024-10-01,status_product_use,NO,MOC-MRNA-1273-1,3,2024
ESP,2024-10-01,status_product_use,NO,JAP-AD26-COV-2.5-1,3,2024
ESP,2024-10-01,status_product_use,NO,PFI-COMIRNATY-1,3,2024
ESP,2024-10-01,status_product_use,NO,NOV-COVAX-1,3,2024
ESP,2024-10-01,status_product_use,NO,PFI-CBOOB1-2,3,2024
ESP,2024-10-01,status_product_use,NO,ASZ-AZD1222-1,3,2024
ESP,2024-10-01,status_product_use,YES,PFI-COXBB-1,3,2024
ESP,2024-10-01,status_product_use,YES,HIP-BIMERVAX-1,3,2024
ESP,2024-10-01,status_product_use,NO,MOC-SBOOB1-2,3,2024
ESP,2024-10-01,status_product_use,NO,MOC-SBOOB1-1,3,2024
ESP,2024-10-01,comment,None vaccine licensed/registered,MOC-MRNA-1273-1,3,2024
ESP,2024-10-01,comment,None vaccine license/registered,PFI-COMIRNATY-1,3,2024
ESP,2024-10-01,date_product_start,2021-01-14T00:00:00Z,MOC-MRNA-1273-1,3,2024
ESP,2024-10-01,date_product_start,2021-04-22T00:00:00Z,JAP-AD26-COV-2.5-1,3,2024
ESP,2024-10-01,date_product_start,2021-03-27T00:00:00Z,PFI-COMIRNATY-1,3,2024
ESP,2024-10-01,date_product_start,2022-03-05T00:00:00Z,NOV-COVAX-1,3,2024
ESP,2024-10-01,date_product_start,2022-09-26T00:00:00Z,PFI-CBOOB1-2,3,2024
ESP,2024-10-01,date_product_start,2021-02-09T00:00:00Z,ASZ-AZD1222-1,3,2024
ESP,2024-10-01,date_product_start,2023-09-15T00:00:00Z,PFI-COXBB-1,3,2024
ESP,2024-10-01,date_product_start,2023-09-15T00:00:00Z,HIP-BIMERVAX-1,3,2024
ESP,2024-10-01,date_product_start,2023-01-18T00:00:00Z,MOC-SBOOB1-2,3,2024
ESP,2024-10-01,date_product_start,2022-09-26T00:00:00Z,MOC-SBOOB1-1,3,2024
ESP,2024-07-01,policy_revacc_interval,1 year,Older adults,2,2024
ESP,2024-07-01,policy_revacc_interval,1 year,Older adults with chronic conditions,2,2024
ESP,2024-07-01,policy_revacc_interval,1 year,Adults with chronic conditions,2,2024
ESP,2024-07-01,policy_revacc_interval,1 year,Pregnant women,2,2024
ESP,2024-07-01,policy_revacc_interval,1 year,Health and care workers,2,2024
ESP,2024-07-01,policy_revacc_interval,1 year,Children & adolescents,2,2024
ESP,2024-07-01,policy_revacc_interval,1 year,Child. & ado. with chronic conditions,2,2024
ESP,2024-07-01,policy_revacc_interval,1 year,Other groups,2,2024
ESP,2024-07-01,policy_comment,Only high risk children and adolescents,Children & adolescents,2,2024
ESP,2024-07-01,policy_comment,LTCF and cohabitants (of high risk groups),Other groups,2,2024
ESP,2024-07-01,policy_revacc,YES,Older adults,2,2024
ESP,2024-07-01,policy_revacc,YES,Older adults with chronic conditions,2,2024
ESP,2024-07-01,policy_revacc,NO,Adults,2,2024
ESP,2024-07-01,policy_revacc,YES,Adults with chronic conditions,2,2024
ESP,2024-07-01,policy_revacc,YES,Pregnant women,2,2024
ESP,2024-07-01,policy_revacc,YES,Health and care workers,2,2024
ESP,2024-07-01,policy_revacc,NO,Children & adolescents,2,2024
ESP,2024-07-01,policy_revacc,YES,Child. & ado. with chronic conditions,2,2024
ESP,2024-07-01,policy_revacc,YES,Other groups,2,2024
ESP,2024-07-01,policy_vacc,YES,Older adults,2,2024
ESP,2024-07-01,policy_vacc,YES,Older adults with chronic conditions,2,2024
ESP,2024-07-01,policy_vacc,NO,Adults,2,2024
ESP,2024-07-01,policy_vacc,YES,Adults with chronic conditions,2,2024
ESP,2024-07-01,policy_vacc,YES,Pregnant women,2,2024
ESP,2024-07-01,policy_vacc,YES,Health and care workers,2,2024
ESP,2024-07-01,policy_vacc,NO,Children & adolescents,2,2024
ESP,2024-07-01,policy_vacc,YES,Child. & ado. with chronic conditions,2,2024
ESP,2024-07-01,policy_vacc,YES,Other groups,2,2024
ESP,2025-01-01,policy_comment,from 60 years of age,Older adults,4,2024
ESP,2025-01-01,policy_comment,autumn seasonal vaccination,Pregnant women,4,2024
ESP,2025-01-01,policy_comment,autumn seasonal vaccination,Health and care workers,4,2024
ESP,2025-01-01,policy_comment,from 12 years of age,Child. & ado. with chronic conditions,4,2024
ESP,2025-01-01,policy_revacc_interval,12_MONTHS,Older adults,4,2024
ESP,2025-01-01,policy_revacc_interval,12_MONTHS,Older adults with chronic conditions,4,2024
ESP,2025-01-01,policy_revacc_interval,12_MONTHS,Adults with chronic conditions,4,2024
ESP,2025-01-01,policy_revacc_interval,12_MONTHS,Pregnant women,4,2024
ESP,2025-01-01,policy_revacc_interval,12_MONTHS,Health and care workers,4,2024
ESP,2025-01-01,policy_revacc_interval,12_MONTHS,Child. & ado. with chronic conditions,4,2024
ESP,2025-01-01,policy_revacc,YES,Older adults,4,2024
ESP,2025-01-01,policy_revacc,YES,Older adults with chronic conditions,4,2024
ESP,2025-01-01,policy_revacc,NO,Adults,4,2024
ESP,2025-01-01,policy_revacc,YES,Adults with chronic conditions,4,2024
ESP,2025-01-01,policy_revacc,YES,Pregnant women,4,2024
ESP,2025-01-01,policy_revacc,YES,Health and care workers,4,2024
ESP,2025-01-01,policy_revacc,NO,Children & adolescents,4,2024
ESP,2025-01-01,policy_revacc,YES,Child. & ado. with chronic conditions,4,2024
ESP,2025-01-01,policy_vacc,YES,Older adults,4,2024
ESP,2025-01-01,policy_vacc,YES,Older adults with chronic conditions,4,2024
ESP,2025-01-01,policy_vacc,YES,Adults,4,2024
ESP,2025-01-01,policy_vacc,YES,Adults with chronic conditions,4,2024
ESP,2025-01-01,policy_vacc,YES,Pregnant women,4,2024
ESP,2025-01-01,policy_vacc,YES,Health and care workers,4,2024
ESP,2025-01-01,policy_vacc,NO,Children & adolescents,4,2024
ESP,2025-01-01,policy_vacc,YES,Child. & ado. with chronic conditions,4,2024
ESP,2025-01-01,policy_vacc,NO,Other groups,4,2024
ESP,2024-07-01,date_product_start,2021-01-14T00:00:00Z,MOC-MRNA-1273-1,2,2024
ESP,2024-07-01,date_product_start,2021-04-22T00:00:00Z,JAP-AD26-COV-2.5-1,2,2024
ESP,2024-07-01,date_product_start,2021-03-27T00:00:00Z,PFI-COMIRNATY-1,2,2024
ESP,2024-07-01,date_product_start,2022-03-05T00:00:00Z,NOV-COVAX-1,2,2024
ESP,2024-07-01,date_product_start,2022-09-26T00:00:00Z,PFI-CBOOB1-2,2,2024
ESP,2024-07-01,date_product_start,2021-02-09T00:00:00Z,ASZ-AZD1222-1,2,2024
ESP,2024-07-01,date_product_start,2023-09-15T00:00:00Z,PFI-COXBB-1,2,2024
ESP,2024-07-01,date_product_start,2023-09-15T00:00:00Z,HIP-BIMERVAX-1,2,2024
ESP,2024-07-01,date_product_start,2023-01-18T00:00:00Z,MOC-SBOOB1-2,2,2024
ESP,2024-07-01,date_product_start,2022-09-26T00:00:00Z,MOC-SBOOB1-1,2,2024
ESP,2024-07-01,status_product_use,NO,MOC-MRNA-1273-1,2,2024
ESP,2024-07-01,status_product_use,NO,JAP-AD26-COV-2.5-1,2,2024
ESP,2024-07-01,status_product_use,NO,PFI-COMIRNATY-1,2,2024
ESP,2024-07-01,status_product_use,NO,NOV-COVAX-1,2,2024
ESP,2024-07-01,status_product_use,NO,PFI-CBOOB1-2,2,2024
ESP,2024-07-01,status_product_use,NO,ASZ-AZD1222-1,2,2024
ESP,2024-07-01,status_product_use,YES,PFI-COXBB-1,2,2024
ESP,2024-07-01,status_product_use,YES,HIP-BIMERVAX-1,2,2024
ESP,2024-07-01,status_product_use,NO,MOC-SBOOB1-2,2,2024
ESP,2024-07-01,status_product_use,NO,MOC-SBOOB1-1,2,2024
ESP,2024-07-01,comment,None vaccine licensed/registered,MOC-MRNA-1273-1,2,2024
ESP,2024-07-01,comment,None vaccine license/registered,PFI-COMIRNATY-1,2,2024
ESP,2024-04-01,policy_vacc,YES,Older adults,1,2024
ESP,2024-04-01,policy_vacc,YES,Older adults with chronic conditions,1,2024
ESP,2024-04-01,policy_vacc,NO,Adults,1,2024
ESP,2024-04-01,policy_vacc,YES,Adults with chronic conditions,1,2024
ESP,2024-04-01,policy_vacc,YES,Pregnant women,1,2024
ESP,2024-04-01,policy_vacc,YES,Health and care workers,1,2024
ESP,2024-04-01,policy_vacc,NO,Children & adolescents,1,2024
ESP,2024-04-01,policy_vacc,YES,Child. & ado. with chronic conditions,1,2024
ESP,2024-04-01,policy_vacc,YES,Other groups,1,2024
ESP,2024-04-01,policy_revacc,YES,Older adults,1,2024
ESP,2024-04-01,policy_revacc,YES,Older adults with chronic conditions,1,2024
ESP,2024-04-01,policy_revacc,NO,Adults,1,2024
ESP,2024-04-01,policy_revacc,YES,Adults with chronic conditions,1,2024
ESP,2024-04-01,policy_revacc,YES,Pregnant women,1,2024
ESP,2024-04-01,policy_revacc,YES,Health and care workers,1,2024
ESP,2024-04-01,policy_revacc,NO,Children & adolescents,1,2024
ESP,2024-04-01,policy_revacc,YES,Child. & ado. with chronic conditions,1,2024
ESP,2024-04-01,policy_revacc,YES,Other groups,1,2024
ESP,2024-04-01,policy_revacc_interval,1 year,Older adults,1,2024
ESP,2024-04-01,policy_revacc_interval,1 year,Older adults with chronic conditions,1,2024
ESP,2024-04-01,policy_revacc_interval,1 year,Adults with chronic conditions,1,2024
ESP,2024-04-01,policy_revacc_interval,1 year,Pregnant women,1,2024
ESP,2024-04-01,policy_revacc_interval,1 year,Health and care workers,1,2024
ESP,2024-04-01,policy_revacc_interval,1 year,Children & adolescents,1,2024
ESP,2024-04-01,policy_revacc_interval,1 year,Child. & ado. with chronic conditions,1,2024
ESP,2024-04-01,policy_revacc_interval,1 year,Other groups,1,2024
ESP,2024-04-01,policy_comment,Only high risk children and adolescents,Children & adolescents,1,2024
ESP,2024-04-01,policy_comment,LTCF and cohabitants (of high risk groups),Other groups,1,2024
ESP,2024-04-01,comment,None vaccine licensed/registered,MOC-MRNA-1273-1,1,2024
ESP,2024-04-01,comment,None vaccine license/registered,PFI-COMIRNATY-1,1,2024
ESP,2024-04-01,date_product_start,2021-01-14T00:00:00Z,MOC-MRNA-1273-1,1,2024
ESP,2024-04-01,date_product_start,2021-04-22T00:00:00Z,JAP-AD26-COV-2.5-1,1,2024
ESP,2024-04-01,date_product_start,2021-03-27T00:00:00Z,PFI-COMIRNATY-1,1,2024
ESP,2024-04-01,date_product_start,2022-03-05T00:00:00Z,NOV-COVAX-1,1,2024
ESP,2024-04-01,date_product_start,2022-09-26T00:00:00Z,PFI-CBOOB1-2,1,2024
ESP,2024-04-01,date_product_start,2021-02-09T00:00:00Z,ASZ-AZD1222-1,1,2024
ESP,2024-04-01,date_product_start,2023-09-15T00:00:00Z,PFI-COXBB-1,1,2024
ESP,2024-04-01,date_product_start,2023-09-15T00:00:00Z,HIP-BIMERVAX-1,1,2024
ESP,2024-04-01,date_product_start,2023-01-18T00:00:00Z,MOC-SBOOB1-2,1,2024
ESP,2024-04-01,date_product_start,2022-09-26T00:00:00Z,MOC-SBOOB1-1,1,2024
ESP,2024-04-01,status_product_use,NO,MOC-MRNA-1273-1,1,2024
ESP,2024-04-01,status_product_use,NO,JAP-AD26-COV-2.5-1,1,2024
ESP,2024-04-01,status_product_use,NO,PFI-COMIRNATY-1,1,2024
ESP,2024-04-01,status_product_use,NO,NOV-COVAX-1,1,2024
ESP,2024-04-01,status_product_use,NO,PFI-CBOOB1-2,1,2024
ESP,2024-04-01,status_product_use,NO,ASZ-AZD1222-1,1,2024
ESP,2024-04-01,status_product_use,YES,PFI-COXBB-1,1,2024
ESP,2024-04-01,status_product_use,YES,HIP-BIMERVAX-1,1,2024
ESP,2024-04-01,status_product_use,NO,MOC-SBOOB1-2,1,2024
ESP,2024-04-01,status_product_use,NO,MOC-SBOOB1-1,1,2024
ESP,2024-10-01,policy_vacc,YES,Older adults,3,2024
ESP,2024-10-01,policy_vacc,YES,Older adults with chronic conditions,3,2024
ESP,2024-10-01,policy_vacc,NO,Adults,3,2024
ESP,2024-10-01,policy_vacc,YES,Adults with chronic conditions,3,2024
ESP,2024-10-01,policy_vacc,YES,Pregnant women,3,2024
ESP,2024-10-01,policy_vacc,YES,Health and care workers,3,2024
ESP,2024-10-01,policy_vacc,NO,Children & adolescents,3,2024
ESP,2024-10-01,policy_vacc,YES,Child. & ado. with chronic conditions,3,2024
ESP,2024-10-01,policy_vacc,YES,Other groups,3,2024
ESP,2024-10-01,policy_revacc,YES,Older adults,3,2024
ESP,2024-10-01,policy_revacc,YES,Older adults with chronic conditions,3,2024
ESP,2024-10-01,policy_revacc,NO,Adults,3,2024
ESP,2024-10-01,policy_revacc,YES,Adults with chronic conditions,3,2024
ESP,2024-10-01,policy_revacc,YES,Pregnant women,3,2024
ESP,2024-10-01,policy_revacc,YES,Health and care workers,3,2024
ESP,2024-10-01,policy_revacc,NO,Children & adolescents,3,2024
ESP,2024-10-01,policy_revacc,YES,Child. & ado. with chronic conditions,3,2024
ESP,2024-10-01,policy_revacc,YES,Other groups,3,2024
ESP,2024-10-01,policy_revacc_interval,1 year,Older adults,3,2024
ESP,2024-10-01,policy_revacc_interval,1 year,Older adults with chronic conditions,3,2024
ESP,2024-10-01,policy_revacc_interval,1 year,Adults with chronic conditions,3,2024
ESP,2024-10-01,policy_revacc_interval,1 year,Pregnant women,3,2024
ESP,2024-10-01,policy_revacc_interval,1 year,Health and care workers,3,2024
ESP,2024-10-01,policy_revacc_interval,1 year,Children & adolescents,3,2024
ESP,2024-10-01,policy_revacc_interval,1 year,Child. & ado. with chronic conditions,3,2024
ESP,2024-10-01,policy_revacc_interval,1 year,Other groups,3,2024
ESP,2024-10-01,policy_comment,Only high risk children and adolescents,Children & adolescents,3,2024
ESP,2024-10-01,policy_comment,LTCF and cohabitants (of high risk groups),Other groups,3,2024
GNB,2024-04-01,policy_comment,a dose unica para o reforço e de dois a seis meses,Older adults,1,2024
GNB,2024-04-01,policy_comment,o intervalo e de dois a seis meses apos a dose única,Older adults with chronic conditions,1,2024
GNB,2024-04-01,policy_comment,o intervalo e de  dois a seis meses apos a dose unica,Adults,1,2024
GNB,2024-04-01,policy_comment,o intervalo do primeiro reforço e de dois a três meses e  segundo reforço de quaro a seis meses,Adults with chronic conditions,1,2024
GNB,2024-04-01,policy_comment,"segundo diretrizes da OMS, e recomendado que as gravidas deve ser imunizada apartir do terceiro trimestre",Pregnant women,1,2024
GNB,2024-04-01,policy_comment,"Segundo diretrizes de OMS ,o intervalo e de dois a três meses primeiro reforço apo a primo vacinação e dose de reforço e de quatro a seis meses",Health and care workers,1,2024
GNB,2024-04-01,policy_revacc_interval,o intervalo e de dois a seis meses,Older adults,1,2024
GNB,2024-04-01,policy_revacc_interval,o intervalo e de dois a seis meses,Older adults with chronic conditions,1,2024
GNB,2024-04-01,policy_revacc_interval,o intervalo e de  dois a seis meses,Adults,1,2024
GNB,2024-04-01,policy_revacc_interval,o intervalo e de dois a seis masses,Adults with chronic conditions,1,2024
GNB,2024-04-01,policy_revacc_interval,o intervalo e de quatro a seis meses,Pregnant women,1,2024
GNB,2024-04-01,policy_revacc_interval,o intervalo e de dois a seis meses apos a primo vacinaçao,Health and care workers,1,2024
GNB,2024-04-01,policy_revacc,YES,Older adults,1,2024
GNB,2024-04-01,policy_revacc,YES,Older adults with chronic conditions,1,2024
GNB,2024-04-01,policy_revacc,YES,Adults,1,2024
GNB,2024-04-01,policy_revacc,YES,Adults with chronic conditions,1,2024
GNB,2024-04-01,policy_revacc,YES,Pregnant women,1,2024
GNB,2024-04-01,policy_revacc,YES,Health and care workers,1,2024
GNB,2024-04-01,policy_vacc,YES,Older adults,1,2024
GNB,2024-04-01,policy_vacc,YES,Older adults with chronic conditions,1,2024
GNB,2024-04-01,policy_vacc,YES,Adults,1,2024
GNB,2024-04-01,policy_vacc,YES,Adults with chronic conditions,1,2024
GNB,2024-04-01,policy_vacc,YES,Pregnant women,1,2024
GNB,2024-04-01,policy_vacc,YES,Health and care workers,1,2024
GNB,2025-01-01,policy_vacc,YES,Older adults,4,2024
GNB,2025-01-01,policy_comment,"A recomendação de doses de reforça e mais para pessoas idosas, técnico de saúde e pessoas com problemas de saude",Older adults,4,2024
GNB,2025-01-01,policy_revacc_interval,6_MONTHS,Older adults,4,2024
GNB,2025-01-01,policy_revacc,YES,Older adults,4,2024
GNB,2024-04-01,comment,a última campanha foi no mês de setembro 2023,JAP-AD26-COV-2.5-1,1,2024
GNB,2024-04-01,status_product_use,NO,ASZ-AZD1222-1,1,2024
GNB,2024-04-01,status_product_use,NO,OTHER,1,2024
GNB,2024-04-01,status_product_use,YES,JAP-AD26-COV-2.5-1,1,2024
GNB,2024-04-01,date_product_start,2021-04-02T00:00:00Z,ASZ-AZD1222-1,1,2024
GNB,2024-04-01,date_product_start,2021-07-07T00:00:00Z,OTHER,1,2024
GNB,2024-04-01,date_product_start,2021-07-07T10:30:12Z,JAP-AD26-COV-2.5-1,1,2024
GNB,2025-01-01,policy_comment,,Adults,4,2024
GNB,2025-01-01,policy_comment,,Adults with chronic conditions,4,2024
GNB,2025-01-01,policy_comment,,Child. & ado. with chronic conditions,4,2024
GNB,2025-01-01,policy_comment,,Children & adolescents,4,2024
GNB,2025-01-01,policy_comment,,Health and care workers,4,2024
GNB,2025-01-01,policy_comment,,Older adults with chronic conditions,4,2024
GNB,2025-01-01,policy_comment,,Other groups,4,2024
GNB,2025-01-01,policy_comment,,Pregnant women,4,2024
GNB,2025-01-01,policy_revacc,,Adults,4,2024
GNB,2025-01-01,policy_revacc,,Adults with chronic conditions,4,2024
GNB,2025-01-01,policy_revacc,,Child. & ado. with chronic conditions,4,2024
GNB,2025-01-01,policy_revacc,,Children & adolescents,4,2024
GNB,2025-01-01,policy_revacc,,Health and care workers,4,2024
GNB,2025-01-01,policy_revacc,,Older adults with chronic conditions,4,2024
GNB,2025-01-01,policy_revacc,,Other groups,4,2024
GNB,2025-01-01,policy_revacc,,Pregnant women,4,2024
GNB,2025-01-01,policy_revacc_interval,,Adults,4,2024
GNB,2025-01-01,policy_revacc_interval,,Adults with chronic conditions,4,2024
GNB,2025-01-01,policy_revacc_interval,,Child. & ado. with chronic conditions,4,2024
GNB,2025-01-01,policy_revacc_interval,,Children & adolescents,4,2024
GNB,2025-01-01,policy_revacc_interval,,Health and care workers,4,2024
GNB,2025-01-01,policy_revacc_interval,,Older adults with chronic conditions,4,2024
GNB,2025-01-01,policy_revacc_interval,,Other groups,4,2024
GNB,2025-01-01,policy_revacc_interval,,Pregnant women,4,2024
GNB,2025-01-01,policy_vacc,,Adults,4,2024
GNB,2025-01-01,policy_vacc,,Adults with chronic conditions,4,2024
GNB,2025-01-01,policy_vacc,,Child. & ado. with chronic conditions,4,2024
GNB,2025-01-01,policy_vacc,,Children & adolescents,4,2024
GNB,2025-01-01,policy_vacc,,Health and care workers,4,2024
GNB,2025-01-01,policy_vacc,,Older adults with chronic conditions,4,2024
GNB,2025-01-01,policy_vacc,,Other groups,4,2024
GNB,2025-01-01,policy_vacc,,Pregnant women,4,2024
CIV,2025-01-01,policy_vacc,YES,Other groups,4,2024
CIV,2025-01-01,policy_vacc,YES,Older adults,4,2024
CIV,2025-01-01,policy_vacc,YES,Older adults with chronic conditions,4,2024
CIV,2025-01-01,policy_vacc,YES,Adults,4,2024
CIV,2025-01-01,policy_vacc,YES,Adults with chronic conditions,4,2024
CIV,2025-01-01,policy_vacc,YES,Pregnant women,4,2024
CIV,2025-01-01,policy_vacc,YES,Health and care workers,4,2024
CIV,2025-01-01,policy_vacc,YES,Children & adolescents,4,2024
CIV,2024-04-01,status_product_use,YES,PFI-COMIRNATY-1,1,2024
CIV,2024-04-01,status_product_use,YES,BIB-INAC-SARS2-1,1,2024
CIV,2024-04-01,status_product_use,YES,JAP-AD26-COV-2.5-1,1,2024
CIV,2024-04-01,status_product_use,NO,ASZ-AZD1222-R1,1,2024
CIV,2024-04-01,date_product_start,2021-06-01T00:00:00Z,PFI-COMIRNATY-1,1,2024
CIV,2024-04-01,date_product_start,2021-03-01T00:00:00Z,ASZ-AZD1222-R1,1,2024
CIV,2025-01-01,policy_vacc,YES,Child. & ado. with chronic conditions,4,2024
CIV,2025-01-01,policy_revacc,YES,Other groups,4,2024
CIV,2025-01-01,policy_revacc,YES,Older adults,4,2024
CIV,2025-01-01,policy_revacc,YES,Older adults with chronic conditions,4,2024
CIV,2025-01-01,policy_revacc,YES,Adults,4,2024
CIV,2025-01-01,policy_revacc,YES,Adults with chronic conditions,4,2024
CIV,2025-01-01,policy_revacc,YES,Pregnant women,4,2024
CIV,2025-01-01,policy_revacc,YES,Health and care workers,4,2024
CIV,2025-01-01,policy_revacc,YES,Children & adolescents,4,2024
CIV,2025-01-01,policy_revacc,YES,Child. & ado. with chronic conditions,4,2024
CIV,2025-01-01,policy_revacc_interval,OTHER,Other groups,4,2024
CIV,2025-01-01,policy_revacc_interval,6_MONTHS,Older adults,4,2024
CIV,2025-01-01,policy_revacc_interval,OTHER,Older adults with chronic conditions,4,2024
CIV,2025-01-01,policy_revacc_interval,OTHER,Adults,4,2024
CIV,2025-01-01,policy_revacc_interval,OTHER,Adults with chronic conditions,4,2024
CIV,2025-01-01,policy_revacc_interval,OTHER,Pregnant women,4,2024
CIV,2025-01-01,policy_revacc_interval,OTHER,Health and care workers,4,2024
CIV,2025-01-01,policy_revacc_interval,OTHER,Children & adolescents,4,2024
CIV,2025-01-01,policy_revacc_interval,OTHER,Child. & ado. with chronic conditions,4,2024
CIV,2025-01-01,policy_comment,"Selon les directives, Après la 1ère il faudrait administrer à tous ces autres groupes la 2e dose à : 8 semaines pour le Pfizer, 12 semaines pour l'Astrazéneca et 4 semaines pour le Sinopharm  et  le Johnson & Johnson  en une dose.  La dose de rappel ou booster est administrée 6 mois plutard après les doses primaires.",Other groups,4,2024
CIV,2025-01-01,policy_comment,"Directies pour l'Astrazéneca, 4 semaines pour le Sinopharm et  le Johnson & Johnson  en une dose.  la dose de rappel ou booster est administrée 6 mois plutard après les doses primaires.",Older adults,4,2024
CIV,2025-01-01,policy_comment,"Selon les directives, Après la 1ère il faudrait administrer aux personnes agées atteintes de maladies chronique la 2e dose à : 8 semaines pour le Pfizer, 12 semaines pour l'Astrazéneca, 4 semaines pour le Sinopharm et le Johnson & Johnson  en une dose.  la dose de rappel ou booster est administrée 6 mois plutard après les doses primaires.",Older adults with chronic conditions,4,2024
CIV,2025-01-01,policy_comment,"Selon les directives, Après la 1ère il faudrait administrer à tous les adultes la 2e dose à : 8 semaines pour le Pfizer, 12 semaines pour l'Astrazéneca, 4 semaines pour le Sinopharm et  le Johnson & Johnson  en une dose.  la dose de rappel ou booster est administrée 6 mois plutard après les doses primaires.",Adults,4,2024
CIV,2025-01-01,policy_comment,"Selon les directives, Après la 1ère il faudrait administer à tous les adultes la 2e dose à : 8 semaines pour le Pfizer, 12 semaines pour l'Astrazéneca,  4 semaines pour le Sinopharm et  le Johnson & Johnson  en une dose.  la dose de rappel ou booster est administrée 6 mois plutard après les doses primaires.",Adults with chronic conditions,4,2024
CIV,2025-01-01,policy_comment,"Selon les directives les femmes enceintes ont droit aux vaccins ARN, qui est le vaccin Pfizer avec un intervalle de 8 semaine après la 1ère dose et une dose de rappel 6 mois plutard.",Pregnant women,4,2024
CIV,2025-01-01,policy_comment,"Selon les directives, Après la 1ère il faudrait administer la 2e dose à : 8 semaines pour le Pfizer, 12 semaines pour Astrazénéca et  le Johnson & Johnson  en une dose.  La dose de rappel ou booster est administrée 6 mois plutard après les doses primaires.",Health and care workers,4,2024
CIV,2025-01-01,policy_comment,Les doses de vaccin Covid en vaccin Pfizer s'administraient aux adolescents de 12 à 17 ans avec une 2e dose à un intervalle de 8 semaines après la 1ère dose.,Children & adolescents,4,2024
CIV,2025-01-01,policy_comment,Les doses de vaccin Covid en vaccin Pfizer s'administraient aux adolescents de 12 à 17 ans atteints de maladies chronique avec une 2e dose à intervalle de 8 semaines après la 1ère dose.,Child. & ado. with chronic conditions,4,2024
CIV,2024-04-01,policy_comment,"Suite aux deux premières doses, elle pourra recevoir sa troisième dose (booster) 6 mois après, qui peut s'admistrer après l'accouchement.",Pregnant women,1,2024
CIV,2024-04-01,policy_comment,"Suite aux deux premières doses, il pourra recevoir sa troisième dose (booster) 6 mois après.",Health and care workers,1,2024
CIV,2024-04-01,policy_comment,"Les enfants et les adolescents (12 à 17 ans) adoptés comme cibles dans le pays, donc ceux-ci sont élligibles uniquement au vaccin Pfizer, ils reçoivent une dose unique.",Children & adolescents,1,2024
CIV,2024-04-01,policy_comment,"Les enfants et les adolescents atteints de maladies chroniques (12 à 17 ans) adoptés comme cibles dans le pays, donc ceux-ci sont élligibles uniquement au vaccin Pfizer, ils reçoivent une dose unique.",Child. & ado. with chronic conditions,1,2024
CIV,2024-04-01,policy_comment,"Aussi l'adulte peut recevoir une dose suivante (booster),  6 mois après les deux premières doses pour tous les types de vaccins utilisés par le pays.",Adults,1,2024
CIV,2024-04-01,policy_comment,"Aussi l'adulte atteinte de maladies chroniques peut recevoir une dose suivante (booster),  6 mois après les deux premières doses pour tous les types de vaccins utilisés par le pays.",Adults with chronic conditions,1,2024
CIV,2024-04-01,policy_comment,"Aussi la personne agée peut recevoir une dose suivante (booster),  6 mois après les deux premières doses pour tous les types de vaccins utilisés par le pays.",Older adults,1,2024
CIV,2024-04-01,policy_comment,"Aussi la personnes agée atteintes de maladies chroniques peut recevoir une dose suivante (booster),  6 mois après les deux premières doses pour tous les types de vaccins utilisés par le pays.",Older adults with chronic conditions,1,2024
CIV,2024-04-01,policy_revacc_interval,"La femme enceinte est élligible uniquement au vaccin Pfizer, après la première dose 8 semaines après elle a doit à une deuxième dose.",Pregnant women,1,2024
CIV,2024-04-01,policy_revacc_interval,"L'intervalle est selon le vaccin adminitré à l'agent de santé et de soins: si Astrazeneca 12 semaines après la première dose, si Pfizer 8 semaines après la première dose, si Johnson & Johnson 6 mois après la première dose, si Sinopharm 4 semaines après la première dose.",Health and care workers,1,2024
CIV,2024-04-01,policy_revacc_interval,"L'intervalle est selon le vaccin adminitré à l'adulte: si Astrazeneca 12 semaines après la première dose, si Pfizer 8 semaines après la première dose, si Johnson & Johnson 6 mois après la première dose, si Sinopharm 4 semaines après la première dose.",Adults,1,2024
CIV,2024-04-01,policy_revacc_interval,"L'intervalle est selon le vaccin adminitré à l'adulte atteinte de maladies chroniques: si Astrazeneca 12 semaines après la première dose, si Pfizer 8 semaines après la première dose, si Johnson & Johnson 6 mois après la première dose, si Sinopharm 4 semaines après la première dose.",Adults with chronic conditions,1,2024
CIV,2024-04-01,policy_revacc_interval,"L'intervalle est selon le vaccin adminitré à la personne agée: si Astrazeneca 12 semaines après la première dose, si Pfizer 8 semaines après la première dose, si Johnson & Johnson 6 mois après la première dose, si Sinopharm 4 semaines après la première dose.",Older adults,1,2024
CIV,2024-04-01,policy_revacc_interval,"L'intervalle est selon le vaccin adminitré à la personne agée atteintes de maladies chroniques: si Astrazeneca 12 semaines après la première dose, si Pfizer 8 semaines après la première dose, si Johnson & Johnson 6 mois après la première dose, si Sinopharm 4 semaines après la première dose.",Older adults with chronic conditions,1,2024
CIV,2024-04-01,policy_revacc,YES,Pregnant women,1,2024
CIV,2024-04-01,policy_revacc,YES,Health and care workers,1,2024
CIV,2024-04-01,policy_revacc,YES,Children & adolescents,1,2024
CIV,2024-04-01,policy_revacc,YES,Child. & ado. with chronic conditions,1,2024
CIV,2024-04-01,policy_revacc,YES,Adults,1,2024
CIV,2024-04-01,policy_revacc,YES,Adults with chronic conditions,1,2024
CIV,2024-04-01,policy_revacc,YES,Older adults,1,2024
CIV,2024-04-01,policy_revacc,YES,Older adults with chronic conditions,1,2024
CIV,2024-04-01,policy_vacc,YES,Pregnant women,1,2024
CIV,2024-04-01,policy_vacc,YES,Health and care workers,1,2024
CIV,2024-04-01,policy_vacc,YES,Children & adolescents,1,2024
CIV,2024-04-01,policy_vacc,YES,Child. & ado. with chronic conditions,1,2024
CIV,2024-04-01,policy_vacc,YES,Adults,1,2024
CIV,2024-04-01,policy_vacc,YES,Adults with chronic conditions,1,2024
CIV,2024-04-01,policy_vacc,YES,Older adults,1,2024
CIV,2024-04-01,policy_vacc,YES,Older adults with chronic conditions,1,2024
GNQ,2025-01-01,policy_comment,,Adults,4,2024
GNQ,2025-01-01,policy_comment,,Adults with chronic conditions,4,2024
GNQ,2025-01-01,policy_comment,,Child. & ado. with chronic conditions,4,2024
GNQ,2025-01-01,policy_comment,,Children & adolescents,4,2024
GNQ,2025-01-01,policy_comment,,Health and care workers,4,2024
GNQ,2025-01-01,policy_comment,,Older adults,4,2024
GNQ,2025-01-01,policy_comment,,Older adults with chronic conditions,4,2024
GNQ,2025-01-01,policy_comment,,Other groups,4,2024
GNQ,2025-01-01,policy_comment,,Pregnant women,4,2024
GNQ,2025-01-01,policy_revacc,,Adults,4,2024
GNQ,2025-01-01,policy_revacc,,Adults with chronic conditions,4,2024
GNQ,2025-01-01,policy_revacc,,Child. & ado. with chronic conditions,4,2024
GNQ,2025-01-01,policy_revacc,,Children & adolescents,4,2024
GNQ,2025-01-01,policy_revacc,,Health and care workers,4,2024
GNQ,2025-01-01,policy_revacc,,Older adults,4,2024
GNQ,2025-01-01,policy_revacc,,Older adults with chronic conditions,4,2024
GNQ,2025-01-01,policy_revacc,,Other groups,4,2024
GNQ,2025-01-01,policy_revacc,,Pregnant women,4,2024
GNQ,2025-01-01,policy_revacc_interval,,Adults,4,2024
GNQ,2025-01-01,policy_revacc_interval,,Adults with chronic conditions,4,2024
GNQ,2025-01-01,policy_revacc_interval,,Child. & ado. with chronic conditions,4,2024
GNQ,2025-01-01,policy_revacc_interval,,Children & adolescents,4,2024
GNQ,2025-01-01,policy_revacc_interval,,Health and care workers,4,2024
GNQ,2025-01-01,policy_revacc_interval,,Older adults,4,2024
GNQ,2025-01-01,policy_revacc_interval,,Older adults with chronic conditions,4,2024
GNQ,2025-01-01,policy_revacc_interval,,Other groups,4,2024
GNQ,2025-01-01,policy_revacc_interval,,Pregnant women,4,2024
GNQ,2025-01-01,policy_vacc,,Adults,4,2024
GNQ,2025-01-01,policy_vacc,,Adults with chronic conditions,4,2024
GNQ,2025-01-01,policy_vacc,,Child. & ado. with chronic conditions,4,2024
GNQ,2025-01-01,policy_vacc,,Children & adolescents,4,2024
GNQ,2025-01-01,policy_vacc,,Health and care workers,4,2024
GNQ,2025-01-01,policy_vacc,,Older adults,4,2024
GNQ,2025-01-01,policy_vacc,,Older adults with chronic conditions,4,2024
GNQ,2025-01-01,policy_vacc,,Other groups,4,2024
GNQ,2025-01-01,policy_vacc,,Pregnant women,4,2024
EGY,2025-01-01,policy_comment,,Adults,4,2024
EGY,2025-01-01,policy_comment,,Adults with chronic conditions,4,2024
EGY,2025-01-01,policy_comment,,Child. & ado. with chronic conditions,4,2024
EGY,2025-01-01,policy_comment,,Children & adolescents,4,2024
EGY,2025-01-01,policy_comment,,Health and care workers,4,2024
EGY,2025-01-01,policy_comment,,Older adults,4,2024
EGY,2025-01-01,policy_comment,,Older adults with chronic conditions,4,2024
EGY,2025-01-01,policy_comment,,Other groups,4,2024
EGY,2025-01-01,policy_comment,,Pregnant women,4,2024
EGY,2025-01-01,policy_revacc,,Other groups,4,2024
EGY,2025-01-01,policy_revacc_interval,,Other groups,4,2024
EGY,2025-01-01,policy_vacc,,Other groups,4,2024
EGY,2025-01-01,policy_revacc_interval,OTHER,Older adults with chronic conditions,4,2024
EGY,2025-01-01,policy_revacc_interval,OTHER,Adults,4,2024
EGY,2025-01-01,policy_revacc_interval,OTHER,Adults with chronic conditions,4,2024
EGY,2025-01-01,policy_revacc_interval,OTHER,Pregnant women,4,2024
EGY,2025-01-01,policy_revacc_interval,OTHER,Health and care workers,4,2024
EGY,2025-01-01,policy_revacc_interval,OTHER,Children & adolescents,4,2024
EGY,2025-01-01,policy_revacc_interval,OTHER,Child. & ado. with chronic conditions,4,2024
EGY,2025-01-01,policy_revacc_interval,OTHER,Older adults,4,2024
EGY,2025-01-01,policy_vacc,YES,Older adults with chronic conditions,4,2024
EGY,2025-01-01,policy_vacc,YES,Adults,4,2024
EGY,2025-01-01,policy_vacc,YES,Adults with chronic conditions,4,2024
EGY,2025-01-01,policy_vacc,YES,Pregnant women,4,2024
EGY,2025-01-01,policy_vacc,YES,Health and care workers,4,2024
EGY,2025-01-01,policy_vacc,YES,Children & adolescents,4,2024
EGY,2025-01-01,policy_vacc,YES,Child. & ado. with chronic conditions,4,2024
EGY,2025-01-01,policy_vacc,YES,Older adults,4,2024
EGY,2025-01-01,policy_revacc,YES,Older adults with chronic conditions,4,2024
EGY,2025-01-01,policy_revacc,YES,Adults,4,2024
EGY,2025-01-01,policy_revacc,YES,Adults with chronic conditions,4,2024
EGY,2025-01-01,policy_revacc,YES,Pregnant women,4,2024
EGY,2025-01-01,policy_revacc,YES,Health and care workers,4,2024
EGY,2025-01-01,policy_revacc,YES,Children & adolescents,4,2024
EGY,2025-01-01,policy_revacc,YES,Child. & ado. with chronic conditions,4,2024
EGY,2025-01-01,policy_revacc,YES,Older adults,4,2024
